3,16,748.17,402.97,862.15,699.24,1,-1,-1,-1
3,19,612.17,450.22,692.44,647.00,1,-1,-1,-1
4,16,750.28,402.14,864.52,699.02,1,-1,-1,-1
4,19,610.02,450.74,690.07,647.00,1,-1,-1,-1
4,7,1259.51,403.30,1361.95,654.45,1,-1,-1,-1
4,3,693.84,451.58,767.33,633.98,1,-1,-1,-1
4,2,332.28,376.74,529.52,921.03,1,-1,-1,-1
5,16,752.24,401.62,866.62,698.86,1,-1,-1,-1
5,19,607.84,450.71,687.91,647.00,1,-1,-1,-1
5,7,1258.09,403.89,1360.02,653.81,1,-1,-1,-1
5,3,692.42,452.41,765.50,633.80,1,-1,-1,-1
5,2,331.11,376.70,528.50,921.40,1,-1,-1,-1
7,22,325.00,374.55,525.84,922.83,1,-1,-1,-1
7,21,692.45,453.00,764.77,634.78,1,-1,-1,-1
7,23,1248.31,402.22,1358.34,657.59,1,-1,-1,-1
7,20,601.58,451.00,684.63,649.57,1,-1,-1,-1
7,30,756.64,402.02,869.53,696.97,1,-1,-1,-1
8,22,322.57,374.28,524.34,923.93,1,-1,-1,-1
8,21,692.41,453.76,764.57,635.02,1,-1,-1,-1
8,23,1243.49,401.98,1354.05,658.14,1,-1,-1,-1
8,20,601.29,452.52,683.88,650.10,1,-1,-1,-1
8,30,757.15,402.05,870.08,696.91,1,-1,-1,-1
9,22,322.37,376.37,523.53,922.76,1,-1,-1,-1
9,21,692.25,454.03,764.43,635.32,1,-1,-1,-1
9,23,1241.02,401.92,1352.15,659.00,1,-1,-1,-1
9,20,597.07,453.01,679.68,650.95,1,-1,-1,-1
9,30,757.35,401.31,870.86,697.65,1,-1,-1,-1
10,22,322.43,377.77,523.34,921.60,1,-1,-1,-1
10,21,691.41,453.19,764.65,636.80,1,-1,-1,-1
10,23,1236.47,405.47,1346.88,659.96,1,-1,-1,-1
10,20,594.55,454.58,678.00,654.78,1,-1,-1,-1
10,30,757.44,401.77,871.01,697.91,1,-1,-1,-1
11,22,322.05,378.21,523.83,921.88,1,-1,-1,-1
11,21,691.04,452.35,764.87,637.10,1,-1,-1,-1
11,23,1233.67,406.03,1345.04,661.65,1,-1,-1,-1
11,20,593.45,455.10,677.06,656.07,1,-1,-1,-1
11,30,757.84,402.64,871.34,697.99,1,-1,-1,-1
12,22,321.06,376.26,524.97,923.37,1,-1,-1,-1
12,21,690.38,451.38,764.81,637.19,1,-1,-1,-1
12,23,1228.51,406.20,1340.52,662.21,1,-1,-1,-1
12,20,588.57,455.25,672.44,657.16,1,-1,-1,-1
12,30,761.33,403.63,874.95,698.71,1,-1,-1,-1
13,22,320.67,376.88,525.50,923.22,1,-1,-1,-1
13,21,690.10,451.71,764.15,636.52,1,-1,-1,-1
13,23,1226.05,406.23,1338.34,661.69,1,-1,-1,-1
13,20,586.67,455.28,670.32,657.49,1,-1,-1,-1
13,30,763.48,404.67,876.69,698.29,1,-1,-1,-1
14,22,315.78,376.41,521.71,923.15,1,-1,-1,-1
14,21,689.77,451.52,764.01,636.80,1,-1,-1,-1
14,23,1220.50,405.55,1333.65,662.14,1,-1,-1,-1
14,20,582.44,455.94,665.15,656.88,1,-1,-1,-1
14,30,765.04,405.71,877.82,698.12,1,-1,-1,-1
15,22,317.76,376.22,524.66,923.11,1,-1,-1,-1
15,21,686.82,451.86,759.89,634.63,1,-1,-1,-1
15,23,1217.73,405.28,1331.53,662.94,1,-1,-1,-1
15,20,579.96,456.48,662.84,657.83,1,-1,-1,-1
15,30,765.62,405.40,878.80,698.73,1,-1,-1,-1
15,24,610.55,456.24,688.87,649.29,1,-1,-1,-1
16,22,314.28,376.14,522.03,922.42,1,-1,-1,-1
16,21,686.16,451.92,758.95,634.87,1,-1,-1,-1
16,23,1212.80,402.49,1326.88,661.21,1,-1,-1,-1
16,20,705.88,459.38,771.82,620.19,1,-1,-1,-1
16,30,766.08,405.94,878.82,698.29,1,-1,-1,-1
16,24,582.19,457.62,661.47,654.01,1,-1,-1,-1
17,22,312.93,376.77,521.17,921.49,1,-1,-1,-1
17,21,685.47,451.94,758.45,635.62,1,-1,-1,-1
17,23,1206.73,401.44,1320.29,660.53,1,-1,-1,-1
17,20,734.69,458.56,797.42,611.60,1,-1,-1,-1
17,30,766.21,406.12,878.77,698.11,1,-1,-1,-1
17,24,571.90,458.11,651.00,654.98,1,-1,-1,-1
18,22,312.16,377.00,521.19,921.14,1,-1,-1,-1
18,21,685.27,451.95,758.25,635.90,1,-1,-1,-1
18,23,1203.54,401.06,1316.34,660.27,1,-1,-1,-1
18,20,743.25,458.34,805.12,609.14,1,-1,-1,-1
18,30,769.11,406.17,881.83,698.05,1,-1,-1,-1
18,24,568.71,458.93,646.84,654.51,1,-1,-1,-1
19,22,311.19,376.41,521.29,921.68,1,-1,-1,-1
19,21,685.07,451.96,757.69,635.34,1,-1,-1,-1
19,23,1198.99,400.92,1310.53,660.15,1,-1,-1,-1
19,20,757.78,458.80,817.74,604.94,1,-1,-1,-1
19,30,770.78,406.84,882.97,697.35,1,-1,-1,-1
19,24,564.83,459.88,642.13,654.22,1,-1,-1,-1
20,22,310.94,377.51,521.29,921.22,1,-1,-1,-1
20,21,684.92,452.63,756.95,634.46,1,-1,-1,-1
20,23,1193.86,402.87,1304.11,662.76,1,-1,-1,-1
20,20,745.47,457.41,808.28,609.15,1,-1,-1,-1
20,30,771.96,407.74,883.42,696.43,1,-1,-1,-1
20,24,562.98,458.86,640.70,655.35,1,-1,-1,-1
21,22,311.06,378.58,521.15,919.72,1,-1,-1,-1
21,21,684.49,453.55,756.41,634.79,1,-1,-1,-1
21,23,1188.41,404.27,1296.90,663.07,1,-1,-1,-1
21,20,744.66,453.75,808.61,607.44,1,-1,-1,-1
21,30,772.46,408.73,883.43,696.09,1,-1,-1,-1
21,24,562.11,458.46,639.95,656.37,1,-1,-1,-1
22,22,311.30,378.97,521.63,919.82,1,-1,-1,-1
22,21,684.15,453.89,755.78,634.26,1,-1,-1,-1
22,23,1186.78,406.13,1292.75,661.84,1,-1,-1,-1
22,20,744.41,452.46,808.88,606.91,1,-1,-1,-1
22,30,772.11,408.42,883.22,695.96,1,-1,-1,-1
22,24,558.70,458.29,636.40,656.69,1,-1,-1,-1
23,22,311.18,378.45,522.07,920.54,1,-1,-1,-1
23,21,684.30,454.02,755.97,634.72,1,-1,-1,-1
23,23,1182.54,407.49,1286.53,660.70,1,-1,-1,-1
23,20,743.68,451.33,808.96,607.49,1,-1,-1,-1
23,30,771.91,408.28,883.13,695.93,1,-1,-1,-1
23,24,557.04,457.54,634.93,657.40,1,-1,-1,-1
24,22,311.44,378.90,521.97,920.15,1,-1,-1,-1
24,21,684.01,454.06,755.76,634.90,1,-1,-1,-1
24,23,1181.00,407.98,1283.82,660.26,1,-1,-1,-1
24,20,743.10,450.92,808.77,607.79,1,-1,-1,-1
24,30,771.78,408.21,883.09,695.92,1,-1,-1,-1
24,24,557.10,457.91,634.39,656.95,1,-1,-1,-1
25,22,316.27,381.04,525.19,919.34,1,-1,-1,-1
25,21,684.03,454.73,755.60,634.97,1,-1,-1,-1
25,23,1175.92,407.48,1279.00,660.76,1,-1,-1,-1
25,20,742.26,450.13,808.82,608.65,1,-1,-1,-1
25,30,772.08,408.18,883.33,695.26,1,-1,-1,-1
25,24,553.50,458.04,630.57,656.73,1,-1,-1,-1
26,22,314.01,381.18,522.54,919.71,1,-1,-1,-1
26,21,681.61,455.64,752.69,634.33,1,-1,-1,-1
26,23,1173.25,407.28,1276.27,660.94,1,-1,-1,-1
26,20,745.08,450.51,811.27,607.71,1,-1,-1,-1
26,30,772.45,408.81,883.11,693.69,1,-1,-1,-1
26,24,551.58,458.08,628.95,657.92,1,-1,-1,-1
27,22,313.83,382.53,520.89,918.53,1,-1,-1,-1
27,21,680.63,455.97,751.04,632.76,1,-1,-1,-1
27,23,1167.96,406.53,1271.91,662.33,1,-1,-1,-1
27,20,746.37,451.35,812.21,607.42,1,-1,-1,-1
27,30,772.97,409.04,883.26,692.45,1,-1,-1,-1
27,24,550.98,458.75,628.07,658.33,1,-1,-1,-1
28,22,317.76,383.03,524.25,918.75,1,-1,-1,-1
28,21,680.26,456.09,750.48,632.17,1,-1,-1,-1
28,23,1165.89,407.56,1269.31,661.53,1,-1,-1,-1
28,20,746.22,451.01,812.17,607.37,1,-1,-1,-1
28,30,772.65,407.79,883.79,693.32,1,-1,-1,-1
28,24,547.30,459.00,624.44,658.44,1,-1,-1,-1
29,22,319.80,387.83,524.95,920.83,1,-1,-1,-1
29,21,679.69,455.45,750.75,633.29,1,-1,-1,-1
29,23,1161.04,408.60,1264.78,662.55,1,-1,-1,-1
29,20,746.42,454.22,812.26,610.05,1,-1,-1,-1
29,30,772.89,407.97,884.25,693.67,1,-1,-1,-1
29,24,545.62,459.08,623.14,659.11,1,-1,-1,-1
30,22,320.65,390.27,525.13,921.63,1,-1,-1,-1
30,21,679.05,455.21,750.66,634.38,1,-1,-1,-1
30,23,1157.95,409.65,1261.99,663.58,1,-1,-1,-1
30,20,742.47,454.76,808.73,611.76,1,-1,-1,-1
30,30,773.23,408.69,884.14,693.15,1,-1,-1,-1
30,24,544.77,461.08,622.63,661.97,1,-1,-1,-1
31,22,320.58,391.15,524.89,921.92,1,-1,-1,-1
31,21,678.46,457.09,750.37,636.78,1,-1,-1,-1
31,23,1153.50,410.69,1257.26,663.30,1,-1,-1,-1
31,20,744.58,454.97,810.87,612.43,1,-1,-1,-1
31,30,773.55,409.63,883.86,692.30,1,-1,-1,-1
31,24,544.35,461.83,622.24,663.02,1,-1,-1,-1
32,22,316.81,390.78,521.24,922.02,1,-1,-1,-1
32,21,678.34,458.46,750.20,637.68,1,-1,-1,-1
32,23,1150.54,410.40,1255.07,663.85,1,-1,-1,-1
32,20,745.31,455.70,811.55,613.35,1,-1,-1,-1
32,30,774.23,410.63,883.84,691.32,1,-1,-1,-1
32,24,540.74,462.76,618.65,663.37,1,-1,-1,-1
32,40,506.76,448.22,581.05,653.12,1,-1,-1,-1
33,22,315.38,390.59,519.86,922.72,1,-1,-1,-1
33,21,678.78,459.62,750.36,638.01,1,-1,-1,-1
33,23,1145.41,409.61,1251.28,665.36,1,-1,-1,-1
33,20,745.37,456.63,811.17,613.72,1,-1,-1,-1
33,30,778.05,411.66,887.53,691.64,1,-1,-1,-1
33,24,538.97,462.43,617.36,664.13,1,-1,-1,-1
33,40,507.40,448.73,581.48,653.34,1,-1,-1,-1
34,22,314.60,389.82,519.60,924.30,1,-1,-1,-1
34,21,679.06,460.71,750.35,638.12,1,-1,-1,-1
34,23,1142.72,411.28,1249.56,669.22,1,-1,-1,-1
34,20,745.27,456.31,811.63,615.18,1,-1,-1,-1
34,30,780.02,412.70,889.01,691.11,1,-1,-1,-1
34,24,538.44,462.29,617.03,664.37,1,-1,-1,-1
34,40,507.92,448.92,582.00,654.07,1,-1,-1,-1
35,22,314.20,388.85,519.64,925.54,1,-1,-1,-1
35,21,680.05,461.76,750.82,637.49,1,-1,-1,-1
35,23,1137.50,410.58,1245.50,671.98,1,-1,-1,-1
35,20,745.38,456.18,812.18,616.40,1,-1,-1,-1
35,30,784.86,413.07,894.03,690.92,1,-1,-1,-1
35,24,534.25,462.22,612.61,663.77,1,-1,-1,-1
35,40,507.65,451.84,581.87,657.84,1,-1,-1,-1
36,22,314.16,388.45,519.56,926.00,1,-1,-1,-1
36,21,679.50,461.46,750.62,637.90,1,-1,-1,-1
36,23,1135.49,412.93,1242.28,671.68,1,-1,-1,-1
36,20,745.38,456.78,812.29,617.51,1,-1,-1,-1
36,30,786.54,413.85,895.97,690.86,1,-1,-1,-1
36,24,532.70,462.18,611.18,664.17,1,-1,-1,-1
36,40,507.35,453.55,581.29,659.11,1,-1,-1,-1
37,22,314.30,388.95,518.74,924.84,1,-1,-1,-1
37,21,679.43,460.67,751.09,638.71,1,-1,-1,-1
37,23,1131.94,416.46,1236.23,670.20,1,-1,-1,-1
37,20,744.97,457.00,811.96,617.93,1,-1,-1,-1
37,30,787.83,414.13,897.26,690.19,1,-1,-1,-1
37,24,532.13,463.47,609.56,662.97,1,-1,-1,-1
37,40,507.39,454.43,581.55,660.58,1,-1,-1,-1
38,22,314.36,389.12,518.45,924.38,1,-1,-1,-1
38,21,682.66,459.70,754.62,637.68,1,-1,-1,-1
38,23,1126.95,418.43,1229.26,668.28,1,-1,-1,-1
38,20,744.83,460.38,811.05,619.39,1,-1,-1,-1
38,30,788.82,414.21,898.46,689.95,1,-1,-1,-1
38,24,532.23,464.61,608.25,661.16,1,-1,-1,-1
38,40,511.79,452.64,586.95,661.20,1,-1,-1,-1
39,22,313.46,386.52,519.29,926.84,1,-1,-1,-1
39,21,683.49,458.65,756.37,637.95,1,-1,-1,-1
39,23,1124.00,419.14,1225.38,667.54,1,-1,-1,-1
39,20,745.34,462.97,810.70,619.94,1,-1,-1,-1
39,30,792.32,415.55,901.65,689.21,1,-1,-1,-1
39,24,527.70,465.03,603.26,660.47,1,-1,-1,-1
39,40,512.50,453.11,587.97,662.55,1,-1,-1,-1
40,22,313.33,386.85,518.75,926.44,1,-1,-1,-1
40,21,683.95,455.62,757.53,636.06,1,-1,-1,-1
40,23,1119.76,420.03,1220.07,666.59,1,-1,-1,-1
40,20,744.98,463.25,810.37,620.12,1,-1,-1,-1
40,30,793.59,415.37,903.45,689.61,1,-1,-1,-1
40,24,521.08,459.85,598.58,660.20,1,-1,-1,-1
41,22,313.92,387.64,518.59,925.61,1,-1,-1,-1
41,21,684.82,454.47,758.56,634.68,1,-1,-1,-1
41,23,1116.65,417.66,1217.92,668.22,1,-1,-1,-1
41,20,745.29,463.33,810.39,619.51,1,-1,-1,-1
41,30,794.79,415.28,904.60,689.11,1,-1,-1,-1
41,24,519.37,463.17,595.60,660.10,1,-1,-1,-1
42,22,314.41,388.59,518.29,924.62,1,-1,-1,-1
42,21,685.47,454.04,759.26,633.51,1,-1,-1,-1
42,23,1111.76,417.42,1212.54,668.82,1,-1,-1,-1
42,20,745.38,463.33,810.37,619.27,1,-1,-1,-1
42,30,795.64,415.89,905.18,688.93,1,-1,-1,-1
42,24,519.67,465.78,594.49,659.39,1,-1,-1,-1
43,22,314.62,388.94,518.15,923.58,1,-1,-1,-1
43,21,690.27,455.21,762.88,630.42,1,-1,-1,-1
43,23,1106.44,417.30,1206.33,667.72,1,-1,-1,-1
43,20,744.57,458.67,811.14,618.51,1,-1,-1,-1
43,30,796.66,416.11,905.91,688.21,1,-1,-1,-1
43,24,519.48,467.42,593.30,659.12,1,-1,-1,-1
44,22,314.85,389.07,518.63,923.19,1,-1,-1,-1
44,21,692.09,455.67,764.87,629.94,1,-1,-1,-1
44,23,1103.46,416.57,1203.30,667.95,1,-1,-1,-1
44,20,744.10,457.57,810.91,618.21,1,-1,-1,-1
44,30,800.86,416.17,909.55,687.29,1,-1,-1,-1
44,24,519.37,466.68,593.12,659.02,1,-1,-1,-1
45,22,314.86,390.43,518.24,922.38,1,-1,-1,-1
45,21,697.09,456.52,769.85,629.11,1,-1,-1,-1
45,23,1099.04,416.29,1198.51,667.37,1,-1,-1,-1
45,20,744.23,455.84,811.77,618.76,1,-1,-1,-1
45,30,802.80,415.52,911.10,686.30,1,-1,-1,-1
45,24,519.81,467.04,592.75,658.33,1,-1,-1,-1
46,22,314.54,389.60,518.42,922.08,1,-1,-1,-1
46,21,699.72,458.83,771.55,627.50,1,-1,-1,-1
46,23,1096.44,416.17,1195.95,667.81,1,-1,-1,-1
46,20,744.11,455.84,810.93,617.65,1,-1,-1,-1
46,30,803.91,414.60,911.85,685.28,1,-1,-1,-1
46,24,520.00,467.16,592.11,657.40,1,-1,-1,-1
47,22,314.16,389.94,518.09,921.97,1,-1,-1,-1
47,21,703.86,459.03,776.27,626.92,1,-1,-1,-1
47,23,1091.19,416.12,1191.65,669.29,1,-1,-1,-1
47,20,744.37,455.20,810.91,617.22,1,-1,-1,-1
47,30,808.56,414.24,915.05,682.93,1,-1,-1,-1
47,24,520.37,467.86,591.74,657.06,1,-1,-1,-1
48,22,314.14,389.40,518.52,921.93,1,-1,-1,-1
48,21,706.72,461.09,778.56,626.07,1,-1,-1,-1
48,23,1084.40,414.77,1186.54,670.51,1,-1,-1,-1
48,20,740.44,453.64,807.65,617.72,1,-1,-1,-1
48,30,812.16,414.77,916.93,681.40,1,-1,-1,-1
48,24,520.46,467.43,591.79,656.94,1,-1,-1,-1
49,22,314.05,389.19,518.77,922.59,1,-1,-1,-1
49,21,710.97,460.51,784.11,626.45,1,-1,-1,-1
49,23,1081.66,415.58,1184.43,670.96,1,-1,-1,-1
49,20,591.35,462.26,665.30,644.15,1,-1,-1,-1
49,30,817.10,415.63,920.55,680.86,1,-1,-1,-1
49,24,519.10,467.77,590.22,656.72,1,-1,-1,-1
50,22,314.28,390.43,517.95,920.86,1,-1,-1,-1
50,21,713.30,460.29,787.25,625.95,1,-1,-1,-1
50,23,1080.07,415.22,1183.85,671.77,1,-1,-1,-1
50,20,536.23,466.08,611.80,653.31,1,-1,-1,-1
50,30,820.00,415.28,922.69,680.68,1,-1,-1,-1
51,22,314.41,390.22,518.27,920.87,1,-1,-1,-1
51,21,717.60,459.52,792.81,625.79,1,-1,-1,-1
51,23,1074.94,415.09,1179.89,672.73,1,-1,-1,-1
51,20,514.71,467.61,590.60,656.91,1,-1,-1,-1
51,30,824.52,415.14,926.52,681.31,1,-1,-1,-1
52,22,314.43,390.14,518.42,920.88,1,-1,-1,-1
52,21,719.09,458.56,795.48,625.75,1,-1,-1,-1
52,23,1072.58,415.03,1178.43,673.07,1,-1,-1,-1
52,20,507.63,468.83,583.04,658.19,1,-1,-1,-1
52,30,827.31,414.42,928.68,681.57,1,-1,-1,-1
53,22,314.31,390.10,518.60,920.90,1,-1,-1,-1
53,21,720.05,458.20,796.55,625.09,1,-1,-1,-1
53,23,1066.82,413.04,1174.47,674.50,1,-1,-1,-1
53,20,505.62,469.92,580.21,658.55,1,-1,-1,-1
53,30,829.89,415.47,929.76,681.69,1,-1,-1,-1
54,22,314.05,388.76,519.56,922.23,1,-1,-1,-1
54,21,724.20,456.74,801.58,625.52,1,-1,-1,-1
54,23,1064.73,412.94,1172.47,673.71,1,-1,-1,-1
54,20,505.62,470.95,579.06,657.92,1,-1,-1,-1
54,30,834.27,415.86,933.19,681.76,1,-1,-1,-1
55,22,317.94,388.25,523.84,922.74,1,-1,-1,-1
55,21,727.03,458.17,803.34,625.04,1,-1,-1,-1
55,23,1064.04,414.23,1171.25,673.39,1,-1,-1,-1
55,20,506.90,471.31,579.29,656.91,1,-1,-1,-1
55,30,836.53,416.67,934.34,681.80,1,-1,-1,-1
56,22,319.31,388.06,525.57,923.59,1,-1,-1,-1
56,21,731.00,457.39,807.51,624.88,1,-1,-1,-1
56,23,1060.02,414.73,1166.90,673.25,1,-1,-1,-1
56,20,507.92,472.07,579.32,656.42,1,-1,-1,-1
56,30,837.67,416.97,934.95,682.49,1,-1,-1,-1
57,22,320.04,388.65,525.97,923.25,1,-1,-1,-1
57,21,733.42,457.10,809.94,625.49,1,-1,-1,-1
57,23,1057.68,414.25,1164.34,673.18,1,-1,-1,-1
57,20,508.75,471.67,579.91,656.82,1,-1,-1,-1
57,30,841.57,416.41,938.81,683.42,1,-1,-1,-1
58,22,319.66,387.55,526.73,924.44,1,-1,-1,-1
58,21,738.44,457.00,815.12,626.40,1,-1,-1,-1
58,23,1052.82,413.41,1159.70,674.47,1,-1,-1,-1
58,20,509.52,470.83,580.51,656.90,1,-1,-1,-1
58,30,844.24,416.19,940.86,683.12,1,-1,-1,-1
59,22,319.59,386.48,527.57,925.54,1,-1,-1,-1
59,21,745.16,458.28,820.61,625.43,1,-1,-1,-1
59,23,1050.76,413.76,1156.43,674.29,1,-1,-1,-1
59,20,510.61,470.48,581.37,657.52,1,-1,-1,-1
59,30,845.59,416.10,941.77,683.67,1,-1,-1,-1
60,22,319.03,385.42,527.72,926.61,1,-1,-1,-1
60,21,748.30,458.77,823.18,625.07,1,-1,-1,-1
60,23,1046.37,417.19,1150.49,676.18,1,-1,-1,-1
60,20,511.55,470.33,581.89,657.70,1,-1,-1,-1
60,30,849.87,416.72,945.42,683.22,1,-1,-1,-1
60,24,720.53,457.31,785.21,626.60,1,-1,-1,-1
61,22,318.69,383.72,528.52,927.66,1,-1,-1,-1
61,21,750.86,460.28,823.84,623.61,1,-1,-1,-1
61,23,1040.24,414.52,1145.04,676.89,1,-1,-1,-1
61,20,512.79,471.57,581.84,657.05,1,-1,-1,-1
61,30,852.03,416.29,947.41,683.05,1,-1,-1,-1
61,24,726.80,456.92,792.09,625.59,1,-1,-1,-1
62,22,318.84,383.74,528.51,927.38,1,-1,-1,-1
62,21,755.32,460.84,827.64,623.74,1,-1,-1,-1
62,23,1038.09,418.12,1141.11,677.13,1,-1,-1,-1
62,20,514.32,472.68,582.04,656.08,1,-1,-1,-1
62,30,852.89,414.81,948.57,682.99,1,-1,-1,-1
62,24,728.24,456.78,793.90,624.56,1,-1,-1,-1
63,22,319.20,383.77,528.18,926.60,1,-1,-1,-1
63,21,757.90,460.38,829.90,623.81,1,-1,-1,-1
63,23,1033.19,417.50,1136.74,679.19,1,-1,-1,-1
63,20,508.48,473.25,576.33,657.00,1,-1,-1,-1
63,30,853.96,415.56,948.75,681.65,1,-1,-1,-1
63,24,724.70,456.09,791.02,624.25,1,-1,-1,-1
64,22,319.33,383.79,528.02,926.29,1,-1,-1,-1
64,21,762.20,461.52,833.14,623.18,1,-1,-1,-1
64,23,1031.15,419.24,1133.59,678.63,1,-1,-1,-1
64,30,857.34,413.20,952.29,679.16,1,-1,-1,-1
64,24,721.82,455.85,789.35,624.88,1,-1,-1,-1
65,22,320.02,381.84,527.31,922.86,1,-1,-1,-1
65,21,764.16,461.94,834.42,622.29,1,-1,-1,-1
65,23,1026.07,417.90,1129.06,679.05,1,-1,-1,-1
65,20,679.42,458.00,742.53,626.86,1,-1,-1,-1
65,30,859.98,411.66,954.72,676.91,1,-1,-1,-1
65,24,729.57,455.34,796.76,623.53,1,-1,-1,-1
66,22,319.85,379.13,527.44,922.89,1,-1,-1,-1
66,21,765.46,462.09,835.41,621.97,1,-1,-1,-1
66,23,1025.09,420.02,1126.70,677.87,1,-1,-1,-1
66,20,705.81,455.56,768.67,621.34,1,-1,-1,-1
66,30,864.20,411.09,958.87,675.42,1,-1,-1,-1
67,22,324.43,378.79,531.40,922.24,1,-1,-1,-1
67,21,766.31,462.13,836.53,622.53,1,-1,-1,-1
67,23,1023.17,417.50,1126.36,679.39,1,-1,-1,-1
67,20,712.83,456.81,776.42,622.28,1,-1,-1,-1
67,30,866.39,411.55,960.97,674.89,1,-1,-1,-1
68,22,326.49,379.35,532.55,922.00,1,-1,-1,-1
68,21,766.69,462.13,837.34,622.75,1,-1,-1,-1
68,23,1019.32,419.18,1122.34,680.61,1,-1,-1,-1
68,20,710.90,457.30,774.79,622.03,1,-1,-1,-1
68,30,867.90,411.74,962.20,674.05,1,-1,-1,-1
69,22,326.99,378.27,533.21,922.58,1,-1,-1,-1
69,21,769.67,462.13,840.58,622.84,1,-1,-1,-1
69,23,1017.33,419.16,1120.28,680.39,1,-1,-1,-1
69,20,709.12,457.52,773.54,622.69,1,-1,-1,-1
69,30,871.78,413.15,965.80,673.77,1,-1,-1,-1
70,22,327.37,377.88,533.21,922.81,1,-1,-1,-1
70,21,771.05,462.11,842.01,622.22,1,-1,-1,-1
70,23,1016.21,418.48,1119.47,680.29,1,-1,-1,-1
70,20,704.29,456.96,767.74,619.68,1,-1,-1,-1
70,30,872.86,413.69,966.67,673.02,1,-1,-1,-1
71,22,328.03,377.76,533.30,922.90,1,-1,-1,-1
71,21,771.63,462.10,842.30,620.67,1,-1,-1,-1
71,23,1013.18,418.63,1116.54,680.68,1,-1,-1,-1
71,20,701.60,457.45,764.25,617.95,1,-1,-1,-1
71,30,873.38,413.23,968.03,673.44,1,-1,-1,-1
72,22,328.43,377.73,533.13,922.94,1,-1,-1,-1
72,21,771.78,462.09,842.28,619.43,1,-1,-1,-1
72,23,1009.76,417.39,1113.41,681.02,1,-1,-1,-1
72,20,696.48,456.32,759.74,618.06,1,-1,-1,-1
72,30,873.14,412.40,968.80,673.62,1,-1,-1,-1
73,22,329.04,378.40,532.56,921.64,1,-1,-1,-1
73,21,772.16,462.74,842.46,618.99,1,-1,-1,-1
73,23,1005.58,419.15,1108.10,680.46,1,-1,-1,-1
73,20,692.90,455.25,756.70,618.16,1,-1,-1,-1
73,30,873.19,412.75,969.45,673.70,1,-1,-1,-1
74,22,328.87,378.01,532.03,921.15,1,-1,-1,-1
74,21,772.01,458.99,843.34,617.51,1,-1,-1,-1
74,23,999.57,419.11,1101.55,679.59,1,-1,-1,-1
74,20,691.56,455.54,755.18,617.59,1,-1,-1,-1
74,30,872.92,411.56,970.50,673.76,1,-1,-1,-1
75,22,328.89,377.88,531.72,920.31,1,-1,-1,-1
75,21,771.90,457.59,843.62,616.97,1,-1,-1,-1
75,23,996.05,419.09,1097.97,680.58,1,-1,-1,-1
75,20,686.57,453.67,751.43,618.76,1,-1,-1,-1
75,30,877.31,413.76,974.20,672.47,1,-1,-1,-1
76,22,324.83,377.18,527.70,920.00,1,-1,-1,-1
76,21,772.05,456.41,844.07,616.79,1,-1,-1,-1
76,23,990.90,418.42,1092.78,680.94,1,-1,-1,-1
76,20,684.09,454.32,748.48,618.57,1,-1,-1,-1
76,30,879.81,414.60,975.95,670.67,1,-1,-1,-1
77,22,322.84,376.93,525.96,919.90,1,-1,-1,-1
77,21,772.08,455.98,844.16,616.75,1,-1,-1,-1
77,23,984.60,413.54,1087.53,679.75,1,-1,-1,-1
77,20,682.78,454.59,746.83,618.55,1,-1,-1,-1
77,30,880.61,414.91,976.59,670.02,1,-1,-1,-1
78,22,322.11,376.19,525.95,920.53,1,-1,-1,-1
78,21,771.92,455.18,844.27,617.41,1,-1,-1,-1
78,23,981.63,414.33,1084.42,681.26,1,-1,-1,-1
78,20,679.47,457.36,740.93,615.92,1,-1,-1,-1
78,30,884.55,414.36,981.01,669.80,1,-1,-1,-1
79,22,321.83,376.59,525.32,919.46,1,-1,-1,-1
79,21,772.15,454.89,843.95,617.02,1,-1,-1,-1
79,23,976.87,415.97,1078.62,680.52,1,-1,-1,-1
79,20,680.62,457.28,741.72,614.91,1,-1,-1,-1
79,30,886.42,413.49,983.47,669.74,1,-1,-1,-1
80,22,321.67,376.09,525.82,919.72,1,-1,-1,-1
80,21,771.67,454.80,843.00,616.88,1,-1,-1,-1
80,23,970.28,412.64,1072.92,678.90,1,-1,-1,-1
80,30,887.24,412.49,984.78,669.73,1,-1,-1,-1
80,49,1819.69,412.98,1914.42,614.24,1,-1,-1,-1
81,22,321.30,375.26,526.34,920.49,1,-1,-1,-1
81,21,772.10,454.78,842.61,615.53,1,-1,-1,-1
81,23,967.45,414.69,1070.09,680.27,1,-1,-1,-1
81,30,891.33,410.80,988.61,667.11,1,-1,-1,-1
81,49,1811.72,410.66,1908.23,615.55,1,-1,-1,-1
82,22,321.22,375.61,526.50,920.13,1,-1,-1,-1
82,21,772.02,454.80,842.00,615.03,1,-1,-1,-1
82,23,962.32,415.48,1065.49,680.79,1,-1,-1,-1
82,30,893.34,409.50,990.10,665.48,1,-1,-1,-1
82,49,1808.80,409.20,1906.13,615.98,1,-1,-1,-1
83,22,321.87,374.44,525.90,916.03,1,-1,-1,-1
83,21,771.63,454.81,841.41,615.52,1,-1,-1,-1
83,23,959.80,415.79,1063.33,681.64,1,-1,-1,-1
83,30,894.90,409.69,990.35,664.23,1,-1,-1,-1
83,49,1803.54,410.17,1900.13,616.10,1,-1,-1,-1
84,22,322.16,374.01,525.64,914.49,1,-1,-1,-1
84,21,771.45,455.49,840.54,615.06,1,-1,-1,-1
84,23,1515.58,409.97,1604.06,635.11,1,-1,-1,-1
84,30,895.88,409.11,990.54,663.13,1,-1,-1,-1
84,49,1799.29,409.55,1896.32,616.43,1,-1,-1,-1
85,22,322.31,373.87,525.51,913.94,1,-1,-1,-1
85,21,772.00,456.43,839.55,612.91,1,-1,-1,-1
85,23,1134.50,413.32,1234.79,668.23,1,-1,-1,-1
85,30,896.39,407.59,990.99,663.41,1,-1,-1,-1
85,49,1795.57,407.35,1890.71,611.24,1,-1,-1,-1
86,22,322.22,373.83,525.63,913.75,1,-1,-1,-1
86,21,769.03,456.78,835.66,611.45,1,-1,-1,-1
86,23,1017.06,414.99,1121.02,678.38,1,-1,-1,-1
86,30,900.63,409.01,993.58,662.22,1,-1,-1,-1
86,49,1789.93,406.14,1884.57,610.20,1,-1,-1,-1
87,22,326.07,373.16,529.73,913.71,1,-1,-1,-1
87,21,767.86,456.92,834.26,610.93,1,-1,-1,-1
87,23,1515.46,409.15,1604.47,634.28,1,-1,-1,-1
87,30,902.79,408.24,995.20,662.47,1,-1,-1,-1
87,28,946.33,415.91,1050.14,683.98,1,-1,-1,-1
87,49,1785.47,405.22,1880.22,609.54,1,-1,-1,-1
88,22,327.70,372.93,531.76,913.72,1,-1,-1,-1
88,21,766.78,456.31,833.74,611.43,1,-1,-1,-1
88,23,1127.90,411.67,1230.02,668.72,1,-1,-1,-1
88,30,904.06,407.96,995.87,662.59,1,-1,-1,-1
88,28,942.55,415.74,1046.54,684.29,1,-1,-1,-1
88,49,1782.00,405.65,1875.77,609.77,1,-1,-1,-1
89,22,328.04,372.85,532.12,913.74,1,-1,-1,-1
89,21,766.37,456.08,833.57,611.63,1,-1,-1,-1
89,23,1542.21,407.33,1631.76,631.54,1,-1,-1,-1
89,30,907.84,406.55,999.95,663.32,1,-1,-1,-1
89,28,936.90,409.56,1045.84,687.30,1,-1,-1,-1
89,49,1777.61,404.90,1871.47,609.24,1,-1,-1,-1
90,22,328.35,372.84,532.03,913.10,1,-1,-1,-1
90,21,765.64,456.00,832.79,611.73,1,-1,-1,-1
90,23,1132.36,408.98,1237.16,669.04,1,-1,-1,-1
90,30,910.01,407.35,1001.27,662.30,1,-1,-1,-1
90,28,932.99,408.74,1042.48,687.90,1,-1,-1,-1
90,49,1770.08,404.03,1864.42,609.74,1,-1,-1,-1
91,22,329.18,373.51,531.91,912.22,1,-1,-1,-1
91,21,765.65,454.64,832.23,609.14,1,-1,-1,-1
91,23,996.16,409.48,1106.67,681.06,1,-1,-1,-1
91,30,912.18,410.32,1001.58,659.94,1,-1,-1,-1
91,49,1766.86,403.77,1861.57,610.46,1,-1,-1,-1
92,22,329.89,374.43,531.43,910.58,1,-1,-1,-1
92,21,765.56,455.47,832.15,610.16,1,-1,-1,-1
92,23,941.85,412.92,1052.75,683.33,1,-1,-1,-1
92,30,914.21,410.37,1003.35,659.23,1,-1,-1,-1
92,49,1762.26,404.35,1856.88,610.73,1,-1,-1,-1
93,22,330.20,374.79,531.18,909.98,1,-1,-1,-1
93,21,764.80,455.78,831.55,610.57,1,-1,-1,-1
93,23,916.97,410.39,1028.49,682.13,1,-1,-1,-1
93,49,1759.30,403.93,1854.72,611.50,1,-1,-1,-1
94,22,330.36,375.58,531.01,909.78,1,-1,-1,-1
94,21,762.18,456.57,828.38,610.08,1,-1,-1,-1
94,23,905.44,410.73,1015.68,679.62,1,-1,-1,-1
94,49,1754.12,405.12,1849.05,609.81,1,-1,-1,-1
95,22,329.49,374.56,531.19,911.06,1,-1,-1,-1
95,21,761.27,455.54,826.49,607.25,1,-1,-1,-1
95,23,902.33,410.21,1012.06,679.21,1,-1,-1,-1
95,49,1751.74,404.92,1847.69,610.51,1,-1,-1,-1
96,22,329.61,374.83,530.78,910.23,1,-1,-1,-1
96,21,760.66,456.48,826.10,608.87,1,-1,-1,-1
96,23,900.96,409.36,1010.95,680.31,1,-1,-1,-1
96,49,1746.40,404.86,1843.34,610.78,1,-1,-1,-1
97,22,328.43,372.29,531.18,913.24,1,-1,-1,-1
97,21,760.69,457.50,825.74,609.49,1,-1,-1,-1
97,23,898.96,411.01,1006.67,678.04,1,-1,-1,-1
97,49,1744.57,405.52,1841.17,608.90,1,-1,-1,-1
98,22,328.90,372.66,531.05,913.73,1,-1,-1,-1
98,21,761.03,458.54,825.34,609.08,1,-1,-1,-1
98,23,898.97,414.96,1005.74,681.07,1,-1,-1,-1
98,49,1740.13,405.77,1836.47,608.19,1,-1,-1,-1
99,22,329.95,374.13,530.78,912.59,1,-1,-1,-1
99,21,761.08,458.93,825.31,609.60,1,-1,-1,-1
99,23,899.18,415.12,1006.10,683.48,1,-1,-1,-1
99,49,1736.16,405.64,1832.39,607.83,1,-1,-1,-1
100,22,330.70,374.03,530.98,912.83,1,-1,-1,-1
100,21,761.28,459.06,825.17,609.14,1,-1,-1,-1
100,23,898.66,413.19,1007.50,687.63,1,-1,-1,-1
100,49,1733.17,407.46,1826.94,604.76,1,-1,-1,-1
101,22,334.81,373.34,535.15,913.58,1,-1,-1,-1
101,21,760.87,458.44,824.98,609.63,1,-1,-1,-1
101,23,898.10,412.45,1008.17,689.80,1,-1,-1,-1
101,49,1731.71,407.85,1825.08,605.40,1,-1,-1,-1
102,22,337.07,373.73,536.65,913.20,1,-1,-1,-1
102,21,760.93,457.54,825.38,610.49,1,-1,-1,-1
102,23,896.06,414.13,1004.92,689.26,1,-1,-1,-1
102,49,1730.84,407.32,1824.23,606.30,1,-1,-1,-1
103,22,338.02,373.89,537.07,913.06,1,-1,-1,-1
103,21,761.67,459.83,824.84,610.16,1,-1,-1,-1
103,23,896.27,415.43,1004.54,688.97,1,-1,-1,-1
103,49,1727.05,409.11,1819.02,606.64,1,-1,-1,-1
104,22,339.04,374.61,537.16,912.35,1,-1,-1,-1
104,21,762.47,462.03,824.16,609.37,1,-1,-1,-1
104,23,896.44,417.89,1004.61,691.44,1,-1,-1,-1
104,49,1725.80,409.78,1816.50,606.13,1,-1,-1,-1
105,22,343.28,374.88,541.23,912.74,1,-1,-1,-1
105,21,763.13,464.84,822.90,608.41,1,-1,-1,-1
105,23,896.55,418.81,1004.75,692.98,1,-1,-1,-1
105,30,940.46,412.97,1028.51,656.89,1,-1,-1,-1
105,49,1722.31,411.35,1811.55,605.94,1,-1,-1,-1
106,22,345.38,374.99,542.85,912.23,1,-1,-1,-1
106,21,763.27,463.18,823.23,608.06,1,-1,-1,-1
106,23,897.67,420.45,1004.47,692.19,1,-1,-1,-1
106,30,944.97,412.35,1034.21,658.26,1,-1,-1,-1
106,49,1719.00,411.78,1807.91,605.66,1,-1,-1,-1
107,22,346.59,375.68,543.62,911.38,1,-1,-1,-1
107,21,766.74,462.56,826.58,607.93,1,-1,-1,-1
107,23,899.04,423.04,1004.17,691.17,1,-1,-1,-1
107,30,946.94,412.81,1036.95,660.03,1,-1,-1,-1
108,22,347.04,375.28,544.49,911.73,1,-1,-1,-1
108,21,768.27,461.64,828.29,608.56,1,-1,-1,-1
108,23,895.86,421.99,1001.10,692.72,1,-1,-1,-1
108,30,951.31,411.66,1042.12,660.70,1,-1,-1,-1
108,29,1727.96,413.14,1806.33,612.69,1,-1,-1,-1
109,22,351.51,376.45,548.36,910.54,1,-1,-1,-1
109,21,769.08,461.29,828.68,608.14,1,-1,-1,-1
109,23,895.15,424.21,998.61,691.95,1,-1,-1,-1
109,30,953.41,410.56,1044.78,660.95,1,-1,-1,-1
109,49,1701.20,418.35,1789.68,612.99,1,-1,-1,-1
109,29,1731.92,415.67,1809.36,612.63,1,-1,-1,-1
110,22,353.57,377.54,550.02,909.44,1,-1,-1,-1
110,21,769.87,461.81,828.98,607.99,1,-1,-1,-1
110,23,894.24,421.04,998.88,693.60,1,-1,-1,-1
110,30,959.45,411.46,1049.58,659.05,1,-1,-1,-1
110,49,1695.14,419.78,1782.88,613.84,1,-1,-1,-1
110,29,1728.37,417.87,1805.09,612.48,1,-1,-1,-1
111,22,354.56,377.95,550.98,909.03,1,-1,-1,-1
111,21,770.28,462.00,829.61,608.60,1,-1,-1,-1
111,23,893.41,419.84,998.52,694.85,1,-1,-1,-1
111,30,962.03,411.15,1052.22,658.99,1,-1,-1,-1
111,49,1692.69,420.26,1779.68,613.47,1,-1,-1,-1
111,29,1726.89,416.34,1804.76,613.09,1,-1,-1,-1
112,22,354.11,377.43,551.38,909.56,1,-1,-1,-1
112,21,770.17,461.40,830.08,609.50,1,-1,-1,-1
112,23,889.19,418.71,994.81,695.29,1,-1,-1,-1
112,30,966.47,411.03,1056.81,658.31,1,-1,-1,-1
112,49,1687.66,420.40,1774.30,613.31,1,-1,-1,-1
112,29,1721.55,417.84,1799.10,612.57,1,-1,-1,-1
113,22,353.97,377.88,551.40,909.10,1,-1,-1,-1
113,21,770.50,461.17,830.52,609.84,1,-1,-1,-1
113,23,887.58,417.61,993.78,696.07,1,-1,-1,-1
113,20,559.25,454.00,628.21,631.92,1,-1,-1,-1
113,30,968.50,410.99,1059.28,658.06,1,-1,-1,-1
113,49,1685.59,420.42,1772.12,613.23,1,-1,-1,-1
113,29,1719.97,419.01,1796.87,610.95,1,-1,-1,-1
114,22,353.83,378.04,551.39,908.94,1,-1,-1,-1
114,21,770.64,461.08,830.64,609.97,1,-1,-1,-1
114,23,885.94,416.54,992.79,696.99,1,-1,-1,-1
114,20,557.31,453.96,626.88,632.22,1,-1,-1,-1
114,30,973.06,410.98,1064.79,657.97,1,-1,-1,-1
114,49,1681.33,421.06,1766.51,611.87,1,-1,-1,-1
114,29,1714.78,419.38,1791.24,608.97,1,-1,-1,-1
115,22,353.56,377.43,551.52,908.89,1,-1,-1,-1
115,21,770.75,461.04,829.94,608.69,1,-1,-1,-1
115,23,884.82,415.48,992.58,698.62,1,-1,-1,-1
115,20,556.19,454.60,626.54,632.30,1,-1,-1,-1
115,30,974.69,410.97,1067.39,657.28,1,-1,-1,-1
115,49,1675.55,421.27,1759.60,611.34,1,-1,-1,-1
115,29,1708.51,419.46,1784.92,608.25,1,-1,-1,-1
116,22,353.96,377.86,551.66,908.22,1,-1,-1,-1
116,21,771.14,461.03,829.96,608.21,1,-1,-1,-1
116,23,880.75,415.73,988.57,699.21,1,-1,-1,-1
116,20,552.02,454.20,622.61,631.65,1,-1,-1,-1
116,30,978.47,410.98,1072.24,657.02,1,-1,-1,-1
116,49,1672.79,419.99,1757.27,611.80,1,-1,-1,-1
116,29,1701.00,418.76,1777.90,607.99,1,-1,-1,-1
117,22,353.35,377.35,551.75,908.64,1,-1,-1,-1
117,21,770.83,460.36,829.73,608.03,1,-1,-1,-1
117,23,875.46,417.81,983.18,699.40,1,-1,-1,-1
117,20,550.52,454.71,620.64,631.38,1,-1,-1,-1
117,30,980.34,411.64,1074.70,656.94,1,-1,-1,-1
117,49,1671.51,418.83,1756.29,611.31,1,-1,-1,-1
117,29,1697.45,419.45,1773.97,607.73,1,-1,-1,-1
118,22,352.89,376.49,551.95,908.81,1,-1,-1,-1
118,21,770.50,461.43,828.52,607.31,1,-1,-1,-1
118,23,872.57,417.29,980.99,699.43,1,-1,-1,-1
118,20,550.32,456.88,618.47,628.61,1,-1,-1,-1
118,30,980.54,409.90,1076.55,658.24,1,-1,-1,-1
118,49,1667.55,418.38,1751.80,610.46,1,-1,-1,-1
118,29,1692.34,416.06,1768.48,603.92,1,-1,-1,-1
119,22,352.98,376.16,552.37,909.54,1,-1,-1,-1
119,21,621.63,458.51,685.88,620.99,1,-1,-1,-1
119,23,867.64,417.09,976.38,699.41,1,-1,-1,-1
119,20,547.27,457.12,615.34,628.65,1,-1,-1,-1
119,30,980.82,411.23,1076.84,658.07,1,-1,-1,-1
119,49,1662.35,419.52,1744.84,608.81,1,-1,-1,-1
119,29,1686.16,414.71,1762.03,602.38,1,-1,-1,-1
120,22,352.63,376.04,552.21,909.82,1,-1,-1,-1
120,21,568.23,458.09,633.89,625.30,1,-1,-1,-1
120,23,865.48,417.02,974.55,699.38,1,-1,-1,-1
120,30,980.72,410.42,1077.58,658.01,1,-1,-1,-1
120,49,1659.56,418.61,1742.05,608.86,1,-1,-1,-1
120,29,1683.81,414.23,1759.44,602.53,1,-1,-1,-1
121,22,352.94,376.00,552.33,909.93,1,-1,-1,-1
121,21,548.05,457.82,614.47,626.95,1,-1,-1,-1
121,23,1389.80,416.99,1477.13,640.64,1,-1,-1,-1
121,30,984.63,410.77,1081.65,657.33,1,-1,-1,-1
121,49,1655.63,418.78,1737.96,608.66,1,-1,-1,-1
121,29,1678.62,414.06,1754.46,603.94,1,-1,-1,-1
122,22,352.81,375.32,552.58,909.97,1,-1,-1,-1
122,21,707.26,454.84,768.51,610.62,1,-1,-1,-1
122,23,1019.84,419.16,1122.07,680.66,1,-1,-1,-1
122,30,985.98,410.91,1083.13,656.41,1,-1,-1,-1
122,49,1648.10,417.43,1731.56,610.44,1,-1,-1,-1
122,29,1677.00,414.65,1751.91,603.17,1,-1,-1,-1
123,22,352.33,375.07,552.42,910.65,1,-1,-1,-1
123,21,744.21,453.41,805.19,608.13,1,-1,-1,-1
123,23,914.20,417.23,1022.61,694.47,1,-1,-1,-1
123,30,987.23,411.63,1084.07,655.41,1,-1,-1,-1
123,49,1644.75,417.81,1728.27,610.82,1,-1,-1,-1
123,29,1672.08,414.88,1746.96,603.56,1,-1,-1,-1
124,22,352.35,375.64,552.12,910.24,1,-1,-1,-1
124,21,756.34,452.93,816.99,606.63,1,-1,-1,-1
124,23,867.46,416.43,978.47,700.03,1,-1,-1,-1
124,30,990.44,407.91,1088.81,655.04,1,-1,-1,-1
124,49,1640.26,420.60,1722.62,610.29,1,-1,-1,-1
124,29,1670.24,415.63,1744.74,603.72,1,-1,-1,-1
125,22,352.02,374.54,552.33,910.75,1,-1,-1,-1
125,21,760.37,453.44,820.49,605.42,1,-1,-1,-1
125,23,849.27,416.12,961.44,702.79,1,-1,-1,-1
125,30,992.15,407.85,1089.92,653.59,1,-1,-1,-1
125,49,1637.07,419.65,1721.00,612.09,1,-1,-1,-1
125,29,1664.69,415.25,1741.11,607.78,1,-1,-1,-1
126,22,352.70,375.44,552.24,909.62,1,-1,-1,-1
126,21,761.79,453.65,821.77,604.98,1,-1,-1,-1
126,23,838.17,416.65,951.90,707.03,1,-1,-1,-1
126,30,993.13,406.51,1091.13,653.72,1,-1,-1,-1
126,49,1631.43,419.95,1715.90,612.75,1,-1,-1,-1
126,29,1662.36,415.76,1737.62,604.70,1,-1,-1,-1
127,22,353.47,377.12,551.67,907.87,1,-1,-1,-1
127,21,759.10,454.41,818.68,604.84,1,-1,-1,-1
127,23,834.08,414.25,948.74,706.61,1,-1,-1,-1
127,30,993.34,404.05,1092.23,654.44,1,-1,-1,-1
127,49,1628.71,420.05,1713.53,612.34,1,-1,-1,-1
127,29,1657.55,416.62,1731.94,602.85,1,-1,-1,-1
128,22,353.08,377.09,551.46,907.87,1,-1,-1,-1
128,21,758.15,454.71,817.33,604.14,1,-1,-1,-1
128,23,829.64,413.99,943.88,705.70,1,-1,-1,-1
128,30,997.49,402.48,1096.32,654.07,1,-1,-1,-1
128,28,1623.34,418.90,1703.75,612.24,1,-1,-1,-1
128,49,1624.67,420.25,1709.47,612.51,1,-1,-1,-1
128,29,1650.97,416.27,1725.57,602.16,1,-1,-1,-1
129,22,352.86,376.41,552.10,908.54,1,-1,-1,-1
129,21,757.36,454.84,816.49,603.89,1,-1,-1,-1
129,23,827.53,411.93,942.39,706.58,1,-1,-1,-1
129,30,998.65,399.93,1098.79,655.91,1,-1,-1,-1
129,28,1623.22,419.89,1704.58,610.79,1,-1,-1,-1
129,29,1644.09,416.13,1719.29,602.58,1,-1,-1,-1
130,22,352.39,376.15,552.05,908.80,1,-1,-1,-1
130,21,757.21,455.55,815.95,603.82,1,-1,-1,-1
130,23,823.38,411.81,937.67,706.84,1,-1,-1,-1
130,30,1000.30,400.30,1099.68,655.96,1,-1,-1,-1
130,28,1619.76,420.12,1701.58,610.31,1,-1,-1,-1
130,29,1636.52,415.42,1712.98,603.42,1,-1,-1,-1
131,22,352.31,375.39,552.59,909.57,1,-1,-1,-1
131,21,756.58,455.83,814.93,603.14,1,-1,-1,-1
131,23,822.41,415.72,935.00,708.19,1,-1,-1,-1
131,30,1005.21,401.14,1102.80,654.66,1,-1,-1,-1
131,28,1613.72,420.89,1693.83,608.12,1,-1,-1,-1
131,29,1629.63,415.14,1706.40,603.08,1,-1,-1,-1
132,22,352.66,375.76,552.39,909.20,1,-1,-1,-1
132,21,755.72,455.27,814.46,603.57,1,-1,-1,-1
132,23,821.67,415.91,934.08,709.95,1,-1,-1,-1
132,30,1008.03,402.15,1104.18,653.51,1,-1,-1,-1
132,28,1609.54,420.41,1689.43,606.77,1,-1,-1,-1
132,29,1621.88,414.38,1699.51,603.62,1,-1,-1,-1
133,22,353.36,376.57,551.75,908.40,1,-1,-1,-1
133,21,755.06,454.40,814.59,604.40,1,-1,-1,-1
133,23,819.09,415.98,930.90,710.55,1,-1,-1,-1
133,30,1012.97,402.56,1107.93,651.76,1,-1,-1,-1
133,28,1602.92,419.51,1683.18,607.09,1,-1,-1,-1
133,29,1619.71,414.75,1696.53,601.85,1,-1,-1,-1
134,22,353.71,376.21,551.41,908.10,1,-1,-1,-1
134,21,751.79,454.74,811.04,604.07,1,-1,-1,-1
134,23,817.33,414.04,929.95,712.70,1,-1,-1,-1
134,30,1014.81,402.07,1109.84,651.77,1,-1,-1,-1
134,28,1596.58,419.88,1675.57,605.90,1,-1,-1,-1
134,29,1614.43,414.90,1691.02,601.85,1,-1,-1,-1
135,22,353.59,374.75,551.52,909.97,1,-1,-1,-1
135,21,750.03,454.21,809.52,604.61,1,-1,-1,-1
135,23,817.10,413.95,929.79,714.11,1,-1,-1,-1
135,30,1016.42,403.22,1110.77,651.13,1,-1,-1,-1
135,28,1593.29,420.00,1671.43,605.54,1,-1,-1,-1
135,29,1612.48,416.28,1687.30,600.54,1,-1,-1,-1
136,22,354.12,374.86,550.98,909.36,1,-1,-1,-1
136,21,749.20,453.36,809.13,605.48,1,-1,-1,-1
136,23,815.84,411.96,929.62,715.90,1,-1,-1,-1
136,30,1020.92,403.67,1114.99,650.24,1,-1,-1,-1
136,28,1587.29,420.04,1665.11,605.47,1,-1,-1,-1
136,29,1607.46,415.47,1682.62,602.05,1,-1,-1,-1
137,22,354.05,374.25,550.38,909.13,1,-1,-1,-1
137,21,748.87,453.04,809.03,605.82,1,-1,-1,-1
137,23,812.80,413.83,925.44,715.22,1,-1,-1,-1
137,30,1022.46,403.84,1116.55,649.93,1,-1,-1,-1
137,28,1581.08,420.05,1658.66,605.49,1,-1,-1,-1
137,29,1605.36,415.83,1680.10,602.62,1,-1,-1,-1
138,22,354.21,374.69,549.96,909.04,1,-1,-1,-1
138,21,748.16,452.27,808.93,606.60,1,-1,-1,-1
138,23,811.53,414.56,923.91,715.54,1,-1,-1,-1
138,30,1022.47,403.25,1117.51,651.15,1,-1,-1,-1
138,28,1573.24,419.38,1651.12,606.21,1,-1,-1,-1
138,29,1600.54,415.96,1674.96,602.84,1,-1,-1,-1
139,22,354.67,375.52,549.40,908.34,1,-1,-1,-1
139,21,747.85,452.65,808.31,606.24,1,-1,-1,-1
139,23,808.49,416.81,919.13,712.98,1,-1,-1,-1
139,30,1023.19,403.69,1118.31,650.96,1,-1,-1,-1
139,28,1566.53,420.46,1643.56,605.17,1,-1,-1,-1
139,29,1598.33,416.01,1672.43,602.93,1,-1,-1,-1
140,22,354.77,375.83,549.26,908.75,1,-1,-1,-1
140,21,747.93,452.14,808.56,606.10,1,-1,-1,-1
140,23,806.31,415.68,917.55,713.28,1,-1,-1,-1
140,30,1023.64,403.20,1119.58,651.56,1,-1,-1,-1
140,28,1564.20,421.54,1640.71,604.82,1,-1,-1,-1
140,29,1594.02,414.70,1668.69,603.62,1,-1,-1,-1
141,22,354.97,375.95,549.04,908.90,1,-1,-1,-1
141,21,747.79,451.96,808.19,605.39,1,-1,-1,-1
141,23,806.29,417.23,916.55,712.71,1,-1,-1,-1
141,30,1027.27,404.34,1123.05,650.48,1,-1,-1,-1
141,28,1558.12,421.93,1635.05,606.05,1,-1,-1,-1
141,29,1591.80,415.53,1666.20,603.23,1,-1,-1,-1
142,22,354.57,374.68,548.78,909.62,1,-1,-1,-1
142,21,747.27,451.90,807.88,605.77,1,-1,-1,-1
142,23,806.62,416.49,916.94,713.12,1,-1,-1,-1
142,30,1029.02,404.12,1125.15,650.07,1,-1,-1,-1
142,28,1556.22,421.40,1633.47,605.87,1,-1,-1,-1
142,29,1586.73,415.18,1661.24,603.08,1,-1,-1,-1
143,22,354.48,374.19,548.62,909.89,1,-1,-1,-1
143,21,747.07,451.89,807.78,605.92,1,-1,-1,-1
143,23,806.45,416.21,916.41,713.25,1,-1,-1,-1
143,30,1029.65,403.37,1126.47,650.59,1,-1,-1,-1
143,28,1551.61,422.52,1627.70,603.82,1,-1,-1,-1
143,29,1584.91,415.71,1658.92,601.70,1,-1,-1,-1
144,22,350.09,373.36,544.33,910.65,1,-1,-1,-1
144,21,743.74,451.89,803.76,604.66,1,-1,-1,-1
144,23,806.10,415.44,916.17,714.60,1,-1,-1,-1
144,30,1033.82,403.09,1129.49,646.84,1,-1,-1,-1
144,28,1544.64,421.60,1621.00,603.74,1,-1,-1,-1
144,29,1579.92,416.58,1653.41,600.52,1,-1,-1,-1
145,22,348.66,373.05,542.50,910.94,1,-1,-1,-1
145,21,743.08,451.71,803.13,604.54,1,-1,-1,-1
145,23,805.67,413.17,916.65,716.40,1,-1,-1,-1
145,30,1035.63,400.33,1132.22,646.75,1,-1,-1,-1
145,28,1542.88,421.25,1617.93,600.41,1,-1,-1,-1
145,29,1573.81,416.24,1647.92,600.74,1,-1,-1,-1
146,22,348.20,372.28,541.76,911.04,1,-1,-1,-1
146,21,741.07,451.90,800.79,604.09,1,-1,-1,-1
146,23,802.34,412.90,913.70,717.18,1,-1,-1,-1
146,30,1037.15,399.97,1133.58,646.08,1,-1,-1,-1
146,28,1537.37,420.44,1612.58,599.85,1,-1,-1,-1
146,29,1571.30,418.09,1644.40,598.85,1,-1,-1,-1
147,22,348.52,372.65,541.04,909.75,1,-1,-1,-1
147,21,741.19,452.60,800.24,603.30,1,-1,-1,-1
147,23,800.89,411.37,912.16,716.44,1,-1,-1,-1
147,30,1037.76,400.51,1133.89,645.84,1,-1,-1,-1
147,28,1531.04,419.48,1606.50,599.67,1,-1,-1,-1
147,29,1566.02,418.12,1639.12,598.15,1,-1,-1,-1
148,22,348.68,372.81,540.77,909.26,1,-1,-1,-1
148,21,736.96,452.18,796.37,603.69,1,-1,-1,-1
148,23,797.73,410.97,909.38,717.06,1,-1,-1,-1
148,30,1041.49,399.41,1137.63,645.11,1,-1,-1,-1
148,28,1527.57,418.46,1603.61,599.63,1,-1,-1,-1
148,29,1559.47,417.46,1632.75,597.24,1,-1,-1,-1
148,53,797.14,409.84,914.92,717.32,1,-1,-1,-1
149,22,348.54,372.88,540.26,909.07,1,-1,-1,-1
149,21,735.23,452.03,794.48,603.18,1,-1,-1,-1
149,30,1043.67,397.68,1140.10,644.86,1,-1,-1,-1
149,28,1522.59,418.08,1598.57,599.65,1,-1,-1,-1
149,29,1552.57,417.20,1625.84,596.25,1,-1,-1,-1
149,53,793.59,411.20,909.36,716.62,1,-1,-1,-1
150,22,349.07,373.57,540.18,908.34,1,-1,-1,-1
150,21,734.06,451.93,793.27,602.98,1,-1,-1,-1
150,30,1047.99,397.05,1143.97,644.12,1,-1,-1,-1
150,28,1519.78,417.28,1595.91,599.02,1,-1,-1,-1
150,29,1544.87,415.11,1619.42,596.56,1,-1,-1,-1
150,53,791.57,410.36,906.92,717.70,1,-1,-1,-1
151,22,349.22,371.19,539.58,905.42,1,-1,-1,-1
151,23,792.19,410.86,904.81,719.88,1,-1,-1,-1
151,30,1049.91,395.51,1145.65,643.86,1,-1,-1,-1
151,28,1514.67,417.65,1590.00,597.48,1,-1,-1,-1
151,29,1541.78,413.66,1615.58,593.40,1,-1,-1,-1
151,53,788.75,410.16,904.38,718.24,1,-1,-1,-1
152,22,349.52,372.94,539.80,907.64,1,-1,-1,-1
152,23,787.49,412.23,899.65,719.50,1,-1,-1,-1
152,30,1051.73,396.27,1146.33,643.12,1,-1,-1,-1
152,28,1509.11,417.81,1583.76,596.92,1,-1,-1,-1
152,29,1532.64,414.45,1606.59,594.87,1,-1,-1,-1
153,22,349.33,373.61,539.55,909.15,1,-1,-1,-1
153,23,785.35,410.71,898.45,720.70,1,-1,-1,-1
153,30,1052.85,396.58,1146.64,642.86,1,-1,-1,-1
153,28,1506.31,417.87,1581.13,597.41,1,-1,-1,-1
153,29,1528.98,415.42,1602.51,595.45,1,-1,-1,-1
154,22,345.13,373.87,535.03,909.06,1,-1,-1,-1
154,23,780.03,412.12,894.14,725.07,1,-1,-1,-1
154,30,1056.78,397.38,1149.70,642.12,1,-1,-1,-1
154,28,1500.16,417.24,1575.62,598.27,1,-1,-1,-1
154,29,1523.75,414.46,1597.96,596.34,1,-1,-1,-1
155,22,343.40,373.30,533.49,909.69,1,-1,-1,-1
155,21,721.64,453.82,779.41,601.07,1,-1,-1,-1
155,23,777.39,412.01,892.02,727.36,1,-1,-1,-1
155,30,1058.57,398.36,1150.38,640.54,1,-1,-1,-1
155,28,1493.84,418.99,1568.61,597.96,1,-1,-1,-1
155,29,1521.10,415.42,1594.65,596.03,1,-1,-1,-1
156,22,341.99,369.79,532.41,907.28,1,-1,-1,-1
156,21,719.60,453.28,778.22,602.33,1,-1,-1,-1
156,23,776.23,412.63,890.27,727.53,1,-1,-1,-1
156,30,1058.48,396.08,1151.23,639.97,1,-1,-1,-1
156,28,1487.22,419.00,1561.92,597.19,1,-1,-1,-1
156,29,1515.78,415.13,1589.53,595.93,1,-1,-1,-1
157,22,337.14,366.48,528.46,907.69,1,-1,-1,-1
157,21,717.85,453.32,776.40,602.21,1,-1,-1,-1
157,23,772.25,412.87,886.13,728.21,1,-1,-1,-1
157,30,1058.58,395.24,1151.94,639.77,1,-1,-1,-1
157,28,1480.77,420.33,1554.44,595.59,1,-1,-1,-1
157,29,1509.09,414.36,1583.41,595.90,1,-1,-1,-1
158,22,334.70,365.26,526.33,908.51,1,-1,-1,-1
158,21,708.41,453.08,767.68,602.80,1,-1,-1,-1
158,23,766.62,414.27,879.66,727.11,1,-1,-1,-1
158,30,1058.70,393.61,1153.30,639.73,1,-1,-1,-1
158,28,1473.71,420.83,1547.34,595.68,1,-1,-1,-1
158,29,1502.79,415.40,1576.67,595.23,1,-1,-1,-1
159,22,329.81,365.48,521.03,908.17,1,-1,-1,-1
159,21,704.98,452.35,765.33,603.60,1,-1,-1,-1
159,23,763.53,413.49,877.08,727.97,1,-1,-1,-1
159,30,1057.73,391.70,1154.04,639.73,1,-1,-1,-1
159,28,1466.17,421.01,1540.02,596.39,1,-1,-1,-1
159,29,1495.41,415.79,1569.59,595.65,1,-1,-1,-1
160,22,327.69,364.93,519.40,908.04,1,-1,-1,-1
160,21,699.52,451.44,760.90,604.54,1,-1,-1,-1
160,23,758.85,414.50,871.94,727.61,1,-1,-1,-1
160,30,1057.61,390.99,1155.28,639.75,1,-1,-1,-1
160,28,1459.07,419.74,1533.34,596.01,1,-1,-1,-1
160,29,1488.51,413.96,1562.86,593.83,1,-1,-1,-1
161,22,326.58,364.75,518.56,907.99,1,-1,-1,-1
161,21,696.60,450.44,758.96,604.89,1,-1,-1,-1
161,23,755.18,408.94,869.51,725.46,1,-1,-1,-1
161,30,1056.96,390.76,1155.58,639.11,1,-1,-1,-1
161,28,1452.30,419.92,1526.09,595.22,1,-1,-1,-1
161,29,1481.51,413.93,1555.22,591.84,1,-1,-1,-1
162,22,322.62,369.33,514.01,909.96,1,-1,-1,-1
162,21,691.61,450.72,753.77,604.36,1,-1,-1,-1
162,23,749.28,405.53,864.78,725.29,1,-1,-1,-1
162,30,1056.17,390.69,1156.15,639.55,1,-1,-1,-1
162,28,1445.01,419.32,1519.26,595.60,1,-1,-1,-1
162,29,1474.40,413.92,1547.97,591.10,1,-1,-1,-1
163,22,315.68,365.79,507.94,909.38,1,-1,-1,-1
163,21,688.25,448.86,752.16,606.14,1,-1,-1,-1
163,23,743.70,404.26,859.35,725.21,1,-1,-1,-1
163,30,1055.62,390.03,1156.52,639.07,1,-1,-1,-1
163,28,1437.66,418.44,1511.82,595.10,1,-1,-1,-1
163,29,1466.66,414.59,1539.51,590.18,1,-1,-1,-1
164,22,312.72,364.46,505.50,909.82,1,-1,-1,-1
164,21,683.41,448.82,747.47,606.14,1,-1,-1,-1
164,23,740.94,403.80,856.87,725.82,1,-1,-1,-1
164,30,1055.10,390.47,1156.25,638.24,1,-1,-1,-1
164,28,1430.88,418.11,1504.22,593.60,1,-1,-1,-1
164,29,1458.69,413.52,1532.57,591.18,1,-1,-1,-1
165,22,311.25,363.32,504.45,909.98,1,-1,-1,-1
165,21,676.89,447.51,742.03,606.79,1,-1,-1,-1
165,23,736.12,403.66,852.10,726.70,1,-1,-1,-1
165,30,1055.51,391.98,1156.13,636.62,1,-1,-1,-1
165,28,1423.80,415.33,1497.09,591.06,1,-1,-1,-1
165,29,1451.92,413.78,1524.95,589.60,1,-1,-1,-1
166,22,306.87,364.22,499.50,908.72,1,-1,-1,-1
166,21,674.13,447.68,739.17,606.37,1,-1,-1,-1
166,23,732.98,401.66,849.89,727.68,1,-1,-1,-1
166,30,1055.15,392.57,1155.86,636.03,1,-1,-1,-1
166,28,1416.04,413.64,1490.05,591.45,1,-1,-1,-1
166,29,1440.49,411.89,1514.87,591.01,1,-1,-1,-1
167,22,300.92,365.25,493.51,907.57,1,-1,-1,-1
167,21,669.12,447.76,734.41,606.86,1,-1,-1,-1
167,23,728.41,400.93,845.48,727.39,1,-1,-1,-1
167,30,1055.55,393.46,1155.85,635.16,1,-1,-1,-1
167,28,1408.40,413.02,1482.69,591.61,1,-1,-1,-1
167,29,1436.11,412.51,1509.01,588.91,1,-1,-1,-1
168,22,297.83,364.99,491.65,907.14,1,-1,-1,-1
168,21,667.40,448.46,732.03,605.72,1,-1,-1,-1
168,23,726.05,400.69,843.38,727.91,1,-1,-1,-1
168,30,1055.75,393.14,1156.40,634.86,1,-1,-1,-1
168,28,1402.66,415.44,1474.67,589.06,1,-1,-1,-1
168,29,1429.96,412.77,1502.59,589.46,1,-1,-1,-1
169,22,296.23,364.24,491.60,908.31,1,-1,-1,-1
169,21,666.21,448.74,730.63,605.28,1,-1,-1,-1
169,23,724.93,400.62,842.43,728.76,1,-1,-1,-1
169,30,1055.60,393.02,1156.81,635.43,1,-1,-1,-1
169,28,1397.10,415.73,1468.28,588.12,1,-1,-1,-1
169,29,1423.70,412.20,1496.68,590.34,1,-1,-1,-1
170,22,291.57,365.29,487.27,907.43,1,-1,-1,-1
170,21,662.46,447.53,725.72,601.14,1,-1,-1,-1
170,23,724.31,400.63,841.87,729.06,1,-1,-1,-1
170,30,1059.42,393.64,1159.66,633.68,1,-1,-1,-1
170,28,1389.73,415.84,1461.05,588.45,1,-1,-1,-1
170,29,1417.22,412.00,1490.49,590.68,1,-1,-1,-1
171,22,289.76,366.36,485.24,906.44,1,-1,-1,-1
171,21,660.16,445.75,723.70,600.24,1,-1,-1,-1
171,23,720.92,400.00,838.47,729.16,1,-1,-1,-1
171,30,1061.31,393.21,1160.91,632.37,1,-1,-1,-1
171,28,1381.75,415.89,1454.77,592.58,1,-1,-1,-1
171,29,1413.85,411.27,1487.59,590.83,1,-1,-1,-1
172,22,288.68,366.77,484.44,906.08,1,-1,-1,-1
172,21,655.74,445.10,719.45,599.92,1,-1,-1,-1
172,23,719.85,401.10,836.55,728.53,1,-1,-1,-1
172,30,1062.52,393.05,1161.47,631.90,1,-1,-1,-1
172,28,1374.02,416.57,1447.73,594.14,1,-1,-1,-1
172,29,1408.29,411.66,1482.04,590.89,1,-1,-1,-1
173,22,283.66,365.60,480.35,906.61,1,-1,-1,-1
173,21,654.03,444.88,717.48,599.16,1,-1,-1,-1
173,23,718.85,400.22,835.99,729.59,1,-1,-1,-1
173,30,1063.95,391.67,1161.96,629.76,1,-1,-1,-1
173,28,1371.79,417.50,1444.85,593.42,1,-1,-1,-1
173,29,1402.71,411.82,1476.63,590.91,1,-1,-1,-1
174,22,281.89,365.17,478.89,906.15,1,-1,-1,-1
174,21,653.29,444.15,717.09,599.55,1,-1,-1,-1
174,23,718.36,399.91,835.42,729.32,1,-1,-1,-1
174,30,1064.98,390.49,1162.26,628.99,1,-1,-1,-1
174,28,1366.77,419.17,1438.57,591.82,1,-1,-1,-1
174,29,1399.90,413.21,1473.11,590.27,1,-1,-1,-1
175,22,280.57,365.00,478.54,907.31,1,-1,-1,-1
175,21,652.49,443.89,716.36,599.71,1,-1,-1,-1
175,23,717.83,399.81,835.10,730.53,1,-1,-1,-1
175,30,1065.82,390.06,1162.51,629.39,1,-1,-1,-1
175,28,1360.99,420.47,1431.98,590.55,1,-1,-1,-1
175,29,1395.05,414.40,1467.45,588.70,1,-1,-1,-1
176,22,275.09,362.97,475.01,909.07,1,-1,-1,-1
176,21,648.48,444.47,712.09,599.79,1,-1,-1,-1
176,23,717.79,402.42,835.00,734.26,1,-1,-1,-1
176,30,1069.57,391.23,1164.39,627.58,1,-1,-1,-1
176,28,1353.96,420.94,1424.88,590.09,1,-1,-1,-1
176,29,1388.60,414.18,1461.11,588.12,1,-1,-1,-1
177,22,273.45,362.87,473.43,909.08,1,-1,-1,-1
177,21,645.68,444.13,709.31,599.50,1,-1,-1,-1
177,23,718.07,403.43,834.82,735.01,1,-1,-1,-1
177,30,1071.79,391.68,1165.56,626.93,1,-1,-1,-1
177,24,647.48,445.00,710.57,600.00,1,-1,-1,-1
177,28,1347.63,419.77,1417.77,587.26,1,-1,-1,-1
177,29,1381.47,414.10,1454.59,588.59,1,-1,-1,-1
178,22,272.75,362.84,473.12,909.08,1,-1,-1,-1
178,23,717.78,399.85,835.31,733.94,1,-1,-1,-1
178,30,1073.20,391.86,1166.66,626.71,1,-1,-1,-1
178,24,646.00,444.41,709.16,600.03,1,-1,-1,-1
178,28,1340.33,417.99,1410.56,586.89,1,-1,-1,-1
178,29,1375.15,414.72,1448.28,588.77,1,-1,-1,-1
179,22,268.17,363.50,468.26,907.09,1,-1,-1,-1
179,23,717.36,396.53,835.92,733.51,1,-1,-1,-1
179,30,1073.59,393.26,1167.79,629.32,1,-1,-1,-1
179,24,645.30,444.77,708.02,598.71,1,-1,-1,-1
179,28,1334.15,417.32,1404.50,587.43,1,-1,-1,-1
179,29,1368.38,415.62,1440.82,587.52,1,-1,-1,-1
180,22,265.88,363.77,466.52,907.00,1,-1,-1,-1
180,23,716.79,395.29,836.02,733.99,1,-1,-1,-1
180,30,1076.74,391.80,1171.74,628.33,1,-1,-1,-1
180,24,642.20,445.60,703.99,597.51,1,-1,-1,-1
180,28,1330.16,416.41,1401.06,587.66,1,-1,-1,-1
180,29,1361.00,414.62,1434.02,587.73,1,-1,-1,-1
181,22,265.23,364.53,466.50,906.96,1,-1,-1,-1
181,23,713.21,394.19,833.60,735.46,1,-1,-1,-1
181,30,1077.66,393.89,1173.41,629.29,1,-1,-1,-1
181,24,640.50,445.90,701.91,597.07,1,-1,-1,-1
181,28,1323.90,415.41,1395.75,589.08,1,-1,-1,-1
181,29,1353.53,414.24,1426.70,587.82,1,-1,-1,-1
182,22,264.07,364.83,466.29,907.62,1,-1,-1,-1
182,23,712.24,394.45,832.40,734.70,1,-1,-1,-1
182,30,1077.64,394.68,1174.31,629.67,1,-1,-1,-1
182,24,639.90,447.36,699.98,595.58,1,-1,-1,-1
182,28,1316.90,413.73,1389.61,590.28,1,-1,-1,-1
182,29,1346.18,413.43,1419.69,588.52,1,-1,-1,-1
183,22,259.51,364.28,462.56,908.53,1,-1,-1,-1
183,23,711.32,394.58,831.94,735.70,1,-1,-1,-1
183,30,1077.48,394.97,1174.69,629.83,1,-1,-1,-1
183,24,640.01,448.57,699.15,594.36,1,-1,-1,-1
183,28,1310.64,417.03,1382.13,591.40,1,-1,-1,-1
183,29,1339.56,414.45,1412.13,588.13,1,-1,-1,-1
184,22,257.21,363.41,461.24,909.53,1,-1,-1,-1
184,23,710.22,393.34,831.96,737.38,1,-1,-1,-1
184,30,1076.99,395.07,1175.17,630.55,1,-1,-1,-1
184,24,635.81,447.65,695.86,595.96,1,-1,-1,-1
184,28,1304.03,419.64,1374.10,591.17,1,-1,-1,-1
184,29,1332.27,414.17,1404.64,587.99,1,-1,-1,-1
185,22,251.83,362.43,456.86,909.91,1,-1,-1,-1
185,23,709.25,392.23,831.96,739.31,1,-1,-1,-1
185,30,1076.68,395.10,1175.39,630.83,1,-1,-1,-1
185,24,633.75,446.64,694.64,597.22,1,-1,-1,-1
185,28,1298.69,419.96,1368.46,591.74,1,-1,-1,-1
185,29,1329.89,415.39,1401.29,587.95,1,-1,-1,-1
186,22,248.98,362.06,454.86,910.70,1,-1,-1,-1
186,21,626.76,445.84,689.85,599.90,1,-1,-1,-1
186,23,707.83,391.53,831.05,740.06,1,-1,-1,-1
186,20,456.72,455.01,532.19,642.00,1,-1,-1,-1
186,30,1072.98,395.10,1172.38,631.60,1,-1,-1,-1
186,24,631.62,446.73,692.44,597.12,1,-1,-1,-1
186,28,1292.36,421.40,1361.21,591.29,1,-1,-1,-1
186,29,1324.96,416.51,1395.30,587.27,1,-1,-1,-1
186,53,708.15,398.01,833.76,742.99,1,-1,-1,-1
187,22,243.35,361.27,450.29,911.65,1,-1,-1,-1
187,21,625.99,446.65,688.06,598.56,1,-1,-1,-1
187,23,708.62,394.83,831.38,743.28,1,-1,-1,-1
187,20,455.38,450.32,532.40,640.75,1,-1,-1,-1
187,30,1070.99,393.78,1171.78,633.21,1,-1,-1,-1
187,28,1284.72,421.93,1353.61,592.45,1,-1,-1,-1
187,29,1318.96,416.92,1389.07,587.69,1,-1,-1,-1
187,53,705.87,397.64,831.88,743.72,1,-1,-1,-1
188,22,240.84,360.99,448.46,911.34,1,-1,-1,-1
188,21,623.78,446.73,685.75,598.36,1,-1,-1,-1
188,23,704.94,394.85,827.68,744.77,1,-1,-1,-1
188,20,454.46,449.61,531.78,640.80,1,-1,-1,-1
188,30,1070.06,392.61,1171.70,633.81,1,-1,-1,-1
188,24,622.15,446.99,683.57,598.69,1,-1,-1,-1
188,28,1277.37,422.77,1345.79,592.21,1,-1,-1,-1
188,29,1312.19,417.73,1381.77,587.85,1,-1,-1,-1
189,22,235.58,360.89,443.73,911.87,1,-1,-1,-1
189,23,703.32,394.86,826.05,745.94,1,-1,-1,-1
189,20,450.56,453.75,526.44,641.76,1,-1,-1,-1
189,30,1069.53,391.51,1171.83,634.69,1,-1,-1,-1
189,24,619.57,447.03,681.23,599.61,1,-1,-1,-1
189,28,1270.18,422.41,1339.16,592.78,1,-1,-1,-1
189,29,1305.03,418.69,1375.49,591.23,1,-1,-1,-1
190,22,233.57,362.18,441.51,910.74,1,-1,-1,-1
190,23,702.31,395.53,824.61,746.34,1,-1,-1,-1
190,20,448.99,453.92,525.12,642.68,1,-1,-1,-1
190,30,1069.82,391.76,1171.38,633.70,1,-1,-1,-1
190,24,614.76,446.38,676.44,599.27,1,-1,-1,-1
190,28,1263.38,423.58,1331.99,592.33,1,-1,-1,-1
190,29,1298.03,417.72,1367.99,589.20,1,-1,-1,-1
191,22,228.22,362.68,436.25,910.30,1,-1,-1,-1
191,21,612.32,447.00,673.89,598.86,1,-1,-1,-1
191,23,698.00,395.13,820.83,748.43,1,-1,-1,-1
191,20,447.61,453.93,523.84,642.96,1,-1,-1,-1
191,30,1069.47,391.20,1171.00,633.97,1,-1,-1,-1
191,24,611.85,446.39,673.58,599.39,1,-1,-1,-1
191,28,1255.50,423.35,1324.53,592.15,1,-1,-1,-1
191,29,1290.74,417.33,1360.36,588.42,1,-1,-1,-1
192,22,221.46,362.21,429.97,910.13,1,-1,-1,-1
192,21,607.10,447.02,668.31,598.93,1,-1,-1,-1
192,23,695.78,394.99,818.13,747.87,1,-1,-1,-1
192,20,441.58,447.65,519.45,641.47,1,-1,-1,-1
192,30,1069.07,387.70,1171.13,633.40,1,-1,-1,-1
192,28,1248.18,424.57,1317.33,592.08,1,-1,-1,-1
192,29,1283.23,418.50,1353.49,590.77,1,-1,-1,-1
193,22,213.21,358.08,424.96,914.03,1,-1,-1,-1
193,21,605.28,448.36,664.50,596.29,1,-1,-1,-1
193,23,690.44,392.96,814.47,750.25,1,-1,-1,-1
193,20,436.25,446.28,514.12,640.49,1,-1,-1,-1
193,30,1069.12,386.39,1170.96,632.52,1,-1,-1,-1
193,28,1240.26,423.68,1310.36,592.05,1,-1,-1,-1
193,29,1275.93,417.61,1345.95,589.02,1,-1,-1,-1
194,22,209.91,356.53,422.86,915.49,1,-1,-1,-1
194,21,600.58,448.19,659.33,595.98,1,-1,-1,-1
194,23,688.58,394.17,811.75,748.49,1,-1,-1,-1
194,20,433.74,445.14,510.89,638.81,1,-1,-1,-1
194,30,1069.23,385.91,1170.81,632.84,1,-1,-1,-1
194,28,1232.36,423.34,1303.26,592.69,1,-1,-1,-1
194,29,1268.94,418.59,1337.92,587.02,1,-1,-1,-1
195,22,204.08,355.96,417.72,916.03,1,-1,-1,-1
195,21,597.46,448.36,656.00,595.63,1,-1,-1,-1
195,23,683.29,395.31,806.20,749.09,1,-1,-1,-1
195,20,428.88,445.41,505.81,638.85,1,-1,-1,-1
195,30,1069.99,387.07,1170.03,631.65,1,-1,-1,-1
195,28,1221.46,423.86,1292.52,592.28,1,-1,-1,-1
195,29,1257.19,418.95,1327.93,590.26,1,-1,-1,-1
196,22,197.78,357.08,410.93,914.89,1,-1,-1,-1
196,23,680.06,397.07,804.19,753.91,1,-1,-1,-1
196,20,422.59,444.22,499.93,638.88,1,-1,-1,-1
196,30,1070.21,388.86,1168.48,630.53,1,-1,-1,-1
196,28,1211.99,423.38,1283.10,591.45,1,-1,-1,-1
196,29,1248.18,417.10,1319.42,589.49,1,-1,-1,-1
197,22,190.52,356.87,404.29,915.10,1,-1,-1,-1
197,23,675.22,395.10,799.98,753.07,1,-1,-1,-1
197,20,419.44,443.42,497.03,638.68,1,-1,-1,-1
197,30,1070.42,390.21,1167.10,628.79,1,-1,-1,-1
197,44,555.97,424.92,628.75,616.00,1,-1,-1,-1
197,28,1203.38,421.87,1275.25,591.80,1,-1,-1,-1
197,29,1239.42,415.73,1311.54,589.85,1,-1,-1,-1
198,22,181.96,353.51,398.69,917.80,1,-1,-1,-1
198,23,672.49,394.35,796.82,752.04,1,-1,-1,-1
198,30,1066.56,390.06,1163.23,628.81,1,-1,-1,-1
198,44,551.50,424.21,624.12,616.71,1,-1,-1,-1
198,28,1192.35,421.30,1264.15,591.27,1,-1,-1,-1
198,29,1231.94,414.55,1304.05,588.66,1,-1,-1,-1
199,22,178.22,351.61,396.75,919.46,1,-1,-1,-1
199,23,667.21,392.75,792.16,752.94,1,-1,-1,-1
199,30,1064.76,390.01,1161.49,628.83,1,-1,-1,-1
199,44,549.05,423.26,622.75,616.97,1,-1,-1,-1
199,28,1183.95,422.40,1254.87,590.41,1,-1,-1,-1
199,29,1225.00,416.08,1295.35,586.89,1,-1,-1,-1
199,56,410.54,444.22,483.34,637.75,1,-1,-1,-1
200,22,172.49,351.57,391.47,919.41,1,-1,-1,-1
200,23,664.43,390.83,790.07,753.24,1,-1,-1,-1
200,30,1064.37,391.31,1159.93,627.52,1,-1,-1,-1
200,44,544.89,420.17,617.45,613.59,1,-1,-1,-1
200,28,1176.54,422.16,1246.96,590.09,1,-1,-1,-1
200,29,1218.02,416.68,1287.74,586.89,1,-1,-1,-1
200,56,407.63,442.45,479.50,633.36,1,-1,-1,-1
201,22,171.02,353.56,389.12,918.05,1,-1,-1,-1
201,21,414.80,443.33,488.18,630.01,1,-1,-1,-1
201,23,659.75,389.46,785.88,753.33,1,-1,-1,-1
201,30,1063.85,392.47,1158.45,626.38,1,-1,-1,-1
201,44,543.21,420.44,614.53,610.98,1,-1,-1,-1
201,28,1172.86,422.06,1242.85,589.98,1,-1,-1,-1
201,29,1212.12,415.57,1282.11,587.56,1,-1,-1,-1
201,56,404.51,441.62,476.10,631.80,1,-1,-1,-1
202,22,165.72,353.69,384.08,917.50,1,-1,-1,-1
202,21,397.89,442.99,472.47,632.72,1,-1,-1,-1
202,23,657.72,388.96,784.10,753.34,1,-1,-1,-1
202,30,1060.24,392.90,1154.71,626.63,1,-1,-1,-1
202,44,537.33,420.59,610.09,616.20,1,-1,-1,-1
202,28,1167.40,422.69,1236.72,589.28,1,-1,-1,-1
202,29,1205.32,415.82,1275.21,587.81,1,-1,-1,-1
202,56,401.09,443.55,473.78,636.91,1,-1,-1,-1
203,22,164.18,354.41,382.06,915.96,1,-1,-1,-1
203,23,656.59,389.45,782.70,752.66,1,-1,-1,-1
203,30,1057.96,392.39,1152.31,626.74,1,-1,-1,-1
203,44,535.31,418.65,608.54,614.77,1,-1,-1,-1
203,28,1157.89,422.26,1227.23,589.02,1,-1,-1,-1
203,29,1198.28,416.58,1267.73,587.25,1,-1,-1,-1
203,56,395.65,441.67,468.22,634.82,1,-1,-1,-1
204,22,158.19,352.72,377.79,917.35,1,-1,-1,-1
204,23,651.80,388.34,778.83,753.04,1,-1,-1,-1
204,30,1056.76,392.19,1151.18,627.46,1,-1,-1,-1
204,24,533.31,420.46,609.89,610.82,1,-1,-1,-1
204,44,532.40,417.86,605.89,614.66,1,-1,-1,-1
204,28,1149.33,422.10,1218.62,588.27,1,-1,-1,-1
204,29,1191.14,416.20,1260.69,587.04,1,-1,-1,-1
204,56,392.99,443.12,465.97,637.57,1,-1,-1,-1
205,22,156.08,353.41,375.67,917.87,1,-1,-1,-1
205,23,649.04,387.93,777.21,754.48,1,-1,-1,-1
205,30,1055.93,391.44,1150.57,627.74,1,-1,-1,-1
205,24,527.92,418.89,605.43,611.54,1,-1,-1,-1
205,44,529.01,418.59,602.36,613.33,1,-1,-1,-1
205,28,1142.12,422.70,1211.35,588.00,1,-1,-1,-1
205,29,1184.57,416.72,1253.87,586.97,1,-1,-1,-1
205,56,387.59,442.98,461.05,639.25,1,-1,-1,-1
206,22,150.44,351.71,371.47,920.04,1,-1,-1,-1
206,23,643.94,387.80,772.97,755.01,1,-1,-1,-1
206,30,1052.20,391.16,1147.23,628.52,1,-1,-1,-1
206,44,522.39,419.36,597.34,617.81,1,-1,-1,-1
206,28,1134.73,424.25,1203.96,588.57,1,-1,-1,-1
206,29,1177.07,416.92,1246.96,587.61,1,-1,-1,-1
206,56,384.77,442.93,458.34,639.87,1,-1,-1,-1
207,22,148.64,352.40,369.19,919.52,1,-1,-1,-1
207,23,641.08,386.45,771.84,756.51,1,-1,-1,-1
207,30,1051.11,390.39,1146.41,628.82,1,-1,-1,-1
207,24,517.64,420.06,597.12,617.92,1,-1,-1,-1
207,44,519.02,418.92,594.26,618.12,1,-1,-1,-1
207,28,1128.12,425.49,1197.00,588.13,1,-1,-1,-1
207,29,1170.15,416.99,1240.40,587.85,1,-1,-1,-1
207,56,380.78,443.59,453.87,639.41,1,-1,-1,-1
208,22,143.73,353.34,363.63,918.65,1,-1,-1,-1
208,23,639.54,386.62,771.43,758.37,1,-1,-1,-1
208,30,1051.17,392.08,1145.07,627.61,1,-1,-1,-1
208,24,512.29,418.83,592.71,619.03,1,-1,-1,-1
208,44,513.68,418.88,590.16,620.44,1,-1,-1,-1
208,28,1120.91,426.61,1189.75,588.64,1,-1,-1,-1
208,29,1162.83,419.00,1233.93,589.93,1,-1,-1,-1
208,56,377.80,443.18,451.33,640.56,1,-1,-1,-1
209,22,142.03,354.37,361.69,918.31,1,-1,-1,-1
209,23,634.68,384.73,768.54,760.37,1,-1,-1,-1
209,30,1051.41,394.72,1144.46,629.15,1,-1,-1,-1
209,24,510.39,420.23,590.07,619.26,1,-1,-1,-1
209,44,510.12,418.49,586.95,620.97,1,-1,-1,-1
209,28,1113.76,427.02,1182.78,589.50,1,-1,-1,-1
209,29,1155.70,421.08,1227.14,591.37,1,-1,-1,-1
209,56,372.77,443.03,447.26,642.98,1,-1,-1,-1
210,22,136.19,356.75,357.19,923.46,1,-1,-1,-1
210,23,632.02,386.00,767.14,765.03,1,-1,-1,-1
210,30,1051.11,394.37,1144.72,631.05,1,-1,-1,-1
210,24,504.99,420.41,584.72,620.76,1,-1,-1,-1
210,28,1106.15,426.49,1176.38,591.81,1,-1,-1,-1
210,29,1148.29,421.85,1220.60,592.57,1,-1,-1,-1
210,56,370.06,443.63,444.82,644.53,1,-1,-1,-1
211,22,134.26,357.64,355.52,925.38,1,-1,-1,-1
211,23,630.92,387.16,766.24,766.77,1,-1,-1,-1
211,30,1051.22,396.87,1143.35,630.44,1,-1,-1,-1
211,24,502.41,421.79,581.60,621.94,1,-1,-1,-1
211,28,1098.77,426.28,1169.13,592.02,1,-1,-1,-1
211,29,1140.91,423.44,1213.34,593.01,1,-1,-1,-1
211,56,364.97,444.53,439.66,645.09,1,-1,-1,-1
212,22,129.25,359.29,349.56,924.76,1,-1,-1,-1
212,23,626.79,388.93,761.94,767.39,1,-1,-1,-1
212,30,1047.35,397.80,1139.54,632.19,1,-1,-1,-1
212,24,497.80,422.35,577.17,623.01,1,-1,-1,-1
212,28,1091.82,427.51,1161.20,591.43,1,-1,-1,-1
212,29,1133.69,425.35,1205.67,592.49,1,-1,-1,-1
212,56,361.14,444.61,436.07,645.81,1,-1,-1,-1
212,65,104.74,467.78,190.91,647.02,1,-1,-1,-1
213,22,121.93,357.26,344.44,927.14,1,-1,-1,-1
213,23,624.59,389.62,760.47,768.89,1,-1,-1,-1
213,30,1045.81,397.47,1138.27,632.18,1,-1,-1,-1
213,24,494.97,424.55,574.92,626.65,1,-1,-1,-1
213,28,1085.47,428.62,1153.26,589.87,1,-1,-1,-1
213,29,1126.73,426.71,1197.63,590.95,1,-1,-1,-1
213,56,352.33,446.49,428.26,649.24,1,-1,-1,-1
213,65,101.41,468.10,187.52,647.20,1,-1,-1,-1
213,67,1737.09,357.87,1915.74,895.31,1,-1,-1,-1
214,22,118.79,356.48,342.51,928.67,1,-1,-1,-1
214,23,623.27,389.22,759.95,770.06,1,-1,-1,-1
214,30,1044.75,397.32,1137.72,632.82,1,-1,-1,-1
214,24,490.32,424.29,570.91,628.00,1,-1,-1,-1
214,44,491.08,425.33,568.21,628.62,1,-1,-1,-1
214,28,1078.19,429.08,1145.78,589.83,1,-1,-1,-1
214,29,1120.17,427.18,1190.49,590.36,1,-1,-1,-1
214,56,348.69,447.60,424.72,649.41,1,-1,-1,-1
214,67,1728.16,358.22,1906.63,889.02,1,-1,-1,-1
215,22,112.64,355.52,337.83,930.53,1,-1,-1,-1
215,23,619.24,392.36,756.23,773.09,1,-1,-1,-1
215,30,1043.48,397.25,1137.16,633.71,1,-1,-1,-1
215,24,489.41,428.63,567.34,625.99,1,-1,-1,-1
215,44,487.41,425.69,564.77,629.58,1,-1,-1,-1
215,29,1113.34,427.33,1182.79,588.80,1,-1,-1,-1
215,56,342.78,447.33,419.61,650.11,1,-1,-1,-1
215,67,1713.06,359.76,1895.72,893.69,1,-1,-1,-1
216,22,105.83,354.50,332.29,931.86,1,-1,-1,-1
216,23,617.26,394.21,754.14,774.19,1,-1,-1,-1
216,30,1042.10,396.55,1136.63,634.03,1,-1,-1,-1
216,24,485.13,428.83,563.38,627.01,1,-1,-1,-1
216,44,484.29,426.80,561.52,630.91,1,-1,-1,-1
216,29,1106.06,426.68,1175.87,589.55,1,-1,-1,-1
216,56,340.24,447.87,416.99,649.68,1,-1,-1,-1
216,67,1698.62,365.95,1881.40,889.58,1,-1,-1,-1
217,22,103.03,354.12,330.05,932.32,1,-1,-1,-1
217,23,616.00,390.94,753.40,771.92,1,-1,-1,-1
217,30,1041.67,396.27,1137.08,634.80,1,-1,-1,-1
217,44,482.60,427.07,559.71,631.29,1,-1,-1,-1
217,29,1102.21,426.42,1172.29,590.50,1,-1,-1,-1
217,56,335.87,447.40,413.14,650.15,1,-1,-1,-1
217,67,1688.24,364.51,1873.46,883.90,1,-1,-1,-1
218,22,103.10,355.29,329.06,931.14,1,-1,-1,-1
218,23,615.57,389.03,753.26,771.01,1,-1,-1,-1
218,30,1037.97,396.16,1133.63,634.42,1,-1,-1,-1
218,44,478.05,425.84,555.18,631.41,1,-1,-1,-1
218,29,1097.21,427.62,1166.43,590.20,1,-1,-1,-1
218,56,333.12,447.22,410.45,649.64,1,-1,-1,-1
218,67,1669.53,366.70,1856.72,879.19,1,-1,-1,-1
219,22,98.33,355.75,323.90,930.65,1,-1,-1,-1
219,23,615.16,388.30,752.98,769.96,1,-1,-1,-1
219,30,1036.66,397.43,1131.65,633.60,1,-1,-1,-1
219,44,476.00,426.02,552.74,630.77,1,-1,-1,-1
219,29,1090.76,426.73,1160.04,590.08,1,-1,-1,-1
219,56,328.18,446.48,406.38,650.74,1,-1,-1,-1
219,67,1651.75,368.10,1842.72,876.92,1,-1,-1,-1
220,22,96.88,355.92,321.89,930.44,1,-1,-1,-1
220,23,615.60,388.69,753.09,768.88,1,-1,-1,-1
220,30,1036.20,398.56,1130.97,633.27,1,-1,-1,-1
220,44,472.21,427.41,547.84,629.17,1,-1,-1,-1
220,29,1084.56,426.38,1153.97,590.69,1,-1,-1,-1
220,56,1183.93,396.85,1342.43,797.85,1,-1,-1,-1
220,67,1640.78,369.68,1830.24,874.48,1,-1,-1,-1
221,22,96.24,356.64,320.86,929.67,1,-1,-1,-1
221,23,615.01,387.53,753.38,769.77,1,-1,-1,-1
221,30,1035.74,399.64,1130.46,632.48,1,-1,-1,-1
221,44,470.73,428.58,545.64,627.87,1,-1,-1,-1
221,29,1078.30,426.23,1147.52,590.92,1,-1,-1,-1
221,56,1455.98,380.68,1645.55,845.92,1,-1,-1,-1
221,65,309.27,447.28,405.07,649.98,1,-1,-1,-1
222,22,91.76,356.92,316.39,928.70,1,-1,-1,-1
222,23,611.54,388.41,749.61,769.43,1,-1,-1,-1
222,30,1034.23,399.37,1130.37,633.51,1,-1,-1,-1
222,44,469.08,428.34,544.86,629.37,1,-1,-1,-1
222,29,1072.11,431.45,1139.50,591.67,1,-1,-1,-1
222,56,1582.05,372.63,1789.70,869.17,1,-1,-1,-1
222,65,317.59,445.78,413.09,651.43,1,-1,-1,-1
222,73,1736.83,470.92,1886.14,845.61,1,-1,-1,-1
223,22,90.26,357.01,314.77,928.32,1,-1,-1,-1
223,23,610.16,388.76,748.37,769.28,1,-1,-1,-1
223,30,1033.64,400.57,1129.78,632.56,1,-1,-1,-1
223,44,464.76,428.90,540.56,629.91,1,-1,-1,-1
223,29,1500.72,458.82,1627.74,759.70,1,-1,-1,-1
223,56,1623.91,368.69,1842.01,878.76,1,-1,-1,-1
223,65,320.25,445.26,414.46,651.30,1,-1,-1,-1
223,73,1730.05,470.33,1878.11,841.88,1,-1,-1,-1
224,22,89.31,357.05,314.16,929.49,1,-1,-1,-1
224,23,608.74,387.57,748.27,771.19,1,-1,-1,-1
224,30,1029.27,398.36,1128.49,634.86,1,-1,-1,-1
224,44,462.26,428.44,538.71,630.77,1,-1,-1,-1
224,29,1629.07,470.32,1773.65,811.04,1,-1,-1,-1
224,56,1629.91,370.30,1851.10,878.47,1,-1,-1,-1
224,65,317.54,445.79,410.13,651.23,1,-1,-1,-1
225,22,84.77,357.05,309.75,929.27,1,-1,-1,-1
225,23,607.23,385.81,748.67,773.87,1,-1,-1,-1
225,30,1027.46,400.15,1127.61,637.68,1,-1,-1,-1
225,44,461.05,428.91,537.20,630.41,1,-1,-1,-1
225,29,1683.79,474.21,1837.64,837.17,1,-1,-1,-1
225,56,1620.67,370.55,1841.09,870.22,1,-1,-1,-1
225,65,315.94,446.06,407.08,651.19,1,-1,-1,-1
226,22,82.82,357.05,307.90,929.83,1,-1,-1,-1
226,23,606.32,383.84,749.27,776.18,1,-1,-1,-1
226,30,1027.03,401.48,1127.12,638.08,1,-1,-1,-1
226,24,315.35,445.57,396.06,651.58,1,-1,-1,-1
226,44,457.76,431.06,532.43,628.94,1,-1,-1,-1
226,29,1697.57,476.94,1853.68,846.59,1,-1,-1,-1
226,53,1778.46,360.04,1935.26,824.90,1,-1,-1,-1
226,56,1604.13,370.21,1825.44,867.58,1,-1,-1,-1
226,65,328.65,444.72,420.52,651.48,1,-1,-1,-1
227,22,78.43,358.37,302.50,928.71,1,-1,-1,-1
227,23,602.62,383.76,745.10,775.72,1,-1,-1,-1
227,30,1025.89,397.35,1128.00,638.21,1,-1,-1,-1
227,24,308.71,446.93,389.02,652.49,1,-1,-1,-1
227,44,455.65,429.86,531.07,629.70,1,-1,-1,-1
227,28,1007.80,437.95,1074.41,593.93,1,-1,-1,-1
227,29,1692.21,476.08,1849.73,850.97,1,-1,-1,-1
227,53,1792.76,360.94,1945.53,817.31,1,-1,-1,-1
227,56,1683.89,365.38,1913.74,881.94,1,-1,-1,-1
227,67,1543.71,376.16,1733.31,863.78,1,-1,-1,-1
228,22,76.64,359.52,300.17,928.28,1,-1,-1,-1
228,23,1371.36,371.24,1525.86,797.89,1,-1,-1,-1
228,30,1024.96,395.79,1128.26,638.90,1,-1,-1,-1
228,24,302.93,448.05,382.11,651.48,1,-1,-1,-1
228,44,451.38,429.40,526.99,629.97,1,-1,-1,-1
228,28,1000.65,437.49,1068.12,593.36,1,-1,-1,-1
228,29,1679.71,475.61,1837.50,852.78,1,-1,-1,-1
228,53,1018.54,375.22,1159.06,791.15,1,-1,-1,-1
228,67,1526.42,374.33,1722.49,865.44,1,-1,-1,-1
229,22,76.39,360.61,299.12,927.45,1,-1,-1,-1
229,23,1649.92,369.17,1810.59,808.62,1,-1,-1,-1
229,30,1024.68,395.20,1128.37,639.15,1,-1,-1,-1
229,24,300.68,447.76,379.86,651.69,1,-1,-1,-1
229,44,449.44,429.88,524.66,629.41,1,-1,-1,-1
229,28,994.65,439.34,1060.99,591.18,1,-1,-1,-1
229,29,1665.77,477.19,1820.97,850.38,1,-1,-1,-1
229,53,714.63,382.21,851.75,786.39,1,-1,-1,-1
229,67,1511.20,373.07,1710.36,861.31,1,-1,-1,-1
230,22,71.65,360.35,294.99,927.80,1,-1,-1,-1
230,23,1747.79,366.49,1913.62,815.37,1,-1,-1,-1
230,30,1025.17,396.95,1126.57,636.59,1,-1,-1,-1
230,24,296.86,449.59,374.87,651.06,1,-1,-1,-1
230,44,447.74,428.72,523.66,630.51,1,-1,-1,-1
230,28,987.73,440.68,1054.14,591.70,1,-1,-1,-1
230,29,1644.74,476.42,1799.89,850.00,1,-1,-1,-1
230,53,609.50,385.31,745.13,783.41,1,-1,-1,-1
230,67,1500.12,372.57,1701.59,857.84,1,-1,-1,-1
231,22,68.98,358.91,293.89,928.59,1,-1,-1,-1
231,23,1776.36,361.63,1946.03,815.93,1,-1,-1,-1
231,30,1022.20,397.63,1122.49,635.59,1,-1,-1,-1
231,24,295.64,450.24,373.02,650.09,1,-1,-1,-1
231,44,444.10,430.26,519.25,629.60,1,-1,-1,-1
231,28,980.25,443.15,1047.62,594.57,1,-1,-1,-1
231,29,1627.59,474.09,1780.27,842.95,1,-1,-1,-1
231,53,571.06,385.69,706.93,783.10,1,-1,-1,-1
231,67,1488.14,376.35,1688.56,851.28,1,-1,-1,-1
232,22,64.32,360.34,288.76,926.91,1,-1,-1,-1
232,23,1042.40,376.64,1197.97,796.59,1,-1,-1,-1
232,30,1020.95,397.89,1120.51,635.22,1,-1,-1,-1
232,24,290.68,451.10,368.27,651.01,1,-1,-1,-1
232,44,441.12,429.51,517.40,631.23,1,-1,-1,-1
232,28,972.86,443.37,1040.96,595.63,1,-1,-1,-1
232,29,1610.05,476.28,1762.53,844.06,1,-1,-1,-1
232,53,1318.27,369.59,1470.80,801.93,1,-1,-1,-1
232,67,1473.59,377.08,1676.12,849.59,1,-1,-1,-1
233,22,61.88,360.21,287.06,926.27,1,-1,-1,-1
233,23,1500.56,367.30,1665.30,806.12,1,-1,-1,-1
233,30,1019.72,397.32,1119.28,636.40,1,-1,-1,-1
233,24,289.22,450.72,366.75,650.66,1,-1,-1,-1
233,44,439.90,430.54,515.69,630.52,1,-1,-1,-1
233,28,969.81,444.08,1037.89,596.68,1,-1,-1,-1
233,29,1597.12,476.38,1750.05,844.66,1,-1,-1,-1
233,53,858.45,379.96,1002.86,790.60,1,-1,-1,-1
233,67,1459.08,377.98,1662.91,848.39,1,-1,-1,-1
234,22,56.47,360.15,282.55,926.70,1,-1,-1,-1
234,23,1648.34,363.35,1817.77,808.19,1,-1,-1,-1
234,30,1019.93,401.06,1117.59,636.84,1,-1,-1,-1
234,24,289.06,451.20,365.77,649.83,1,-1,-1,-1
234,44,435.23,430.27,511.54,630.90,1,-1,-1,-1
234,28,967.89,444.32,1036.01,597.06,1,-1,-1,-1
234,29,1583.00,478.28,1735.00,842.50,1,-1,-1,-1
234,53,669.92,384.22,811.14,786.63,1,-1,-1,-1
234,67,1444.26,379.61,1649.08,846.70,1,-1,-1,-1
235,22,54.62,360.78,280.23,924.88,1,-1,-1,-1
235,23,1692.97,362.52,1865.92,809.54,1,-1,-1,-1
235,30,1015.45,397.84,1114.30,637.66,1,-1,-1,-1
235,24,285.01,452.01,361.37,650.15,1,-1,-1,-1
235,44,430.24,433.46,506.15,632.35,1,-1,-1,-1
235,28,962.65,444.37,1031.00,597.18,1,-1,-1,-1
235,29,1204.83,451.49,1300.81,682.51,1,-1,-1,-1
235,53,598.64,386.42,738.11,785.87,1,-1,-1,-1
235,67,1429.16,381.52,1635.20,845.50,1,-1,-1,-1
236,22,54.08,362.34,278.79,922.87,1,-1,-1,-1
236,23,1695.75,360.31,1874.31,811.94,1,-1,-1,-1
236,30,1014.12,397.29,1112.16,636.65,1,-1,-1,-1
236,24,278.54,452.85,354.81,650.72,1,-1,-1,-1
236,44,426.76,433.99,503.28,633.56,1,-1,-1,-1
236,28,953.42,445.03,1021.56,596.55,1,-1,-1,-1
236,29,1034.29,436.91,1107.05,612.62,1,-1,-1,-1
236,53,574.16,385.85,713.26,786.30,1,-1,-1,-1
236,67,1414.65,383.53,1621.27,843.13,1,-1,-1,-1
236,73,1534.71,480.93,1671.11,817.90,1,-1,-1,-1
237,22,49.72,363.57,274.02,921.47,1,-1,-1,-1
237,23,1684.35,360.83,1866.91,811.46,1,-1,-1,-1
237,30,1013.24,398.40,1109.85,635.59,1,-1,-1,-1
237,44,421.61,434.17,498.35,634.00,1,-1,-1,-1
237,28,944.91,444.58,1013.52,596.29,1,-1,-1,-1
237,29,986.13,430.89,1054.92,596.82,1,-1,-1,-1
237,53,566.78,386.93,704.83,785.83,1,-1,-1,-1
237,67,1405.01,381.56,1612.04,837.66,1,-1,-1,-1
237,73,1519.53,480.48,1657.43,818.73,1,-1,-1,-1
238,22,48.96,366.67,270.92,917.64,1,-1,-1,-1
238,23,1667.45,362.41,1852.56,809.22,1,-1,-1,-1
238,30,1009.42,398.82,1105.30,635.19,1,-1,-1,-1
238,44,418.40,433.56,496.02,634.81,1,-1,-1,-1
238,28,937.47,443.72,1006.60,596.18,1,-1,-1,-1
238,29,969.55,430.86,1036.49,592.10,1,-1,-1,-1
238,53,565.03,384.64,704.70,787.01,1,-1,-1,-1
238,56,1448.44,376.79,1659.88,843.76,1,-1,-1,-1
238,67,1392.82,382.37,1598.35,835.14,1,-1,-1,-1
238,73,1505.38,481.00,1643.30,818.32,1,-1,-1,-1
239,22,49.18,368.48,269.49,915.57,1,-1,-1,-1
239,23,1649.53,364.38,1836.42,806.31,1,-1,-1,-1
239,30,1007.70,398.98,1102.68,634.38,1,-1,-1,-1
239,44,413.80,434.63,490.86,633.78,1,-1,-1,-1
239,28,933.14,442.72,1003.33,597.46,1,-1,-1,-1
239,29,961.30,430.26,1028.50,591.33,1,-1,-1,-1
239,53,561.85,384.41,701.63,787.48,1,-1,-1,-1
239,56,1395.86,379.11,1604.71,835.84,1,-1,-1,-1
239,73,1491.25,480.51,1629.37,818.90,1,-1,-1,-1
240,22,44.81,366.47,264.32,909.51,1,-1,-1,-1
240,23,1635.24,365.84,1824.16,804.49,1,-1,-1,-1
240,30,1006.47,399.03,1101.08,634.74,1,-1,-1,-1
240,44,407.75,435.02,484.86,634.03,1,-1,-1,-1
240,28,926.86,442.33,997.31,597.27,1,-1,-1,-1
240,29,958.54,430.88,1025.57,590.88,1,-1,-1,-1
240,53,561.28,383.64,701.65,787.68,1,-1,-1,-1
240,56,1374.89,377.44,1585.97,836.48,1,-1,-1,-1
240,73,1475.56,476.97,1617.06,823.18,1,-1,-1,-1
241,22,37.39,363.68,259.07,909.95,1,-1,-1,-1
241,23,1617.78,361.12,1810.06,801.78,1,-1,-1,-1
241,30,1002.28,397.72,1097.08,635.54,1,-1,-1,-1
241,44,404.62,434.49,482.41,634.78,1,-1,-1,-1
241,28,920.58,442.17,991.47,597.84,1,-1,-1,-1
241,29,954.66,431.19,1022.14,591.22,1,-1,-1,-1
241,53,558.44,382.67,699.67,789.09,1,-1,-1,-1
241,56,1357.01,376.19,1569.07,836.65,1,-1,-1,-1
241,73,1463.23,480.26,1601.42,818.88,1,-1,-1,-1
242,22,35.45,364.62,256.49,908.18,1,-1,-1,-1
242,23,1600.46,359.37,1794.72,800.74,1,-1,-1,-1
242,30,1000.36,398.55,1094.07,634.53,1,-1,-1,-1
242,44,400.20,432.96,477.08,630.43,1,-1,-1,-1
242,28,913.82,442.11,984.88,597.39,1,-1,-1,-1
242,29,949.26,431.36,1017.52,592.37,1,-1,-1,-1
242,53,557.56,382.30,699.03,788.98,1,-1,-1,-1
242,56,1340.57,374.42,1553.97,837.32,1,-1,-1,-1
242,73,1449.87,481.53,1586.15,817.26,1,-1,-1,-1
243,22,35.13,365.62,255.38,907.58,1,-1,-1,-1
243,23,915.61,373.92,1096.35,793.07,1,-1,-1,-1
243,30,995.66,397.54,1089.78,635.47,1,-1,-1,-1
243,44,397.21,430.37,475.36,630.75,1,-1,-1,-1
243,28,907.20,442.74,978.32,597.21,1,-1,-1,-1
243,29,943.09,430.79,1012.35,593.05,1,-1,-1,-1
243,53,532.30,382.43,673.67,788.82,1,-1,-1,-1
243,56,1325.46,375.14,1537.81,836.16,1,-1,-1,-1
243,73,1435.90,481.96,1571.54,816.11,1,-1,-1,-1
244,22,29.41,363.34,251.51,909.39,1,-1,-1,-1
244,23,1326.40,364.74,1512.03,795.51,1,-1,-1,-1
244,30,993.25,397.82,1087.00,635.82,1,-1,-1,-1
244,44,391.95,429.41,470.54,630.88,1,-1,-1,-1
244,28,899.20,439.00,971.24,595.81,1,-1,-1,-1
244,29,937.07,431.30,1006.34,592.84,1,-1,-1,-1
244,53,552.05,382.13,693.48,788.15,1,-1,-1,-1
244,56,1311.06,377.48,1521.22,833.66,1,-1,-1,-1
244,73,1426.87,482.87,1560.74,815.78,1,-1,-1,-1
245,22,27.41,362.47,250.13,910.12,1,-1,-1,-1
245,23,1465.43,361.44,1652.17,796.39,1,-1,-1,-1
245,30,988.85,397.93,1082.35,635.96,1,-1,-1,-1
245,44,386.76,430.37,464.27,629.61,1,-1,-1,-1
245,28,891.85,437.60,964.13,595.28,1,-1,-1,-1
245,29,930.88,431.53,1000.21,592.96,1,-1,-1,-1
245,53,549.89,382.07,691.44,788.66,1,-1,-1,-1
245,56,1296.10,377.71,1506.17,833.36,1,-1,-1,-1
245,73,1414.95,479.03,1547.77,810.83,1,-1,-1,-1
