3,1,1282.24,212.25,1596.52,960.76,1,-1,-1,-1
3,2,645.18,382.02,767.82,705.00,1,-1,-1,-1
3,3,244.47,381.00,360.52,648.00,1,-1,-1,-1
3,4,409.00,399.00,508.00,644.00,1,-1,-1,-1
3,5,768.15,402.00,872.85,656.22,1,-1,-1,-1
4,1,1282.48,212.07,1596.49,960.21,1,-1,-1,-1
4,2,645.18,382.05,767.82,705.00,1,-1,-1,-1
4,3,244.43,381.00,360.52,648.00,1,-1,-1,-1
4,4,409.00,399.00,508.00,644.00,1,-1,-1,-1
4,5,768.20,402.00,872.80,655.98,1,-1,-1,-1
5,1,1282.17,212.01,1596.13,960.03,1,-1,-1,-1
5,2,645.17,382.05,767.83,705.00,1,-1,-1,-1
5,3,244.81,381.00,360.89,648.00,1,-1,-1,-1
5,4,409.00,399.00,508.00,644.00,1,-1,-1,-1
5,5,768.06,402.00,872.94,656.66,1,-1,-1,-1
6,1,1282.77,213.42,1595.29,958.54,1,-1,-1,-1
6,2,645.16,382.04,767.84,705.00,1,-1,-1,-1
6,3,244.93,381.00,361.01,648.00,1,-1,-1,-1
6,4,409.00,399.00,508.00,644.00,1,-1,-1,-1
6,5,768.15,402.00,872.85,656.18,1,-1,-1,-1
7,1,1283.28,214.62,1594.71,957.33,1,-1,-1,-1
7,2,645.15,382.03,767.85,705.00,1,-1,-1,-1
7,3,244.60,381.00,360.73,648.00,1,-1,-1,-1
7,4,409.00,399.00,508.00,644.00,1,-1,-1,-1
7,5,768.17,402.00,872.83,656.02,1,-1,-1,-1
8,1,1278.49,214.34,1590.49,958.30,1,-1,-1,-1
8,2,645.14,382.03,767.86,705.00,1,-1,-1,-1
8,3,244.83,381.00,360.96,648.00,1,-1,-1,-1
8,4,409.00,399.00,508.00,644.00,1,-1,-1,-1
8,5,768.17,402.00,872.83,655.96,1,-1,-1,-1
9,1,1281.99,214.90,1593.31,958.00,1,-1,-1,-1
9,2,645.25,382.02,767.75,704.32,1,-1,-1,-1
9,3,244.92,381.00,361.04,648.00,1,-1,-1,-1
9,4,409.00,399.00,508.00,644.00,1,-1,-1,-1
9,5,768.16,402.00,872.84,655.95,1,-1,-1,-1
10,1,1282.87,218.47,1594.81,963.31,1,-1,-1,-1
10,2,645.16,382.02,767.84,704.75,1,-1,-1,-1
10,3,244.96,381.00,361.06,648.00,1,-1,-1,-1
10,4,409.12,399.68,507.88,644.00,1,-1,-1,-1
10,5,768.15,402.00,872.85,655.95,1,-1,-1,-1
11,1,1282.36,218.43,1595.54,966.63,1,-1,-1,-1
11,2,645.12,382.02,767.88,704.91,1,-1,-1,-1
11,3,244.97,381.00,361.06,648.00,1,-1,-1,-1
11,4,409.04,399.25,507.96,644.00,1,-1,-1,-1
11,5,767.84,402.00,872.49,655.95,1,-1,-1,-1
12,1,1282.17,218.38,1595.81,968.51,1,-1,-1,-1
12,2,645.10,382.01,767.90,704.97,1,-1,-1,-1
12,3,244.97,381.00,361.06,648.00,1,-1,-1,-1
12,4,409.01,399.09,507.99,644.00,1,-1,-1,-1
12,5,767.74,402.00,872.34,655.96,1,-1,-1,-1
13,1,1282.08,217.00,1596.59,970.51,1,-1,-1,-1
13,2,645.09,382.01,767.91,704.99,1,-1,-1,-1
13,3,244.98,381.00,361.06,648.00,1,-1,-1,-1
13,4,408.99,399.03,508.01,644.00,1,-1,-1,-1
13,5,767.72,402.00,872.27,655.97,1,-1,-1,-1
14,1,1282.74,217.12,1596.19,969.89,1,-1,-1,-1
14,2,644.59,381.34,767.74,705.00,1,-1,-1,-1
14,3,244.98,381.00,361.05,648.00,1,-1,-1,-1
14,4,408.99,399.01,508.01,644.00,1,-1,-1,-1
14,5,767.90,402.00,872.73,656.64,1,-1,-1,-1
15,1,1283.83,213.84,1595.20,964.30,1,-1,-1,-1
15,2,644.50,381.76,767.59,705.00,1,-1,-1,-1
15,3,244.98,381.00,361.05,648.00,1,-1,-1,-1
15,4,409.11,399.67,507.89,644.00,1,-1,-1,-1
15,5,768.09,402.00,872.78,656.22,1,-1,-1,-1
16,1,1284.31,211.92,1594.75,962.82,1,-1,-1,-1
16,2,644.82,381.92,767.84,705.00,1,-1,-1,-1
16,3,244.86,380.34,361.17,648.00,1,-1,-1,-1
16,4,409.03,399.25,507.97,644.00,1,-1,-1,-1
16,5,767.91,401.34,873.05,656.73,1,-1,-1,-1
17,1,1284.84,210.55,1594.88,962.93,1,-1,-1,-1
17,2,644.83,381.31,768.05,705.00,1,-1,-1,-1
17,3,244.57,380.75,360.79,648.00,1,-1,-1,-1
17,4,409.00,399.09,508.00,644.00,1,-1,-1,-1
17,5,768.09,401.75,872.90,656.26,1,-1,-1,-1
18,1,1290.25,216.00,1598.32,965.62,1,-1,-1,-1
18,2,644.84,381.09,768.12,705.00,1,-1,-1,-1
18,3,244.81,380.91,360.96,648.00,1,-1,-1,-1
18,4,408.99,399.03,508.01,644.00,1,-1,-1,-1
18,5,767.91,401.25,873.09,656.75,1,-1,-1,-1
19,1,1292.52,218.07,1599.39,966.63,1,-1,-1,-1
19,2,644.48,381.00,767.85,705.00,1,-1,-1,-1
19,3,244.41,380.31,360.85,648.00,1,-1,-1,-1
19,4,408.98,399.01,508.02,644.00,1,-1,-1,-1
19,5,767.85,401.06,873.15,656.93,1,-1,-1,-1
20,1,1293.64,218.84,1599.46,967.00,1,-1,-1,-1
20,2,644.43,381.64,767.66,705.00,1,-1,-1,-1
20,3,244.62,380.08,361.11,648.00,1,-1,-1,-1
20,4,408.98,399.00,508.02,644.00,1,-1,-1,-1
20,5,767.84,400.99,873.17,656.99,1,-1,-1,-1
21,1,1294.60,219.77,1598.90,966.47,1,-1,-1,-1
21,2,644.39,381.88,767.61,705.00,1,-1,-1,-1
21,3,244.34,380.00,360.91,648.00,1,-1,-1,-1
21,4,408.98,398.99,508.02,644.00,1,-1,-1,-1
21,5,767.85,400.97,873.16,657.02,1,-1,-1,-1
22,1,1295.58,220.10,1598.68,965.59,1,-1,-1,-1
22,2,644.36,381.97,767.62,705.00,1,-1,-1,-1
22,3,244.72,380.63,361.01,648.00,1,-1,-1,-1
22,4,408.98,398.99,508.02,644.00,1,-1,-1,-1
22,5,767.86,400.96,873.15,657.02,1,-1,-1,-1
23,1,1295.85,220.87,1597.99,965.25,1,-1,-1,-1
23,2,644.32,382.00,767.64,705.00,1,-1,-1,-1
23,3,244.37,380.21,360.88,648.00,1,-1,-1,-1
23,4,408.99,398.99,508.01,644.00,1,-1,-1,-1
23,5,767.87,400.96,873.14,657.02,1,-1,-1,-1
24,1,1295.60,219.82,1598.03,966.44,1,-1,-1,-1
24,2,644.29,382.01,767.67,705.00,1,-1,-1,-1
24,3,244.61,380.05,361.13,648.00,1,-1,-1,-1
24,4,408.99,399.00,508.01,644.00,1,-1,-1,-1
24,5,767.88,400.97,873.12,657.02,1,-1,-1,-1
25,1,1295.65,219.40,1597.87,966.88,1,-1,-1,-1
25,2,644.27,382.02,767.70,705.00,1,-1,-1,-1
25,3,244.33,380.00,360.92,648.00,1,-1,-1,-1
25,4,408.99,399.00,508.01,644.00,1,-1,-1,-1
25,5,767.89,400.97,873.11,657.02,1,-1,-1,-1
26,1,1295.69,219.23,1597.75,967.70,1,-1,-1,-1
26,2,644.24,382.01,767.73,705.00,1,-1,-1,-1
26,3,244.22,379.98,360.85,648.00,1,-1,-1,-1
26,4,408.99,399.00,508.01,644.00,1,-1,-1,-1
26,5,767.90,400.97,873.10,657.02,1,-1,-1,-1
27,1,1296.09,218.49,1597.95,968.00,1,-1,-1,-1
27,2,644.22,382.01,767.76,705.00,1,-1,-1,-1
27,3,244.29,380.63,360.72,648.00,1,-1,-1,-1
27,4,408.99,399.00,508.01,644.00,1,-1,-1,-1
27,5,767.91,400.98,873.09,657.02,1,-1,-1,-1
28,1,1295.85,216.89,1598.39,969.42,1,-1,-1,-1
28,2,644.47,381.35,768.17,705.00,1,-1,-1,-1
28,3,244.18,380.22,360.81,648.00,1,-1,-1,-1
28,4,408.99,399.00,508.01,644.00,1,-1,-1,-1
28,5,767.92,400.98,873.08,657.01,1,-1,-1,-1
29,1,1295.74,216.94,1597.89,969.29,1,-1,-1,-1
29,2,644.38,381.10,768.51,705.66,1,-1,-1,-1
29,3,244.13,380.07,360.85,648.00,1,-1,-1,-1
29,4,408.99,399.00,508.01,644.00,1,-1,-1,-1
29,5,767.93,400.98,873.07,657.01,1,-1,-1,-1
30,1,1296.29,217.62,1597.76,968.56,1,-1,-1,-1
30,2,644.43,381.01,768.56,705.91,1,-1,-1,-1
30,3,244.10,380.01,360.88,648.00,1,-1,-1,-1
30,4,408.99,399.00,508.01,644.00,1,-1,-1,-1
30,5,767.94,400.98,873.07,657.01,1,-1,-1,-1
31,1,1295.68,216.56,1597.83,969.60,1,-1,-1,-1
31,2,644.76,380.98,768.92,706.00,1,-1,-1,-1
31,3,244.09,379.99,360.89,648.00,1,-1,-1,-1
31,4,408.99,399.00,508.01,644.00,1,-1,-1,-1
31,5,767.94,400.99,873.06,657.01,1,-1,-1,-1
32,1,1289.91,214.18,1594.16,971.95,1,-1,-1,-1
32,2,644.51,380.97,768.77,706.03,1,-1,-1,-1
32,3,244.08,379.98,360.90,648.00,1,-1,-1,-1
32,4,408.99,399.00,508.01,644.00,1,-1,-1,-1
32,5,767.95,400.99,873.05,657.01,1,-1,-1,-1
33,1,1288.02,214.60,1592.47,972.17,1,-1,-1,-1
33,2,644.39,380.97,768.73,706.04,1,-1,-1,-1
33,3,244.07,379.98,360.91,648.00,1,-1,-1,-1
33,4,408.99,399.00,508.01,644.00,1,-1,-1,-1
33,5,767.95,400.99,873.05,657.01,1,-1,-1,-1
34,1,1287.18,215.44,1591.98,971.57,1,-1,-1,-1
34,2,644.44,380.97,768.62,705.38,1,-1,-1,-1
34,3,244.06,379.98,360.92,648.00,1,-1,-1,-1
34,4,409.00,399.00,508.00,644.00,1,-1,-1,-1
34,5,767.96,400.99,873.04,657.01,1,-1,-1,-1
35,1,1286.64,215.10,1592.06,971.33,1,-1,-1,-1
35,2,644.32,380.97,768.71,705.79,1,-1,-1,-1
35,3,244.06,379.98,360.93,648.00,1,-1,-1,-1
35,4,408.88,399.00,508.12,644.66,1,-1,-1,-1
35,5,767.96,400.99,873.04,657.01,1,-1,-1,-1
36,1,1286.28,214.98,1592.28,971.88,1,-1,-1,-1
36,2,644.26,380.98,768.76,705.94,1,-1,-1,-1
36,3,244.05,379.99,360.94,648.00,1,-1,-1,-1
36,4,408.85,399.00,508.15,644.91,1,-1,-1,-1
36,5,767.97,400.99,873.04,657.01,1,-1,-1,-1
37,1,1287.09,217.58,1591.46,969.44,1,-1,-1,-1
37,2,644.22,380.98,768.79,706.00,1,-1,-1,-1
37,3,244.05,379.99,360.94,648.00,1,-1,-1,-1
37,4,408.85,399.00,508.15,645.00,1,-1,-1,-1
37,5,767.97,400.99,873.03,657.00,1,-1,-1,-1
38,1,1286.93,216.58,1592.31,969.83,1,-1,-1,-1
38,2,644.20,380.98,768.82,706.02,1,-1,-1,-1
38,3,244.04,379.99,360.95,648.00,1,-1,-1,-1
38,4,408.86,399.00,508.14,645.03,1,-1,-1,-1
38,5,767.97,400.99,873.03,657.00,1,-1,-1,-1
39,1,1291.93,217.52,1596.19,969.31,1,-1,-1,-1
39,2,644.18,380.98,768.83,706.02,1,-1,-1,-1
39,3,244.04,379.99,360.95,648.00,1,-1,-1,-1
39,4,408.87,399.00,508.13,645.04,1,-1,-1,-1
39,5,768.09,400.99,872.91,656.34,1,-1,-1,-1
40,1,1293.57,215.90,1597.91,970.43,1,-1,-1,-1
40,2,644.16,380.98,768.85,706.02,1,-1,-1,-1
40,3,244.04,379.99,360.96,648.00,1,-1,-1,-1
40,4,408.88,399.00,508.12,645.04,1,-1,-1,-1
40,5,768.01,401.00,872.99,656.75,1,-1,-1,-1
41,1,1288.08,212.64,1595.42,973.49,1,-1,-1,-1
41,2,644.14,380.99,768.86,706.02,1,-1,-1,-1
41,3,244.03,379.99,360.96,648.00,1,-1,-1,-1
41,4,408.89,399.00,508.11,645.04,1,-1,-1,-1
41,5,767.98,401.00,873.02,656.91,1,-1,-1,-1
42,1,1285.38,210.76,1595.08,974.64,1,-1,-1,-1
42,2,644.13,380.99,768.88,706.02,1,-1,-1,-1
42,3,244.03,379.99,360.97,648.00,1,-1,-1,-1
42,4,409.01,399.00,507.99,644.37,1,-1,-1,-1
42,5,767.97,401.00,873.03,656.97,1,-1,-1,-1
43,1,1283.27,203.47,1595.39,973.08,1,-1,-1,-1
43,2,644.12,380.99,768.89,706.02,1,-1,-1,-1
43,3,244.03,379.99,360.97,648.00,1,-1,-1,-1
43,4,409.06,399.00,507.94,644.12,1,-1,-1,-1
43,5,767.97,401.00,873.03,656.99,1,-1,-1,-1
44,1,1283.30,202.06,1595.36,971.16,1,-1,-1,-1
44,2,644.48,380.99,769.18,706.02,1,-1,-1,-1
44,3,244.02,379.99,360.97,648.00,1,-1,-1,-1
44,4,408.95,399.00,508.05,644.69,1,-1,-1,-1
44,5,768.20,401.66,872.80,656.34,1,-1,-1,-1
45,1,1283.62,202.23,1595.06,969.76,1,-1,-1,-1
45,2,644.64,380.99,769.27,706.01,1,-1,-1,-1
45,3,244.02,380.00,360.97,648.00,1,-1,-1,-1
45,4,409.04,399.00,507.96,644.24,1,-1,-1,-1
45,5,768.27,401.91,872.73,656.09,1,-1,-1,-1
46,1,1288.78,202.34,1599.18,968.57,1,-1,-1,-1
46,2,644.72,380.99,769.29,706.01,1,-1,-1,-1
46,3,244.02,380.00,360.98,648.00,1,-1,-1,-1
46,4,408.95,399.00,508.05,644.73,1,-1,-1,-1
46,5,768.31,401.34,873.35,657.33,1,-1,-1,-1
47,1,1285.09,200.45,1597.13,970.10,1,-1,-1,-1
47,2,644.48,380.99,768.90,706.01,1,-1,-1,-1
47,3,244.02,380.00,360.98,648.00,1,-1,-1,-1
47,4,408.92,399.00,508.08,644.92,1,-1,-1,-1
47,5,768.25,400.46,873.66,657.79,1,-1,-1,-1
48,1,1283.77,200.43,1596.28,970.03,1,-1,-1,-1
48,2,644.42,380.99,768.71,706.01,1,-1,-1,-1
48,3,243.89,380.00,361.10,648.66,1,-1,-1,-1
48,4,409.03,399.00,507.97,644.33,1,-1,-1,-1
48,5,767.99,400.13,873.35,657.97,1,-1,-1,-1
49,1,1283.47,201.13,1595.76,969.34,1,-1,-1,-1
49,2,644.72,381.00,768.98,706.01,1,-1,-1,-1
49,3,243.98,380.00,361.02,648.25,1,-1,-1,-1
49,4,409.07,399.00,507.93,644.10,1,-1,-1,-1
49,5,767.96,400.01,873.17,658.03,1,-1,-1,-1
50,1,1282.49,200.77,1595.79,969.74,1,-1,-1,-1
50,2,644.84,381.00,769.08,706.01,1,-1,-1,-1
50,3,244.01,380.00,360.99,648.09,1,-1,-1,-1
50,4,409.07,399.00,507.93,644.02,1,-1,-1,-1
50,5,768.24,400.62,872.80,657.39,1,-1,-1,-1
51,1,1281.52,200.00,1596.41,970.56,1,-1,-1,-1
51,2,644.89,381.00,769.10,706.01,1,-1,-1,-1
51,3,244.02,380.00,360.98,648.03,1,-1,-1,-1
51,4,409.07,399.00,507.93,643.99,1,-1,-1,-1
51,5,768.59,400.86,872.42,656.48,1,-1,-1,-1
52,1,1281.44,200.40,1597.04,970.21,1,-1,-1,-1
52,2,644.54,381.00,768.82,706.01,1,-1,-1,-1
52,3,244.40,380.00,361.26,648.01,1,-1,-1,-1
52,4,409.07,399.00,507.93,643.98,1,-1,-1,-1
52,5,768.91,401.61,872.09,656.14,1,-1,-1,-1
53,1,1281.63,202.56,1597.07,968.75,1,-1,-1,-1
53,2,644.76,381.00,769.02,706.00,1,-1,-1,-1
53,3,244.57,380.00,361.34,648.00,1,-1,-1,-1
53,4,409.06,399.00,507.94,643.98,1,-1,-1,-1
53,5,768.97,401.23,872.02,656.01,1,-1,-1,-1
54,1,1286.15,204.06,1601.26,967.54,1,-1,-1,-1
54,2,644.85,381.00,769.09,706.00,1,-1,-1,-1
54,3,244.65,380.00,361.35,648.00,1,-1,-1,-1
54,4,409.06,399.00,507.94,643.98,1,-1,-1,-1
54,5,769.05,401.09,871.94,655.97,1,-1,-1,-1
55,1,1287.68,205.30,1603.00,966.43,1,-1,-1,-1
55,2,644.89,381.00,769.10,706.00,1,-1,-1,-1
55,3,244.70,380.00,361.33,648.00,1,-1,-1,-1
55,4,409.05,399.00,507.95,643.98,1,-1,-1,-1
55,5,768.93,401.03,872.07,656.62,1,-1,-1,-1
56,1,1288.22,205.77,1604.33,966.02,1,-1,-1,-1
56,2,644.91,381.00,769.10,706.00,1,-1,-1,-1
56,3,244.73,380.00,361.30,648.00,1,-1,-1,-1
56,4,409.05,399.00,507.95,643.98,1,-1,-1,-1
56,5,769.26,401.01,872.39,656.86,1,-1,-1,-1
57,1,1288.33,206.61,1604.88,965.22,1,-1,-1,-1
57,2,644.93,381.00,769.10,706.00,1,-1,-1,-1
57,3,244.76,380.00,361.28,648.00,1,-1,-1,-1
57,4,409.04,399.00,507.96,643.99,1,-1,-1,-1
57,5,769.05,401.00,872.20,656.96,1,-1,-1,-1
58,1,1287.34,204.94,1606.08,966.92,1,-1,-1,-1
58,2,644.93,381.00,769.09,706.00,1,-1,-1,-1
58,3,244.78,380.00,361.25,648.00,1,-1,-1,-1
58,4,409.04,399.00,507.96,643.99,1,-1,-1,-1
58,5,769.35,401.00,872.40,656.99,1,-1,-1,-1
59,1,1287.07,204.96,1606.39,966.91,1,-1,-1,-1
59,2,644.94,381.00,769.08,706.00,1,-1,-1,-1
59,3,244.80,380.00,361.23,648.00,1,-1,-1,-1
59,4,408.92,399.00,508.08,644.65,1,-1,-1,-1
59,5,769.21,401.00,872.07,657.01,1,-1,-1,-1
60,1,1286.91,205.64,1606.53,966.92,1,-1,-1,-1
60,2,644.57,381.00,768.79,706.00,1,-1,-1,-1
60,3,244.82,380.00,361.21,648.00,1,-1,-1,-1
60,4,408.88,399.00,508.12,644.90,1,-1,-1,-1
60,5,769.49,401.00,872.27,657.01,1,-1,-1,-1
61,1,1286.94,205.23,1607.12,966.92,1,-1,-1,-1
61,2,644.41,381.00,768.70,706.00,1,-1,-1,-1
61,3,244.84,380.00,361.19,648.00,1,-1,-1,-1
61,4,408.99,399.00,508.01,644.33,1,-1,-1,-1
61,5,769.33,401.00,871.94,657.01,1,-1,-1,-1
62,1,1285.98,203.75,1607.63,968.25,1,-1,-1,-1
62,2,644.61,381.00,769.07,706.00,1,-1,-1,-1
62,3,244.85,380.00,361.17,648.00,1,-1,-1,-1
62,4,409.03,399.00,507.97,644.11,1,-1,-1,-1
62,5,769.69,401.00,872.06,657.01,1,-1,-1,-1
63,1,1290.75,203.86,1611.91,968.76,1,-1,-1,-1
63,2,644.47,381.00,768.76,705.34,1,-1,-1,-1
63,3,244.87,380.00,361.15,648.00,1,-1,-1,-1
63,4,409.04,399.00,507.96,644.03,1,-1,-1,-1
63,5,769.90,401.00,872.04,657.01,1,-1,-1,-1
64,1,1292.82,203.90,1613.22,968.29,1,-1,-1,-1
64,2,644.50,381.66,768.56,705.09,1,-1,-1,-1
64,3,244.88,380.00,361.14,648.00,1,-1,-1,-1
64,4,409.04,399.00,507.96,644.00,1,-1,-1,-1
64,5,769.54,401.00,871.80,657.67,1,-1,-1,-1
65,1,1293.53,202.61,1614.39,969.43,1,-1,-1,-1
65,2,644.77,381.91,768.90,705.00,1,-1,-1,-1
65,3,245.01,380.66,361.00,648.00,1,-1,-1,-1
65,4,409.04,399.00,507.96,643.99,1,-1,-1,-1
65,5,769.44,401.00,871.67,657.92,1,-1,-1,-1
66,1,1294.23,204.10,1613.68,968.54,1,-1,-1,-1
66,2,644.81,382.00,769.08,704.97,1,-1,-1,-1
66,3,244.78,380.91,360.58,648.00,1,-1,-1,-1
66,4,409.04,399.00,507.96,643.99,1,-1,-1,-1
66,5,769.33,400.34,871.70,658.01,1,-1,-1,-1
67,1,1294.16,202.69,1614.33,969.52,1,-1,-1,-1
67,2,644.78,382.03,769.20,704.96,1,-1,-1,-1
67,3,244.99,381.00,360.77,648.00,1,-1,-1,-1
67,4,409.03,399.00,507.97,643.99,1,-1,-1,-1
67,5,769.44,400.75,871.55,658.04,1,-1,-1,-1
68,1,1293.86,201.51,1614.81,970.54,1,-1,-1,-1
68,2,644.44,382.04,768.91,704.96,1,-1,-1,-1
68,3,244.78,381.03,360.48,648.00,1,-1,-1,-1
68,4,409.03,399.00,507.97,643.99,1,-1,-1,-1
68,5,769.40,400.25,871.58,658.04,1,-1,-1,-1
69,1,1294.55,207.66,1614.12,973.56,1,-1,-1,-1
69,2,644.30,382.04,768.81,704.96,1,-1,-1,-1
69,3,244.72,381.04,360.35,648.00,1,-1,-1,-1
69,4,409.03,399.00,507.97,643.99,1,-1,-1,-1
69,5,769.20,399.40,871.78,658.70,1,-1,-1,-1
70,1,1295.46,211.33,1613.16,974.03,1,-1,-1,-1
70,2,644.72,382.70,768.96,704.97,1,-1,-1,-1
70,3,244.72,381.04,360.28,648.00,1,-1,-1,-1
70,4,409.03,399.00,507.97,643.99,1,-1,-1,-1
70,5,769.67,399.08,871.98,658.29,1,-1,-1,-1
71,1,1295.87,213.35,1612.03,973.53,1,-1,-1,-1
71,2,644.70,382.94,768.53,704.31,1,-1,-1,-1
71,3,245.02,381.04,360.62,648.00,1,-1,-1,-1
71,4,409.02,399.00,507.98,643.99,1,-1,-1,-1
71,5,770.51,399.63,872.04,657.47,1,-1,-1,-1
72,1,1300.32,212.76,1616.54,973.98,1,-1,-1,-1
72,2,644.72,383.03,768.35,704.06,1,-1,-1,-1
72,3,244.74,381.03,360.48,648.00,1,-1,-1,-1
72,4,409.02,399.00,507.98,643.99,1,-1,-1,-1
72,5,771.11,400.50,871.78,656.49,1,-1,-1,-1
73,1,1301.40,211.18,1618.78,975.46,1,-1,-1,-1
73,2,644.56,383.72,767.78,703.98,1,-1,-1,-1
73,3,244.60,381.03,360.46,648.00,1,-1,-1,-1
73,4,409.02,399.00,507.98,643.99,1,-1,-1,-1
73,5,770.99,400.84,871.36,656.13,1,-1,-1,-1
74,1,1300.94,207.92,1621.09,979.30,1,-1,-1,-1
74,2,640.80,382.65,764.65,704.61,1,-1,-1,-1
74,3,244.52,381.03,360.48,648.00,1,-1,-1,-1
74,4,408.64,399.00,507.70,643.99,1,-1,-1,-1
74,5,770.63,400.30,871.51,656.66,1,-1,-1,-1
75,1,1299.70,204.70,1622.30,982.70,1,-1,-1,-1
75,2,643.01,382.90,766.46,704.19,1,-1,-1,-1
75,3,244.21,380.36,360.77,648.66,1,-1,-1,-1
75,4,408.75,399.00,508.00,644.00,1,-1,-1,-1
75,5,769.61,400.09,871.14,657.52,1,-1,-1,-1
76,1,1299.89,205.45,1622.04,981.99,1,-1,-1,-1
76,2,640.39,382.99,764.03,704.70,1,-1,-1,-1
76,3,243.88,380.11,361.10,649.57,1,-1,-1,-1
76,4,408.58,399.66,507.67,644.00,1,-1,-1,-1
76,5,768.84,399.36,871.38,658.51,1,-1,-1,-1
77,1,1298.89,201.79,1623.60,984.96,1,-1,-1,-1
77,2,643.51,383.69,766.29,703.57,1,-1,-1,-1
77,3,243.50,378.70,362.13,651.23,1,-1,-1,-1
77,4,408.98,399.91,507.74,643.33,1,-1,-1,-1
77,5,768.63,398.42,872.05,658.88,1,-1,-1,-1
78,1,1297.29,197.14,1625.36,989.34,1,-1,-1,-1
78,2,644.85,384.61,767.01,703.14,1,-1,-1,-1
78,3,242.97,378.17,362.26,651.85,1,-1,-1,-1
78,4,408.53,400.00,507.71,643.75,1,-1,-1,-1
78,5,767.98,398.07,872.22,659.67,1,-1,-1,-1
79,1,1295.84,192.77,1626.82,993.58,1,-1,-1,-1
79,2,645.55,384.28,767.75,702.99,1,-1,-1,-1
79,3,242.72,377.97,362.35,652.07,1,-1,-1,-1
79,4,403.55,398.05,504.57,645.23,1,-1,-1,-1
79,5,764.09,398.61,868.69,659.31,1,-1,-1,-1
80,1,1297.35,195.73,1625.27,991.21,1,-1,-1,-1
80,2,645.93,384.82,767.91,702.94,1,-1,-1,-1
80,3,243.07,377.91,362.60,652.14,1,-1,-1,-1
80,4,401.89,397.97,503.19,645.13,1,-1,-1,-1
80,5,762.33,398.82,867.64,659.82,1,-1,-1,-1
81,1,1299.88,201.53,1622.68,985.60,1,-1,-1,-1
81,2,645.96,384.35,768.08,702.93,1,-1,-1,-1
81,3,247.04,377.89,366.11,651.50,1,-1,-1,-1
81,4,400.85,397.95,502.46,644.42,1,-1,-1,-1
81,5,761.41,398.24,867.54,660.01,1,-1,-1,-1
82,1,1301.38,205.76,1620.45,980.78,1,-1,-1,-1
82,2,645.59,384.16,767.85,702.93,1,-1,-1,-1
82,3,248.25,377.24,367.72,651.90,1,-1,-1,-1
82,4,400.11,397.28,502.57,644.15,1,-1,-1,-1
82,5,760.96,398.03,867.65,660.07,1,-1,-1,-1
83,1,1303.24,210.00,1618.94,976.29,1,-1,-1,-1
83,2,645.91,384.75,767.95,702.93,1,-1,-1,-1
83,3,245.04,377.00,364.72,652.05,1,-1,-1,-1
83,4,399.18,397.04,502.65,644.71,1,-1,-1,-1
83,5,760.69,397.96,867.83,660.09,1,-1,-1,-1
84,1,1302.71,209.58,1618.92,975.94,1,-1,-1,-1
84,2,646.19,384.31,769.16,703.60,1,-1,-1,-1
84,3,243.81,376.92,363.57,652.09,1,-1,-1,-1
84,4,394.37,393.65,498.61,640.96,1,-1,-1,-1
84,5,764.44,397.93,872.00,660.75,1,-1,-1,-1
85,1,1297.40,204.76,1614.72,972.52,1,-1,-1,-1
85,2,649.74,384.13,773.42,703.86,1,-1,-1,-1
85,3,243.23,376.89,363.23,652.10,1,-1,-1,-1
85,4,392.61,392.38,497.73,639.55,1,-1,-1,-1
85,5,765.95,397.93,873.51,660.33,1,-1,-1,-1
86,1,1295.28,203.59,1613.24,970.58,1,-1,-1,-1
86,2,650.92,384.07,775.16,703.95,1,-1,-1,-1
86,3,243.06,376.89,363.06,652.10,1,-1,-1,-1
86,4,391.35,391.92,497.40,639.02,1,-1,-1,-1
86,5,766.71,398.60,873.89,659.50,1,-1,-1,-1
87,1,1295.63,206.46,1611.57,965.92,1,-1,-1,-1
87,2,650.84,384.04,775.65,703.99,1,-1,-1,-1
87,3,242.74,377.56,362.59,652.09,1,-1,-1,-1
87,4,390.67,391.77,497.56,638.85,1,-1,-1,-1
87,5,766.93,398.85,874.08,659.19,1,-1,-1,-1
88,1,1296.14,210.21,1609.93,961.54,1,-1,-1,-1
88,2,650.92,384.03,776.33,704.00,1,-1,-1,-1
88,3,242.71,377.82,362.33,651.42,1,-1,-1,-1
88,4,390.11,391.08,498.01,638.80,1,-1,-1,-1
88,5,767.12,398.95,874.70,659.73,1,-1,-1,-1
89,1,1290.98,210.27,1606.06,961.28,1,-1,-1,-1
89,2,650.46,383.36,777.03,704.67,1,-1,-1,-1
89,3,243.04,377.92,362.56,651.16,1,-1,-1,-1
89,4,390.33,391.49,498.47,638.79,1,-1,-1,-1
89,5,767.58,400.31,874.52,658.61,1,-1,-1,-1
90,1,1289.59,207.62,1604.13,954.61,1,-1,-1,-1
90,2,650.09,383.11,777.45,704.92,1,-1,-1,-1
90,3,247.21,377.96,366.54,651.06,1,-1,-1,-1
90,4,394.74,395.64,502.31,641.45,1,-1,-1,-1
90,5,766.26,400.82,875.93,665.48,1,-1,-1,-1
91,1,1281.99,206.60,1601.26,961.47,1,-1,-1,-1
91,2,650.15,383.01,778.02,705.01,1,-1,-1,-1
91,3,248.54,377.98,367.63,651.02,1,-1,-1,-1
91,4,397.13,397.88,503.75,641.81,1,-1,-1,-1
91,5,767.36,400.35,875.50,660.82,1,-1,-1,-1
92,1,1279.51,203.58,1599.91,957.49,1,-1,-1,-1
92,2,649.76,382.98,777.95,705.04,1,-1,-1,-1
92,3,249.36,377.99,368.34,651.01,1,-1,-1,-1
92,4,397.94,398.72,504.39,642.60,1,-1,-1,-1
92,5,767.73,400.16,875.37,658.99,1,-1,-1,-1
93,1,1278.70,203.75,1599.39,954.70,1,-1,-1,-1
93,2,645.83,382.31,774.42,705.05,1,-1,-1,-1
93,3,249.68,377.99,368.56,651.00,1,-1,-1,-1
93,4,397.90,395.05,504.30,638.93,1,-1,-1,-1
93,5,767.44,400.08,875.08,658.30,1,-1,-1,-1
94,1,1279.10,206.48,1598.61,951.06,1,-1,-1,-1
94,2,647.99,382.72,776.68,705.05,1,-1,-1,-1
94,3,249.69,377.33,368.73,651.00,1,-1,-1,-1
94,4,397.77,393.66,504.37,638.21,1,-1,-1,-1
94,5,767.08,400.71,874.53,658.05,1,-1,-1,-1
95,1,1277.73,204.86,1599.95,952.41,1,-1,-1,-1
95,2,648.74,382.88,777.60,705.04,1,-1,-1,-1
95,3,249.70,377.08,368.74,651.00,1,-1,-1,-1
95,4,398.24,397.11,504.54,641.25,1,-1,-1,-1
95,5,766.78,400.29,874.49,657.96,1,-1,-1,-1
96,1,1277.40,204.25,1601.02,953.64,1,-1,-1,-1
96,2,648.95,382.94,778.00,705.04,1,-1,-1,-1
96,3,250.00,376.99,369.07,651.00,1,-1,-1,-1
96,4,397.82,393.79,504.53,639.10,1,-1,-1,-1
96,5,766.34,400.12,874.13,657.93,1,-1,-1,-1
97,1,1277.58,209.98,1600.55,956.79,1,-1,-1,-1
97,2,649.25,382.97,778.57,705.03,1,-1,-1,-1
97,3,249.77,376.30,369.52,651.66,1,-1,-1,-1
97,4,398.31,393.19,504.53,637.64,1,-1,-1,-1
97,5,766.55,400.06,874.28,657.93,1,-1,-1,-1
98,1,1277.99,208.17,1600.10,952.73,1,-1,-1,-1
98,2,648.90,382.98,778.57,705.03,1,-1,-1,-1
98,3,249.67,375.39,370.33,652.57,1,-1,-1,-1
98,4,398.52,392.98,504.50,637.09,1,-1,-1,-1
98,5,766.88,400.69,874.08,657.27,1,-1,-1,-1
99,1,1279.06,209.46,1599.09,949.25,1,-1,-1,-1
99,2,648.67,382.98,778.65,705.03,1,-1,-1,-1
99,3,249.22,375.05,370.36,652.91,1,-1,-1,-1
99,4,399.12,396.87,504.62,640.21,1,-1,-1,-1
99,5,767.01,400.93,874.00,657.03,1,-1,-1,-1
100,1,1280.91,208.61,1597.32,940.01,1,-1,-1,-1
100,2,648.49,382.99,778.76,705.02,1,-1,-1,-1
100,3,248.65,374.27,370.75,653.69,1,-1,-1,-1
100,4,399.25,398.35,504.74,642.06,1,-1,-1,-1
100,5,767.05,401.01,873.98,656.94,1,-1,-1,-1
101,1,1281.28,207.61,1597.05,937.27,1,-1,-1,-1
101,2,648.62,382.99,779.24,705.02,1,-1,-1,-1
101,3,248.64,373.98,371.33,653.98,1,-1,-1,-1
101,4,399.18,398.90,504.24,642.09,1,-1,-1,-1
101,5,767.44,401.04,874.25,656.92,1,-1,-1,-1
102,1,1280.61,205.90,1597.79,937.66,1,-1,-1,-1
102,2,648.57,382.99,779.51,705.02,1,-1,-1,-1
102,3,248.16,373.89,371.35,654.08,1,-1,-1,-1
102,4,398.99,395.12,504.21,638.79,1,-1,-1,-1
102,5,767.56,401.71,873.72,656.26,1,-1,-1,-1
103,1,1281.21,207.91,1597.26,935.24,1,-1,-1,-1
103,2,648.36,382.99,779.79,705.02,1,-1,-1,-1
103,3,248.49,374.52,371.48,653.45,1,-1,-1,-1
103,4,398.92,393.69,504.19,637.54,1,-1,-1,-1
103,5,767.62,401.96,873.49,656.01,1,-1,-1,-1
104,1,1280.57,211.99,1597.96,939.71,1,-1,-1,-1
104,2,648.32,382.33,780.50,705.01,1,-1,-1,-1
104,3,249.13,373.45,370.34,646.59,1,-1,-1,-1
104,4,398.90,393.15,504.17,637.08,1,-1,-1,-1
104,5,767.90,402.71,873.15,655.27,1,-1,-1,-1
105,1,1285.63,210.86,1602.23,936.16,1,-1,-1,-1
105,2,648.16,382.08,780.90,705.01,1,-1,-1,-1
105,3,249.52,373.72,369.74,643.33,1,-1,-1,-1
105,4,398.90,392.96,504.15,636.91,1,-1,-1,-1
105,5,768.00,402.98,873.02,655.00,1,-1,-1,-1
106,1,1282.04,213.07,1600.08,940.18,1,-1,-1,-1
106,2,647.53,382.65,780.29,705.01,1,-1,-1,-1
106,3,254.13,374.50,373.70,641.47,1,-1,-1,-1
106,4,399.06,392.90,504.64,637.53,1,-1,-1,-1
106,5,768.42,403.08,873.26,654.90,1,-1,-1,-1
107,1,1280.47,209.25,1599.48,937.77,1,-1,-1,-1
107,2,647.22,382.87,780.11,705.01,1,-1,-1,-1
107,3,250.52,375.46,372.49,648.14,1,-1,-1,-1
107,4,404.12,398.82,507.75,639.09,1,-1,-1,-1
107,5,768.21,403.10,873.05,654.88,1,-1,-1,-1
108,1,1280.13,208.45,1599.02,936.23,1,-1,-1,-1
108,2,647.33,382.96,780.48,705.01,1,-1,-1,-1
108,3,249.21,375.82,372.00,650.63,1,-1,-1,-1
108,4,401.14,395.09,505.84,637.69,1,-1,-1,-1
108,5,768.13,403.10,872.97,654.88,1,-1,-1,-1
109,1,1280.53,209.47,1598.33,934.37,1,-1,-1,-1
109,2,647.50,382.99,780.49,704.35,1,-1,-1,-1
109,3,248.73,375.96,371.76,651.59,1,-1,-1,-1
109,4,404.97,399.64,508.08,639.16,1,-1,-1,-1
109,5,768.09,403.10,872.95,654.89,1,-1,-1,-1
110,1,1280.58,209.86,1597.54,933.05,1,-1,-1,-1
110,2,647.03,383.00,780.35,704.76,1,-1,-1,-1
110,3,248.49,376.01,371.73,651.94,1,-1,-1,-1
110,4,406.36,401.37,508.98,640.39,1,-1,-1,-1
110,5,767.79,403.09,872.56,654.90,1,-1,-1,-1
111,1,1276.88,211.98,1592.36,931.28,1,-1,-1,-1
111,2,646.81,383.00,780.35,704.91,1,-1,-1,-1
111,3,248.47,376.02,371.64,652.07,1,-1,-1,-1
111,4,407.05,402.00,509.11,640.18,1,-1,-1,-1
111,5,768.08,403.08,872.68,654.91,1,-1,-1,-1
112,1,1274.97,211.45,1590.30,931.33,1,-1,-1,-1
112,2,646.78,383.00,780.29,704.97,1,-1,-1,-1
112,3,248.49,376.03,371.57,652.11,1,-1,-1,-1
112,4,407.22,402.21,509.21,640.76,1,-1,-1,-1
112,5,768.23,403.07,872.68,654.92,1,-1,-1,-1
113,1,1277.77,212.56,1595.34,939.33,1,-1,-1,-1
113,2,646.40,383.00,779.97,705.00,1,-1,-1,-1
113,3,248.53,376.03,371.51,652.11,1,-1,-1,-1
113,4,407.66,402.93,508.83,640.31,1,-1,-1,-1
113,5,768.33,403.06,872.64,654.93,1,-1,-1,-1
114,1,1275.45,214.95,1592.08,940.39,1,-1,-1,-1
114,2,642.64,382.34,776.20,705.00,1,-1,-1,-1
114,3,253.44,374.70,374.51,645.50,1,-1,-1,-1
114,4,408.17,403.17,508.97,640.14,1,-1,-1,-1
114,5,768.02,403.05,872.31,654.94,1,-1,-1,-1
115,1,1275.14,212.53,1590.31,935.51,1,-1,-1,-1
115,2,641.30,382.09,774.71,705.01,1,-1,-1,-1
115,3,254.78,374.20,375.51,643.65,1,-1,-1,-1
115,4,408.14,402.58,509.20,640.73,1,-1,-1,-1
115,5,767.91,403.05,872.18,654.95,1,-1,-1,-1
116,1,1279.87,211.60,1594.10,933.67,1,-1,-1,-1
116,2,641.16,382.00,774.47,705.01,1,-1,-1,-1
116,3,255.34,373.35,376.44,642.99,1,-1,-1,-1
116,4,408.18,402.34,509.20,640.95,1,-1,-1,-1
116,5,767.88,403.04,872.12,654.95,1,-1,-1,-1
117,1,1276.16,209.26,1591.80,934.99,1,-1,-1,-1
117,2,641.17,381.97,774.36,705.01,1,-1,-1,-1
117,3,250.30,373.70,374.06,650.05,1,-1,-1,-1
117,4,407.62,401.57,509.09,641.69,1,-1,-1,-1
117,5,768.16,403.04,872.47,654.96,1,-1,-1,-1
118,1,1278.78,211.02,1596.17,942.10,1,-1,-1,-1
118,2,641.22,381.96,774.31,705.01,1,-1,-1,-1
118,3,248.62,374.50,372.93,652.70,1,-1,-1,-1
118,4,407.59,400.61,509.50,642.62,1,-1,-1,-1
118,5,768.13,403.03,872.74,655.62,1,-1,-1,-1
119,1,1279.29,210.37,1597.67,945.46,1,-1,-1,-1
119,2,641.01,381.96,773.90,705.01,1,-1,-1,-1
119,3,248.18,374.81,372.30,653.05,1,-1,-1,-1
119,4,408.23,401.56,508.99,641.65,1,-1,-1,-1
119,5,768.11,403.03,872.85,655.88,1,-1,-1,-1
120,1,1279.13,209.46,1598.59,948.03,1,-1,-1,-1
120,2,645.19,382.63,777.44,704.34,1,-1,-1,-1
120,3,248.07,374.93,372.00,653.17,1,-1,-1,-1
120,4,408.79,402.58,508.45,640.61,1,-1,-1,-1
120,5,767.87,402.36,873.13,656.63,1,-1,-1,-1
121,1,1273.65,207.14,1595.79,950.96,1,-1,-1,-1
121,2,642.98,382.22,775.31,704.76,1,-1,-1,-1
121,3,247.75,374.31,372.18,653.86,1,-1,-1,-1
121,4,408.93,402.95,508.30,640.87,1,-1,-1,-1
121,5,767.79,402.11,873.22,656.92,1,-1,-1,-1
122,1,1276.36,206.27,1599.14,952.03,1,-1,-1,-1
122,2,642.22,382.06,774.43,704.91,1,-1,-1,-1
122,3,247.49,374.74,371.73,654.10,1,-1,-1,-1
122,4,408.81,402.42,508.40,641.63,1,-1,-1,-1
122,5,767.49,402.02,872.86,657.02,1,-1,-1,-1
123,1,1276.96,205.95,1600.87,953.05,1,-1,-1,-1
123,2,642.10,382.01,773.95,704.97,1,-1,-1,-1
123,3,247.84,374.91,371.79,653.52,1,-1,-1,-1
123,4,408.72,401.55,508.47,641.92,1,-1,-1,-1
123,5,767.42,401.99,872.69,657.05,1,-1,-1,-1
124,1,1275.30,207.16,1602.75,960.64,1,-1,-1,-1
124,2,642.17,381.99,773.67,704.99,1,-1,-1,-1
124,3,248.10,375.63,371.69,653.28,1,-1,-1,-1
124,4,408.76,401.21,508.41,642.02,1,-1,-1,-1
124,5,767.59,401.32,873.08,657.06,1,-1,-1,-1
125,1,1274.37,207.64,1603.75,963.47,1,-1,-1,-1
125,2,642.31,381.98,773.48,705.00,1,-1,-1,-1
125,3,247.93,375.24,371.93,653.84,1,-1,-1,-1
125,4,408.61,400.42,508.54,642.71,1,-1,-1,-1
125,5,767.56,401.07,873.33,657.72,1,-1,-1,-1
126,1,1273.86,203.22,1604.27,960.53,1,-1,-1,-1
126,2,642.29,382.64,772.84,705.01,1,-1,-1,-1
126,3,247.50,375.09,371.73,654.04,1,-1,-1,-1
126,4,408.92,400.13,508.87,642.97,1,-1,-1,-1
126,5,767.20,400.98,873.11,657.96,1,-1,-1,-1
127,1,1273.45,200.89,1604.68,959.34,1,-1,-1,-1
127,2,642.50,382.89,772.39,704.34,1,-1,-1,-1
127,3,247.33,375.04,371.68,654.11,1,-1,-1,-1
127,4,408.37,398.70,509.00,643.72,1,-1,-1,-1
127,5,767.44,400.95,873.31,658.05,1,-1,-1,-1
128,1,1273.38,200.69,1604.74,958.18,1,-1,-1,-1
128,2,646.44,382.98,776.32,704.10,1,-1,-1,-1
128,3,247.53,375.01,372.06,654.12,1,-1,-1,-1
128,4,408.82,398.82,509.03,643.34,1,-1,-1,-1
128,5,767.56,400.94,873.36,658.07,1,-1,-1,-1
129,1,1273.59,200.65,1605.18,957.70,1,-1,-1,-1
129,2,647.78,383.02,777.95,704.67,1,-1,-1,-1
129,3,247.57,375.00,372.25,654.12,1,-1,-1,-1
129,4,409.05,398.87,508.98,643.18,1,-1,-1,-1
129,5,767.51,400.28,873.47,658.08,1,-1,-1,-1
130,1,1273.82,201.32,1605.18,956.83,1,-1,-1,-1
130,2,648.42,382.37,779.07,704.88,1,-1,-1,-1
130,3,248.15,376.32,371.76,652.79,1,-1,-1,-1
130,4,408.57,398.24,508.85,643.77,1,-1,-1,-1
130,5,767.75,400.70,873.25,657.41,1,-1,-1,-1
131,1,1274.10,202.92,1604.32,955.15,1,-1,-1,-1
131,2,644.68,382.12,774.86,704.30,1,-1,-1,-1
131,3,248.44,376.82,371.51,652.28,1,-1,-1,-1
131,4,409.04,398.67,508.81,643.33,1,-1,-1,-1
131,5,767.62,400.20,873.39,657.82,1,-1,-1,-1
132,1,1274.58,202.88,1604.94,954.49,1,-1,-1,-1
132,2,643.17,382.69,772.68,704.09,1,-1,-1,-1
132,3,248.67,377.00,371.29,652.08,1,-1,-1,-1
132,4,409.26,398.84,508.75,643.16,1,-1,-1,-1
132,5,767.60,400.02,873.42,657.97,1,-1,-1,-1
133,1,1274.27,202.87,1604.99,954.24,1,-1,-1,-1
133,2,642.90,382.90,771.56,703.34,1,-1,-1,-1
133,3,249.17,377.72,370.80,651.35,1,-1,-1,-1
133,4,414.57,402.21,511.42,640.45,1,-1,-1,-1
133,5,767.33,399.95,873.02,658.02,1,-1,-1,-1
134,1,1274.35,198.91,1604.81,949.51,1,-1,-1,-1
134,2,643.03,382.98,770.92,703.07,1,-1,-1,-1
134,3,249.17,377.99,370.14,651.08,1,-1,-1,-1
134,4,416.95,404.16,512.05,638.74,1,-1,-1,-1
134,5,767.65,399.94,873.11,658.04,1,-1,-1,-1
135,1,1274.26,197.43,1604.85,947.72,1,-1,-1,-1
135,2,643.48,383.67,770.31,702.31,1,-1,-1,-1
135,3,249.15,377.42,369.92,650.98,1,-1,-1,-1
135,4,417.88,404.87,512.20,638.12,1,-1,-1,-1
135,5,767.85,399.93,873.07,658.04,1,-1,-1,-1
136,1,1273.43,200.86,1605.00,952.35,1,-1,-1,-1
136,2,643.56,383.27,770.19,702.69,1,-1,-1,-1
136,3,249.25,377.19,369.73,650.95,1,-1,-1,-1
136,4,418.26,405.12,512.18,637.91,1,-1,-1,-1
136,5,767.98,399.94,873.00,658.04,1,-1,-1,-1
137,1,1273.03,201.52,1605.79,954.77,1,-1,-1,-1
137,2,643.73,383.11,770.02,702.84,1,-1,-1,-1
137,3,249.52,377.76,369.44,650.94,1,-1,-1,-1
137,4,419.21,407.19,511.32,635.85,1,-1,-1,-1
137,5,768.09,399.94,872.91,658.04,1,-1,-1,-1
138,1,1272.49,201.78,1605.82,955.68,1,-1,-1,-1
138,2,643.92,383.05,769.85,702.90,1,-1,-1,-1
138,3,249.69,377.98,369.25,650.94,1,-1,-1,-1
138,4,419.75,407.95,511.43,635.76,1,-1,-1,-1
138,5,768.18,399.95,872.83,658.03,1,-1,-1,-1
139,1,1272.65,202.54,1606.12,955.36,1,-1,-1,-1
139,2,644.23,383.69,769.57,702.93,1,-1,-1,-1
139,3,249.83,378.05,369.12,650.95,1,-1,-1,-1
139,4,420.38,408.87,511.00,634.41,1,-1,-1,-1
139,5,768.26,399.96,872.75,658.03,1,-1,-1,-1
140,1,1273.34,204.16,1605.61,953.90,1,-1,-1,-1
140,2,644.44,383.93,769.38,702.95,1,-1,-1,-1
140,3,250.20,378.73,368.76,650.29,1,-1,-1,-1
140,4,420.30,408.52,511.12,634.60,1,-1,-1,-1
140,5,768.33,399.96,872.68,658.02,1,-1,-1,-1
141,1,1273.71,205.43,1605.30,952.67,1,-1,-1,-1
141,2,644.60,384.01,769.24,702.96,1,-1,-1,-1
141,3,250.09,378.98,368.21,650.05,1,-1,-1,-1
141,4,420.25,408.36,511.15,634.69,1,-1,-1,-1
141,5,768.39,399.97,872.61,658.02,1,-1,-1,-1
142,1,1273.87,206.56,1605.16,952.21,1,-1,-1,-1
142,2,644.63,383.38,769.23,702.96,1,-1,-1,-1
142,3,250.39,379.07,368.33,649.96,1,-1,-1,-1
142,4,420.10,408.29,511.27,635.41,1,-1,-1,-1
142,5,768.45,399.97,872.56,658.02,1,-1,-1,-1
143,1,1273.93,206.98,1605.10,951.38,1,-1,-1,-1
143,2,645.00,383.14,769.53,702.97,1,-1,-1,-1
143,3,250.52,379.09,368.35,649.94,1,-1,-1,-1
143,4,419.55,407.58,511.12,635.69,1,-1,-1,-1
143,5,768.50,399.97,872.50,658.02,1,-1,-1,-1
144,1,1274.09,207.78,1604.94,950.41,1,-1,-1,-1
144,2,645.30,383.71,769.49,702.97,1,-1,-1,-1
144,3,250.60,379.09,368.34,649.93,1,-1,-1,-1
144,4,420.15,408.62,510.89,634.49,1,-1,-1,-1
144,5,768.78,400.64,872.23,657.35,1,-1,-1,-1
145,1,1273.74,208.07,1604.63,950.05,1,-1,-1,-1
145,2,645.45,383.92,769.45,702.97,1,-1,-1,-1
145,3,250.27,379.09,368.03,649.94,1,-1,-1,-1
145,4,419.74,408.33,510.76,634.71,1,-1,-1,-1
145,5,768.79,400.89,872.21,657.10,1,-1,-1,-1
146,1,1273.42,207.50,1605.36,951.25,1,-1,-1,-1
146,2,645.15,384.00,769.13,702.98,1,-1,-1,-1
146,3,249.90,378.42,368.17,650.60,1,-1,-1,-1
146,4,420.39,409.54,510.55,633.48,1,-1,-1,-1
146,5,768.75,400.98,872.25,657.01,1,-1,-1,-1
147,1,1272.72,206.61,1605.55,951.71,1,-1,-1,-1
147,2,645.04,384.03,769.01,702.98,1,-1,-1,-1
147,3,250.02,378.82,367.96,650.20,1,-1,-1,-1
147,4,420.21,409.98,510.22,633.03,1,-1,-1,-1
147,5,768.69,401.02,872.31,656.98,1,-1,-1,-1
148,1,1272.12,205.60,1605.96,952.54,1,-1,-1,-1
148,2,644.97,383.37,769.66,703.64,1,-1,-1,-1
148,3,250.06,378.97,367.90,650.04,1,-1,-1,-1
148,4,415.31,408.14,506.95,634.87,1,-1,-1,-1
148,5,768.96,401.69,872.05,656.31,1,-1,-1,-1
149,1,1272.07,205.88,1605.94,952.86,1,-1,-1,-1
149,2,644.79,383.12,770.06,703.89,1,-1,-1,-1
149,3,249.82,378.36,368.12,650.65,1,-1,-1,-1
149,4,413.32,407.44,505.90,636.22,1,-1,-1,-1
149,5,768.82,401.27,872.18,656.72,1,-1,-1,-1
150,1,1270.97,207.96,1607.02,959.59,1,-1,-1,-1
150,2,644.63,383.03,770.32,703.99,1,-1,-1,-1
150,3,249.66,378.13,368.29,650.88,1,-1,-1,-1
150,4,412.67,407.17,505.42,636.08,1,-1,-1,-1
150,5,768.55,400.46,872.45,657.54,1,-1,-1,-1
151,1,1271.51,205.45,1607.13,956.18,1,-1,-1,-1
151,2,644.29,383.00,770.03,704.02,1,-1,-1,-1
151,3,249.56,378.04,368.39,650.97,1,-1,-1,-1
151,4,411.96,406.41,505.73,637.35,1,-1,-1,-1
151,5,768.49,400.14,872.51,657.85,1,-1,-1,-1
152,1,1271.95,205.81,1606.28,953.54,1,-1,-1,-1
152,2,644.43,382.98,770.31,704.03,1,-1,-1,-1
152,3,245.29,377.35,364.75,651.66,1,-1,-1,-1
152,4,411.34,405.46,506.24,638.48,1,-1,-1,-1
152,5,768.61,400.03,872.39,657.31,1,-1,-1,-1
153,1,1272.64,206.60,1606.09,951.87,1,-1,-1,-1
153,2,644.08,382.98,770.16,704.03,1,-1,-1,-1
153,3,243.52,377.75,362.88,651.92,1,-1,-1,-1
153,4,411.37,405.76,506.20,638.25,1,-1,-1,-1
153,5,769.05,399.99,872.61,657.10,1,-1,-1,-1
154,1,1272.68,206.24,1606.24,951.90,1,-1,-1,-1
154,2,643.67,382.32,770.38,704.69,1,-1,-1,-1
154,3,242.65,377.24,362.40,652.01,1,-1,-1,-1
154,4,411.04,405.22,506.56,638.81,1,-1,-1,-1
154,5,769.26,399.97,872.65,657.02,1,-1,-1,-1
155,1,1272.62,206.10,1606.37,951.92,1,-1,-1,-1
155,2,643.38,381.42,770.60,704.94,1,-1,-1,-1
155,3,242.32,377.05,362.28,652.05,1,-1,-1,-1
155,4,410.47,404.36,506.51,639.02,1,-1,-1,-1
155,5,769.49,400.63,872.51,657.00,1,-1,-1,-1
156,1,1272.31,205.38,1606.71,952.59,1,-1,-1,-1
156,2,643.64,381.08,770.99,705.02,1,-1,-1,-1
156,3,242.19,376.98,362.28,652.05,1,-1,-1,-1
156,4,410.41,404.05,507.01,639.74,1,-1,-1,-1
156,5,769.60,400.88,872.43,656.99,1,-1,-1,-1
157,1,1272.09,205.11,1606.94,952.85,1,-1,-1,-1
157,2,643.47,380.96,770.74,705.05,1,-1,-1,-1
157,3,242.42,376.96,362.70,652.05,1,-1,-1,-1
157,4,410.37,403.93,507.25,640.01,1,-1,-1,-1
157,5,769.66,400.98,872.38,656.98,1,-1,-1,-1
158,1,1271.69,204.35,1607.33,953.61,1,-1,-1,-1
158,2,643.44,380.92,770.62,705.06,1,-1,-1,-1
158,3,242.20,376.96,362.55,652.05,1,-1,-1,-1
158,4,415.29,405.88,510.33,637.47,1,-1,-1,-1
158,5,769.70,401.01,872.34,656.98,1,-1,-1,-1
159,1,1271.51,204.07,1607.51,953.89,1,-1,-1,-1
159,2,643.48,381.57,770.52,705.06,1,-1,-1,-1
159,3,242.02,376.96,362.62,652.04,1,-1,-1,-1
159,4,417.46,406.62,511.88,636.48,1,-1,-1,-1
159,5,769.85,401.02,872.19,656.33,1,-1,-1,-1
160,1,1271.42,203.97,1607.60,954.00,1,-1,-1,-1
160,2,643.84,381.82,770.80,705.05,1,-1,-1,-1
160,3,241.99,376.96,362.64,652.04,1,-1,-1,-1
160,4,417.74,406.90,512.31,636.78,1,-1,-1,-1
160,5,769.41,401.02,871.96,656.74,1,-1,-1,-1
161,1,1271.36,203.94,1607.66,954.03,1,-1,-1,-1
161,2,643.88,381.92,771.00,705.05,1,-1,-1,-1
161,3,241.77,376.97,362.88,652.69,1,-1,-1,-1
161,4,413.02,405.02,509.32,638.89,1,-1,-1,-1
161,5,769.13,400.36,871.99,656.90,1,-1,-1,-1
162,1,1275.50,203.27,1612.10,954.70,1,-1,-1,-1
162,2,644.13,381.96,771.51,705.04,1,-1,-1,-1
162,3,241.52,376.31,363.16,652.94,1,-1,-1,-1
162,4,410.84,404.31,507.94,639.67,1,-1,-1,-1
162,5,769.02,400.11,872.01,656.96,1,-1,-1,-1
163,1,1277.43,203.02,1614.07,954.95,1,-1,-1,-1
163,2,644.15,381.98,771.77,705.04,1,-1,-1,-1
163,3,241.03,376.06,363.03,653.03,1,-1,-1,-1
163,4,409.97,404.04,507.45,639.97,1,-1,-1,-1
163,5,768.39,400.02,871.94,657.64,1,-1,-1,-1
164,1,1278.18,202.94,1614.75,955.04,1,-1,-1,-1
164,2,644.08,381.99,771.93,705.03,1,-1,-1,-1
164,3,240.68,375.98,363.16,653.71,1,-1,-1,-1
164,4,409.90,403.95,507.70,640.07,1,-1,-1,-1
164,5,767.87,399.32,872.20,658.56,1,-1,-1,-1
165,1,1278.20,202.91,1614.55,955.07,1,-1,-1,-1
165,2,643.90,381.99,772.15,705.03,1,-1,-1,-1
165,3,240.68,375.29,363.76,653.97,1,-1,-1,-1
165,4,409.82,403.92,507.86,640.10,1,-1,-1,-1
165,5,767.64,399.06,872.34,658.91,1,-1,-1,-1
166,1,1278.51,203.57,1614.14,954.41,1,-1,-1,-1
166,2,643.73,381.99,772.33,705.02,1,-1,-1,-1
166,3,240.54,375.03,364.14,654.06,1,-1,-1,-1
166,4,409.37,403.92,507.70,640.10,1,-1,-1,-1
166,5,767.52,398.97,872.43,659.03,1,-1,-1,-1
167,1,1278.67,203.17,1614.55,954.82,1,-1,-1,-1
167,2,643.45,381.99,772.60,705.68,1,-1,-1,-1
167,3,240.50,374.94,364.29,654.08,1,-1,-1,-1
167,4,409.14,403.92,507.72,640.10,1,-1,-1,-1
167,5,767.45,398.94,872.49,659.07,1,-1,-1,-1
168,1,1278.45,203.02,1614.29,954.97,1,-1,-1,-1
168,2,643.39,381.99,772.67,705.27,1,-1,-1,-1
168,3,240.46,374.92,364.38,654.09,1,-1,-1,-1
168,4,408.99,403.93,507.81,640.09,1,-1,-1,-1
168,5,767.40,398.94,872.54,659.08,1,-1,-1,-1
169,1,1278.41,202.96,1614.11,955.02,1,-1,-1,-1
169,2,643.21,382.65,772.18,705.11,1,-1,-1,-1
169,3,240.30,374.92,364.57,654.74,1,-1,-1,-1
169,4,408.88,403.94,507.91,640.08,1,-1,-1,-1
169,5,767.36,398.94,872.59,659.08,1,-1,-1,-1
170,1,1278.55,203.61,1613.86,955.04,1,-1,-1,-1
170,2,643.23,382.90,771.91,705.05,1,-1,-1,-1
170,3,240.35,374.92,364.54,654.32,1,-1,-1,-1
170,4,408.80,403.94,508.01,640.07,1,-1,-1,-1
170,5,767.70,398.94,872.91,659.07,1,-1,-1,-1
171,1,1279.13,203.86,1613.88,954.38,1,-1,-1,-1
171,2,643.09,383.00,771.28,705.02,1,-1,-1,-1
171,3,236.07,379.55,358.92,657.46,1,-1,-1,-1
171,4,409.10,403.95,508.39,640.06,1,-1,-1,-1
171,5,767.84,398.95,873.03,659.06,1,-1,-1,-1
172,1,1279.38,203.95,1613.83,954.13,1,-1,-1,-1
172,2,643.16,383.03,770.93,705.01,1,-1,-1,-1
172,3,234.65,381.30,356.63,658.64,1,-1,-1,-1
172,4,408.82,403.96,508.27,640.05,1,-1,-1,-1
172,5,767.80,398.96,873.16,659.05,1,-1,-1,-1
