4,1,1612.79,346.85,1913.98,978.37,1,-1,-1,-1
4,5,909.00,523.00,1018.00,803.00,1,-1,-1,-1
4,2,760.63,493.00,896.39,847.22,1,-1,-1,-1
4,3,192.65,497.22,356.35,845.78,1,-1,-1,-1
4,4,429.00,516.00,546.00,825.00,1,-1,-1,-1
5,1,1614.24,347.95,1916.05,982.47,1,-1,-1,-1
5,5,909.14,523.76,1017.86,803.00,1,-1,-1,-1
5,2,760.67,493.00,896.38,846.98,1,-1,-1,-1
5,3,192.55,496.98,356.45,846.02,1,-1,-1,-1
5,4,429.00,516.00,546.00,825.00,1,-1,-1,-1
6,1,1614.26,346.27,1916.92,984.75,1,-1,-1,-1
6,5,909.18,524.01,1017.82,803.00,1,-1,-1,-1
6,2,760.78,493.74,896.27,846.92,1,-1,-1,-1
6,3,192.54,496.92,356.46,846.08,1,-1,-1,-1
6,4,429.00,516.00,546.00,825.00,1,-1,-1,-1
7,1,1612.83,352.12,1908.55,978.81,1,-1,-1,-1
7,5,909.05,523.36,1017.95,803.00,1,-1,-1,-1
7,2,760.66,493.27,896.38,846.91,1,-1,-1,-1
7,3,192.56,496.91,356.44,846.09,1,-1,-1,-1
7,4,429.00,516.00,546.00,825.00,1,-1,-1,-1
8,1,1614.35,357.06,1903.37,973.58,1,-1,-1,-1
8,5,909.13,523.82,1017.87,803.00,1,-1,-1,-1
8,2,760.71,493.80,896.32,846.92,1,-1,-1,-1
8,3,192.59,496.92,356.41,846.08,1,-1,-1,-1
8,4,429.00,516.00,546.00,825.00,1,-1,-1,-1
9,1,1616.42,360.18,1899.99,969.50,1,-1,-1,-1
9,5,909.95,521.92,1017.05,796.79,1,-1,-1,-1
9,2,760.08,493.29,896.26,847.62,1,-1,-1,-1
9,3,192.62,496.93,356.38,846.07,1,-1,-1,-1
9,4,429.00,516.00,546.00,825.00,1,-1,-1,-1
10,1,1620.04,361.92,1895.23,957.67,1,-1,-1,-1
10,5,910.23,521.22,1016.77,794.54,1,-1,-1,-1
10,2,759.81,493.10,896.27,847.88,1,-1,-1,-1
10,3,192.65,496.94,356.35,846.06,1,-1,-1,-1
10,4,429.00,516.00,546.00,825.00,1,-1,-1,-1
11,1,1621.82,363.17,1892.38,952.66,1,-1,-1,-1
11,5,910.31,520.97,1016.69,793.77,1,-1,-1,-1
11,2,759.68,493.03,896.31,847.98,1,-1,-1,-1
11,3,192.30,496.95,356.02,846.05,1,-1,-1,-1
11,4,429.00,516.00,546.00,825.00,1,-1,-1,-1
12,1,1623.38,364.91,1890.45,950.23,1,-1,-1,-1
12,5,910.32,520.90,1016.68,793.54,1,-1,-1,-1
12,2,759.37,492.33,896.59,848.68,1,-1,-1,-1
12,3,192.17,496.96,355.91,846.04,1,-1,-1,-1
12,4,429.00,516.00,546.00,825.00,1,-1,-1,-1
13,1,1623.17,367.51,1881.76,937.92,1,-1,-1,-1
13,5,910.31,520.88,1016.69,793.50,1,-1,-1,-1
13,2,759.54,492.08,897.08,848.94,1,-1,-1,-1
13,3,192.11,496.96,355.87,846.04,1,-1,-1,-1
13,4,429.00,516.00,546.00,825.00,1,-1,-1,-1
14,1,1622.57,366.36,1879.12,935.52,1,-1,-1,-1
14,5,910.28,520.89,1016.72,793.53,1,-1,-1,-1
14,2,759.57,491.98,897.30,849.03,1,-1,-1,-1
14,3,192.09,496.97,355.87,846.03,1,-1,-1,-1
14,4,429.00,516.00,546.00,825.00,1,-1,-1,-1
15,1,1621.86,365.20,1878.03,935.44,1,-1,-1,-1
15,5,910.26,520.90,1016.74,793.58,1,-1,-1,-1
15,2,759.44,491.95,897.53,849.73,1,-1,-1,-1
15,3,192.08,496.97,355.87,846.03,1,-1,-1,-1
15,4,429.00,516.00,546.00,825.00,1,-1,-1,-1
16,1,1622.81,366.74,1876.51,933.53,1,-1,-1,-1
16,5,910.23,520.91,1016.77,793.63,1,-1,-1,-1
16,2,759.37,491.95,897.63,849.98,1,-1,-1,-1
16,3,192.07,496.98,355.88,846.02,1,-1,-1,-1
16,4,429.00,516.00,546.00,825.00,1,-1,-1,-1
17,1,1621.58,371.96,1868.23,927.58,1,-1,-1,-1
17,5,910.21,520.92,1016.79,793.67,1,-1,-1,-1
17,2,758.95,491.95,897.40,850.07,1,-1,-1,-1
17,3,192.44,496.98,356.18,846.02,1,-1,-1,-1
17,4,429.11,516.66,545.89,825.00,1,-1,-1,-1
18,1,1623.36,376.54,1863.66,922.80,1,-1,-1,-1
18,5,910.19,520.93,1016.81,793.71,1,-1,-1,-1
18,2,758.53,491.29,897.57,850.75,1,-1,-1,-1
18,3,192.60,496.98,356.27,846.02,1,-1,-1,-1
18,4,429.14,516.91,545.86,825.00,1,-1,-1,-1
19,1,1626.41,378.16,1859.03,911.74,1,-1,-1,-1
19,5,910.17,520.94,1016.83,793.75,1,-1,-1,-1
19,2,758.36,491.05,897.66,851.00,1,-1,-1,-1
19,3,192.30,496.98,356.00,846.02,1,-1,-1,-1
19,4,429.14,517.00,545.86,825.00,1,-1,-1,-1
20,1,1629.54,376.65,1864.88,919.30,1,-1,-1,-1
20,5,910.15,520.95,1016.85,793.78,1,-1,-1,-1
20,2,758.28,490.96,897.70,851.09,1,-1,-1,-1
20,3,192.18,496.99,355.91,846.01,1,-1,-1,-1
20,4,429.14,517.03,545.86,825.00,1,-1,-1,-1
21,1,1631.41,376.05,1867.00,922.14,1,-1,-1,-1
21,5,910.14,520.95,1016.86,793.81,1,-1,-1,-1
21,2,758.24,490.93,897.74,851.11,1,-1,-1,-1
21,3,192.13,496.99,355.88,846.01,1,-1,-1,-1
21,4,429.13,517.04,545.87,825.00,1,-1,-1,-1
22,1,1632.26,376.43,1867.02,923.32,1,-1,-1,-1
22,5,910.13,520.96,1016.87,793.83,1,-1,-1,-1
22,2,758.21,490.93,897.76,851.11,1,-1,-1,-1
22,3,192.10,496.99,355.88,846.01,1,-1,-1,-1
22,4,429.22,517.04,545.78,824.34,1,-1,-1,-1
23,1,1633.44,377.19,1866.19,922.52,1,-1,-1,-1
23,5,910.11,520.96,1016.89,793.85,1,-1,-1,-1
23,2,758.19,490.93,897.79,851.10,1,-1,-1,-1
23,3,192.09,496.99,355.89,846.01,1,-1,-1,-1
23,4,429.24,517.04,545.76,824.09,1,-1,-1,-1
24,1,1634.85,378.09,1865.60,921.62,1,-1,-1,-1
24,5,910.10,520.97,1016.90,793.87,1,-1,-1,-1
24,2,758.17,490.94,897.81,851.09,1,-1,-1,-1
24,3,192.08,496.99,355.90,846.01,1,-1,-1,-1
24,4,429.24,517.03,545.76,824.00,1,-1,-1,-1
25,1,1637.64,377.73,1863.12,912.05,1,-1,-1,-1
25,5,910.09,520.97,1016.91,793.88,1,-1,-1,-1
25,2,758.53,490.95,898.11,851.08,1,-1,-1,-1
25,3,192.07,496.99,355.90,846.01,1,-1,-1,-1
25,4,429.22,517.03,545.78,823.97,1,-1,-1,-1
26,1,1639.14,378.21,1861.74,908.53,1,-1,-1,-1
26,5,909.21,522.30,1017.79,799.85,1,-1,-1,-1
26,2,758.80,490.95,898.10,850.41,1,-1,-1,-1
26,3,192.44,496.99,356.20,846.01,1,-1,-1,-1
26,4,429.20,517.03,545.80,823.96,1,-1,-1,-1
27,1,1639.41,377.02,1861.52,908.65,1,-1,-1,-1
27,5,908.90,522.80,1018.10,802.09,1,-1,-1,-1
27,2,758.79,490.96,898.20,850.81,1,-1,-1,-1
27,3,192.60,496.99,356.29,846.01,1,-1,-1,-1
27,4,429.08,517.02,545.92,824.62,1,-1,-1,-1
28,1,1635.67,377.22,1855.99,907.45,1,-1,-1,-1
28,5,909.66,521.67,1017.34,797.00,1,-1,-1,-1
28,2,759.02,491.62,898.00,850.30,1,-1,-1,-1
28,3,192.31,496.99,356.02,846.01,1,-1,-1,-1
28,4,429.13,517.02,545.87,824.21,1,-1,-1,-1
29,1,1634.17,377.26,1854.02,907.76,1,-1,-1,-1
29,5,909.07,522.55,1017.93,801.00,1,-1,-1,-1
29,2,758.99,491.88,898.04,850.77,1,-1,-1,-1
29,3,192.18,497.00,355.92,846.00,1,-1,-1,-1
29,4,429.15,517.02,545.85,824.06,1,-1,-1,-1
30,1,1637.12,375.27,1858.43,909.94,1,-1,-1,-1
30,5,909.73,521.57,1017.27,796.56,1,-1,-1,-1
30,2,758.87,491.31,898.16,850.94,1,-1,-1,-1
30,3,192.13,497.00,355.90,846.00,1,-1,-1,-1
30,4,429.14,517.02,545.86,824.00,1,-1,-1,-1
31,1,1635.83,373.19,1863.19,921.40,1,-1,-1,-1
31,5,909.98,521.19,1017.02,794.85,1,-1,-1,-1
31,2,758.46,491.10,897.91,851.01,1,-1,-1,-1
31,3,192.11,497.00,355.89,846.00,1,-1,-1,-1
31,4,429.13,517.01,545.87,823.98,1,-1,-1,-1
32,1,1635.96,373.71,1864.37,924.42,1,-1,-1,-1
32,5,910.07,521.05,1016.93,794.21,1,-1,-1,-1
32,2,758.29,491.02,897.83,851.03,1,-1,-1,-1
32,3,192.09,497.00,355.90,846.00,1,-1,-1,-1
32,4,429.12,517.01,545.88,823.98,1,-1,-1,-1
33,1,1634.50,372.59,1865.67,926.90,1,-1,-1,-1
33,5,910.10,520.99,1016.90,793.98,1,-1,-1,-1
33,2,758.59,490.99,898.09,851.03,1,-1,-1,-1
33,3,192.08,497.00,355.90,846.00,1,-1,-1,-1
33,4,429.11,517.01,545.89,823.98,1,-1,-1,-1
34,1,1628.24,375.46,1863.32,934.40,1,-1,-1,-1
34,5,910.10,520.98,1016.90,793.90,1,-1,-1,-1
34,2,758.34,490.98,897.90,851.03,1,-1,-1,-1
34,3,192.07,497.00,355.91,846.00,1,-1,-1,-1
34,4,428.99,517.01,546.01,824.64,1,-1,-1,-1
35,1,1623.82,375.23,1864.47,938.53,1,-1,-1,-1
35,5,909.22,522.30,1017.78,799.84,1,-1,-1,-1
35,2,758.61,490.98,898.12,851.03,1,-1,-1,-1
35,3,192.44,497.00,356.20,846.00,1,-1,-1,-1
35,4,429.06,517.01,545.94,824.23,1,-1,-1,-1
36,1,1616.01,372.51,1861.88,932.17,1,-1,-1,-1
36,5,909.77,521.48,1017.23,796.15,1,-1,-1,-1
36,2,758.73,490.98,898.19,851.03,1,-1,-1,-1
36,3,192.60,497.00,356.29,846.00,1,-1,-1,-1
36,4,428.97,517.01,546.03,824.73,1,-1,-1,-1
37,1,1606.02,371.47,1859.37,929.68,1,-1,-1,-1
37,5,908.82,522.49,1017.51,800.69,1,-1,-1,-1
37,2,758.50,490.98,897.82,851.02,1,-1,-1,-1
37,3,192.31,497.00,356.02,846.00,1,-1,-1,-1
37,4,428.94,517.01,546.06,824.93,1,-1,-1,-1
38,1,1599.50,370.42,1861.26,930.04,1,-1,-1,-1
38,5,908.68,522.86,1018.07,803.03,1,-1,-1,-1
38,2,758.45,490.98,897.65,851.02,1,-1,-1,-1
38,3,192.18,497.00,355.93,846.00,1,-1,-1,-1
38,4,429.04,517.01,545.96,824.33,1,-1,-1,-1
39,1,1595.87,370.70,1863.26,929.50,1,-1,-1,-1
39,5,908.65,523.00,1018.26,803.91,1,-1,-1,-1
39,2,758.75,490.99,897.93,851.02,1,-1,-1,-1
39,3,192.51,497.00,356.18,846.00,1,-1,-1,-1
39,4,428.97,517.01,546.03,824.77,1,-1,-1,-1
40,1,1595.95,370.15,1871.93,939.18,1,-1,-1,-1
40,5,909.42,521.07,1017.55,798.28,1,-1,-1,-1
40,2,758.59,490.99,897.65,851.02,1,-1,-1,-1
40,3,192.65,497.00,356.26,846.00,1,-1,-1,-1
40,4,428.94,517.00,546.06,824.94,1,-1,-1,-1
41,1,1596.94,368.64,1874.31,934.93,1,-1,-1,-1
41,5,908.96,522.32,1018.03,802.08,1,-1,-1,-1
41,2,759.04,491.65,897.69,851.01,1,-1,-1,-1
41,3,192.72,497.00,356.27,846.00,1,-1,-1,-1
41,4,428.94,517.00,546.06,825.00,1,-1,-1,-1
42,1,1601.96,368.08,1879.90,933.25,1,-1,-1,-1
42,5,909.78,521.47,1017.22,796.91,1,-1,-1,-1
42,2,758.88,491.90,897.38,851.01,1,-1,-1,-1
42,3,192.76,497.00,356.26,846.00,1,-1,-1,-1
42,4,428.94,517.00,546.06,825.02,1,-1,-1,-1
43,1,1611.96,365.24,1891.77,935.89,1,-1,-1,-1
43,5,910.08,521.15,1016.92,794.92,1,-1,-1,-1
43,2,759.21,491.99,897.53,851.01,1,-1,-1,-1
43,3,192.79,497.00,356.24,846.00,1,-1,-1,-1
43,4,428.95,517.00,546.05,825.02,1,-1,-1,-1
44,1,1616.34,363.53,1896.27,937.52,1,-1,-1,-1
44,5,910.18,521.03,1016.82,794.19,1,-1,-1,-1
44,2,758.88,491.36,897.38,851.01,1,-1,-1,-1
44,3,192.81,497.00,356.22,846.00,1,-1,-1,-1
44,4,428.95,517.00,546.05,825.02,1,-1,-1,-1
45,1,1617.62,356.99,1906.81,953.23,1,-1,-1,-1
45,5,910.15,519.66,1017.51,794.59,1,-1,-1,-1
45,2,758.88,491.78,897.20,851.01,1,-1,-1,-1
45,3,192.83,497.00,356.20,846.00,1,-1,-1,-1
45,4,428.95,517.00,546.05,825.02,1,-1,-1,-1
46,1,1623.16,353.90,1915.37,959.77,1,-1,-1,-1
46,5,910.14,519.15,1017.78,794.75,1,-1,-1,-1
46,2,759.06,491.28,897.61,851.01,1,-1,-1,-1
46,3,192.84,497.00,356.18,846.00,1,-1,-1,-1
46,4,428.96,517.00,546.04,825.02,1,-1,-1,-1
47,1,1624.16,350.16,1919.04,964.81,1,-1,-1,-1
47,5,910.06,519.63,1017.28,794.16,1,-1,-1,-1
47,2,759.12,491.09,897.77,851.01,1,-1,-1,-1
47,3,192.86,497.00,356.16,846.00,1,-1,-1,-1
47,4,428.96,517.00,546.04,825.02,1,-1,-1,-1
48,1,1620.72,348.77,1915.63,966.65,1,-1,-1,-1
48,5,909.70,519.15,1017.43,795.28,1,-1,-1,-1
48,2,763.41,491.68,901.50,850.35,1,-1,-1,-1
48,3,192.87,497.00,356.15,846.00,1,-1,-1,-1
48,4,428.97,517.00,546.03,825.02,1,-1,-1,-1
49,1,1614.49,347.00,1909.89,967.90,1,-1,-1,-1
49,5,909.70,518.98,1017.34,795.05,1,-1,-1,-1
49,2,764.85,491.90,903.08,850.76,1,-1,-1,-1
49,3,192.88,497.00,356.13,846.00,1,-1,-1,-1
49,4,428.97,517.00,546.03,825.01,1,-1,-1,-1
50,1,1612.65,347.04,1907.02,968.27,1,-1,-1,-1
50,5,909.72,518.93,1017.29,794.96,1,-1,-1,-1
50,2,761.17,491.33,899.93,851.58,1,-1,-1,-1
50,3,192.90,497.00,356.12,846.00,1,-1,-1,-1
50,4,429.08,517.00,545.92,824.35,1,-1,-1,-1
51,1,1613.29,343.19,1913.67,981.42,1,-1,-1,-1
51,5,910.28,520.23,1016.72,793.62,1,-1,-1,-1
51,2,759.76,491.11,898.72,851.88,1,-1,-1,-1
51,3,192.90,497.00,356.11,846.00,1,-1,-1,-1
51,4,429.01,517.00,545.99,824.76,1,-1,-1,-1
52,1,1617.59,339.18,1921.18,988.91,1,-1,-1,-1
52,5,910.53,520.73,1016.47,792.45,1,-1,-1,-1
52,2,759.23,491.02,898.26,852.00,1,-1,-1,-1
52,3,192.90,497.66,355.45,845.34,1,-1,-1,-1
52,4,429.09,517.00,545.91,824.26,1,-1,-1,-1
53,1,1620.46,339.00,1922.79,990.37,1,-1,-1,-1
53,5,910.52,521.59,1015.81,791.36,1,-1,-1,-1
53,2,759.03,490.99,898.08,852.03,1,-1,-1,-1
53,3,192.77,497.91,355.33,845.75,1,-1,-1,-1
53,4,429.11,517.00,545.89,824.07,1,-1,-1,-1
54,1,1622.02,338.36,1923.50,991.43,1,-1,-1,-1
54,5,910.38,521.90,1015.71,791.63,1,-1,-1,-1
54,2,759.07,490.98,897.91,851.39,1,-1,-1,-1
54,3,192.89,497.34,355.78,845.91,1,-1,-1,-1
54,4,429.11,517.00,545.89,824.00,1,-1,-1,-1
55,1,1627.93,338.18,1927.49,991.04,1,-1,-1,-1
55,5,910.08,521.36,1015.91,792.41,1,-1,-1,-1
55,2,759.08,490.98,897.86,851.14,1,-1,-1,-1
55,3,192.65,497.12,355.57,845.97,1,-1,-1,-1
55,4,429.11,517.00,545.89,823.98,1,-1,-1,-1
56,1,1630.52,338.18,1928.57,991.42,1,-1,-1,-1
56,5,910.09,521.14,1015.88,792.06,1,-1,-1,-1
56,2,758.97,490.98,897.95,851.70,1,-1,-1,-1
56,3,192.72,497.04,355.34,845.33,1,-1,-1,-1
56,4,429.10,517.00,545.90,823.97,1,-1,-1,-1
57,1,1631.15,336.26,1929.19,993.42,1,-1,-1,-1
57,5,910.08,521.06,1015.87,791.93,1,-1,-1,-1
57,2,763.32,491.64,901.53,850.60,1,-1,-1,-1
57,3,192.91,497.01,355.74,845.75,1,-1,-1,-1
57,4,429.09,517.00,545.91,823.97,1,-1,-1,-1
58,1,1630.69,334.93,1928.68,995.39,1,-1,-1,-1
58,5,910.08,521.03,1015.88,791.90,1,-1,-1,-1
58,2,764.88,491.90,902.97,850.84,1,-1,-1,-1
58,3,192.99,497.00,355.90,845.91,1,-1,-1,-1
58,4,429.08,517.00,545.92,823.97,1,-1,-1,-1
59,1,1632.16,336.45,1927.37,993.42,1,-1,-1,-1
59,5,910.35,521.02,1016.27,791.89,1,-1,-1,-1
59,2,761.03,491.33,899.33,850.93,1,-1,-1,-1
59,3,193.01,496.99,355.96,845.97,1,-1,-1,-1
59,4,429.07,517.00,545.93,823.97,1,-1,-1,-1
60,1,1632.28,335.11,1927.18,993.88,1,-1,-1,-1
60,5,910.32,521.01,1016.56,792.56,1,-1,-1,-1
60,2,759.95,491.11,898.21,850.97,1,-1,-1,-1
60,3,193.02,496.99,355.98,846.00,1,-1,-1,-1
60,4,429.07,517.00,545.93,823.98,1,-1,-1,-1
61,1,1633.70,336.61,1926.30,992.66,1,-1,-1,-1
61,5,910.29,521.01,1016.68,792.82,1,-1,-1,-1
61,2,759.58,491.03,897.75,850.98,1,-1,-1,-1
61,3,193.02,496.99,355.99,846.00,1,-1,-1,-1
61,4,429.06,517.00,545.94,823.98,1,-1,-1,-1
62,1,1634.15,336.57,1925.95,992.78,1,-1,-1,-1
62,5,909.88,521.01,1016.46,792.92,1,-1,-1,-1
62,2,759.69,491.66,897.33,850.33,1,-1,-1,-1
62,3,193.02,496.99,356.00,846.01,1,-1,-1,-1
62,4,429.05,517.00,545.95,823.98,1,-1,-1,-1
63,1,1635.13,337.91,1924.94,991.45,1,-1,-1,-1
63,5,909.47,520.34,1016.64,793.62,1,-1,-1,-1
63,2,759.75,491.90,897.17,850.08,1,-1,-1,-1
63,3,193.02,496.99,356.00,846.01,1,-1,-1,-1
63,4,428.83,516.34,546.17,824.65,1,-1,-1,-1
64,1,1634.37,335.14,1925.60,993.53,1,-1,-1,-1
64,5,909.07,519.44,1016.94,794.54,1,-1,-1,-1
64,2,759.79,491.99,897.10,849.99,1,-1,-1,-1
64,3,193.02,496.99,356.00,846.01,1,-1,-1,-1
64,4,428.87,516.09,546.13,824.24,1,-1,-1,-1
65,1,1633.70,333.46,1925.51,995.59,1,-1,-1,-1
65,5,908.45,519.10,1016.88,795.55,1,-1,-1,-1
65,2,759.81,492.02,897.07,849.96,1,-1,-1,-1
65,3,193.02,497.00,356.00,846.01,1,-1,-1,-1
65,4,428.41,516.00,545.93,824.74,1,-1,-1,-1
66,1,1632.01,329.56,1926.21,999.61,1,-1,-1,-1
66,5,908.09,518.31,1016.98,795.92,1,-1,-1,-1
66,2,759.62,491.37,897.28,850.62,1,-1,-1,-1
66,3,192.64,497.00,355.71,846.00,1,-1,-1,-1
66,4,428.23,515.97,545.87,824.93,1,-1,-1,-1
67,1,1632.95,332.05,1924.19,997.15,1,-1,-1,-1
67,5,908.19,518.68,1016.79,795.40,1,-1,-1,-1
67,2,763.64,491.78,901.19,850.87,1,-1,-1,-1
67,3,192.47,497.00,355.63,846.00,1,-1,-1,-1
67,4,428.15,515.96,545.85,825.00,1,-1,-1,-1
68,1,1630.17,335.04,1919.24,994.82,1,-1,-1,-1
68,5,907.93,518.83,1016.36,795.19,1,-1,-1,-1
68,2,765.07,491.27,902.76,850.96,1,-1,-1,-1
68,3,192.89,497.66,355.78,846.00,1,-1,-1,-1
68,4,428.11,515.96,545.85,825.02,1,-1,-1,-1
69,1,1632.56,338.18,1921.85,1000.51,1,-1,-1,-1
69,5,907.03,520.22,1017.66,802.37,1,-1,-1,-1
69,2,761.65,491.08,899.35,851.00,1,-1,-1,-1
69,3,192.53,497.25,355.69,846.00,1,-1,-1,-1
69,4,428.10,515.96,545.86,825.03,1,-1,-1,-1
70,1,1634.20,340.69,1922.08,1001.29,1,-1,-1,-1
70,5,906.67,520.08,1018.83,806.36,1,-1,-1,-1
70,2,760.19,491.67,897.54,851.01,1,-1,-1,-1
70,3,192.40,496.43,356.32,846.66,1,-1,-1,-1
70,4,428.08,515.97,545.88,825.03,1,-1,-1,-1
71,1,1636.16,340.98,1920.81,993.61,1,-1,-1,-1
71,5,906.85,520.03,1019.63,807.86,1,-1,-1,-1
71,2,760.27,491.90,896.89,849.69,1,-1,-1,-1
71,3,192.33,496.12,356.58,846.91,1,-1,-1,-1
71,4,428.08,515.97,545.89,825.03,1,-1,-1,-1
72,1,1635.46,341.75,1921.74,998.62,1,-1,-1,-1
72,5,907.20,520.01,1020.30,808.38,1,-1,-1,-1
72,2,759.96,491.98,896.33,849.19,1,-1,-1,-1
72,3,191.91,496.01,356.41,847.00,1,-1,-1,-1
72,4,428.07,515.97,545.90,825.02,1,-1,-1,-1
73,1,1636.96,345.32,1920.97,997.17,1,-1,-1,-1
73,5,911.22,521.32,1023.89,807.22,1,-1,-1,-1
73,2,760.08,492.67,895.90,848.35,1,-1,-1,-1
73,3,191.71,495.97,356.39,847.03,1,-1,-1,-1
73,4,428.44,515.98,546.19,825.02,1,-1,-1,-1
74,1,1638.54,349.31,1918.98,993.94,1,-1,-1,-1
74,5,912.17,523.14,1027.16,814.65,1,-1,-1,-1
74,2,760.71,493.59,895.83,847.37,1,-1,-1,-1
74,3,191.33,495.30,356.68,847.70,1,-1,-1,-1
74,4,428.22,515.98,546.00,825.02,1,-1,-1,-1
75,1,1638.16,348.79,1919.18,995.36,1,-1,-1,-1
75,5,911.62,523.16,1027.94,817.40,1,-1,-1,-1
75,2,760.56,493.93,895.53,847.02,1,-1,-1,-1
75,3,191.09,495.05,356.89,847.95,1,-1,-1,-1
75,4,428.14,515.98,545.93,825.02,1,-1,-1,-1
76,1,1635.38,343.93,1920.55,1001.18,1,-1,-1,-1
76,5,911.35,523.15,1028.26,817.74,1,-1,-1,-1
76,2,760.81,494.72,895.13,845.57,1,-1,-1,-1
76,3,190.94,494.96,357.03,848.04,1,-1,-1,-1
76,4,428.48,515.98,546.20,825.02,1,-1,-1,-1
77,1,1635.54,343.40,1920.51,1001.37,1,-1,-1,-1
77,5,911.33,523.80,1028.24,817.14,1,-1,-1,-1
77,2,760.95,495.66,894.94,845.04,1,-1,-1,-1
77,3,190.61,494.93,357.37,848.73,1,-1,-1,-1
77,4,428.25,515.99,545.99,825.01,1,-1,-1,-1
78,1,1636.09,342.52,1920.65,1001.41,1,-1,-1,-1
78,5,910.66,523.37,1028.86,818.17,1,-1,-1,-1
78,2,760.73,495.35,895.16,845.52,1,-1,-1,-1
78,3,190.26,494.27,357.71,848.98,1,-1,-1,-1
78,4,427.99,516.65,545.42,824.35,1,-1,-1,-1
79,1,1636.60,343.51,1919.74,1000.74,1,-1,-1,-1
79,5,906.23,518.60,1025.34,815.23,1,-1,-1,-1
79,2,760.19,494.55,895.70,847.04,1,-1,-1,-1
79,3,190.57,495.34,357.41,848.41,1,-1,-1,-1
79,4,427.96,517.56,545.14,823.44,1,-1,-1,-1
80,1,1639.26,345.20,1916.92,989.88,1,-1,-1,-1
80,5,904.61,516.78,1023.93,813.41,1,-1,-1,-1
80,2,760.21,494.24,896.35,847.63,1,-1,-1,-1
80,3,191.42,496.42,357.22,846.86,1,-1,-1,-1
80,4,428.03,517.90,544.96,823.10,1,-1,-1,-1
81,1,1637.06,347.83,1911.06,983.08,1,-1,-1,-1
81,5,903.95,516.11,1023.43,812.68,1,-1,-1,-1
81,2,764.22,494.78,900.52,847.85,1,-1,-1,-1
81,3,192.15,497.49,356.74,845.61,1,-1,-1,-1
81,4,427.27,517.36,545.03,823.64,1,-1,-1,-1
82,1,1631.72,348.13,1904.73,980.58,1,-1,-1,-1
82,5,903.41,516.53,1022.90,812.38,1,-1,-1,-1
82,2,764.87,495.64,903.63,854.55,1,-1,-1,-1
82,3,192.09,497.22,356.90,845.81,1,-1,-1,-1
82,4,427.56,517.81,545.14,823.19,1,-1,-1,-1
83,1,1628.16,351.55,1894.02,967.07,1,-1,-1,-1
83,5,903.65,517.36,1022.93,811.59,1,-1,-1,-1
83,2,765.21,495.96,905.33,857.72,1,-1,-1,-1
83,3,191.55,496.46,356.81,845.89,1,-1,-1,-1
83,4,427.74,517.98,545.12,822.36,1,-1,-1,-1
84,1,1629.82,356.83,1886.42,949.31,1,-1,-1,-1
84,5,904.21,519.02,1022.49,809.30,1,-1,-1,-1
84,2,764.94,495.41,906.33,859.55,1,-1,-1,-1
84,3,191.25,495.50,357.53,846.58,1,-1,-1,-1
84,4,423.08,517.38,541.23,823.37,1,-1,-1,-1
85,1,1626.21,354.01,1887.99,957.08,1,-1,-1,-1
85,5,904.51,520.32,1022.25,807.76,1,-1,-1,-1
85,2,764.35,495.20,906.49,860.21,1,-1,-1,-1
85,3,190.94,495.14,358.00,847.51,1,-1,-1,-1
85,4,421.46,516.49,540.31,823.76,1,-1,-1,-1
86,1,1626.06,349.65,1896.79,972.59,1,-1,-1,-1
86,5,904.19,520.80,1021.96,807.19,1,-1,-1,-1
86,2,764.10,495.11,906.53,860.42,1,-1,-1,-1
86,3,190.68,495.01,358.32,847.86,1,-1,-1,-1
86,4,420.51,515.49,540.35,824.57,1,-1,-1,-1
87,1,1624.46,349.96,1892.53,967.31,1,-1,-1,-1
87,5,903.95,520.98,1021.97,806.98,1,-1,-1,-1
87,2,763.84,495.07,906.68,861.12,1,-1,-1,-1
87,3,190.49,494.96,358.53,847.99,1,-1,-1,-1
87,4,419.71,515.11,540.18,824.88,1,-1,-1,-1
88,1,1619.15,350.74,1886.39,964.65,1,-1,-1,-1
88,5,904.38,521.71,1022.13,805.59,1,-1,-1,-1
88,2,763.81,495.05,906.64,860.70,1,-1,-1,-1
88,3,190.24,494.95,358.78,848.03,1,-1,-1,-1
88,4,419.18,511.68,539.73,820.38,1,-1,-1,-1
89,1,1614.30,351.02,1878.42,954.41,1,-1,-1,-1
89,5,904.16,521.31,1022.59,805.74,1,-1,-1,-1
89,2,764.03,495.04,907.02,860.50,1,-1,-1,-1
89,3,190.03,494.95,359.00,848.05,1,-1,-1,-1
89,4,419.25,510.39,540.00,818.67,1,-1,-1,-1
90,1,1614.65,353.78,1872.08,937.96,1,-1,-1,-1
90,5,903.84,521.15,1023.01,806.47,1,-1,-1,-1
90,2,763.76,495.04,906.83,860.40,1,-1,-1,-1
90,3,189.93,494.95,359.09,848.05,1,-1,-1,-1
90,4,419.41,510.58,540.00,818.04,1,-1,-1,-1
91,1,1612.93,358.16,1862.35,919.15,1,-1,-1,-1
91,5,903.50,520.43,1023.39,806.75,1,-1,-1,-1
91,2,764.16,496.35,906.23,859.01,1,-1,-1,-1
91,3,189.84,494.96,359.18,848.04,1,-1,-1,-1
91,4,420.14,511.34,540.03,817.16,1,-1,-1,-1
92,1,1608.76,362.45,1853.71,909.71,1,-1,-1,-1
92,5,903.18,520.15,1023.74,807.53,1,-1,-1,-1
92,2,764.29,496.85,906.00,858.47,1,-1,-1,-1
92,3,194.08,496.28,362.21,846.72,1,-1,-1,-1
92,4,420.66,511.65,539.84,816.19,1,-1,-1,-1
93,1,1604.40,363.29,1852.98,916.68,1,-1,-1,-1
93,5,902.95,520.71,1023.32,807.17,1,-1,-1,-1
93,2,764.31,497.02,905.92,858.25,1,-1,-1,-1
93,3,195.66,496.79,363.36,846.22,1,-1,-1,-1
93,4,421.35,512.44,539.30,814.53,1,-1,-1,-1
94,1,1604.78,364.22,1850.94,909.35,1,-1,-1,-1
94,5,903.29,520.92,1023.40,807.03,1,-1,-1,-1
94,2,764.68,497.08,906.18,858.16,1,-1,-1,-1
94,3,196.24,496.31,364.45,846.69,1,-1,-1,-1
94,4,421.57,512.75,539.15,814.59,1,-1,-1,-1
95,1,1601.47,367.19,1845.18,904.14,1,-1,-1,-1
95,5,903.19,520.99,1023.01,806.32,1,-1,-1,-1
95,2,764.76,497.76,905.66,857.45,1,-1,-1,-1
95,3,195.90,495.47,364.70,846.88,1,-1,-1,-1
95,4,421.42,512.21,539.35,815.30,1,-1,-1,-1
96,1,1602.00,371.59,1841.55,898.38,1,-1,-1,-1
96,5,902.86,521.02,1022.49,806.06,1,-1,-1,-1
96,2,764.87,497.34,906.04,857.84,1,-1,-1,-1
96,3,195.73,495.15,364.81,846.95,1,-1,-1,-1
96,4,421.49,512.01,539.30,815.59,1,-1,-1,-1
97,1,1603.12,375.17,1839.54,894.45,1,-1,-1,-1
97,5,903.30,521.03,1023.07,806.63,1,-1,-1,-1
97,2,764.62,497.18,905.79,857.99,1,-1,-1,-1
97,3,195.49,495.03,364.99,847.64,1,-1,-1,-1
97,4,421.40,511.94,539.42,816.38,1,-1,-1,-1
98,1,1603.28,376.41,1839.28,893.88,1,-1,-1,-1
98,5,903.33,521.03,1022.77,806.18,1,-1,-1,-1
98,2,764.67,497.11,905.54,857.37,1,-1,-1,-1
98,3,195.60,494.98,364.82,847.24,1,-1,-1,-1
98,4,421.41,511.92,539.43,816.70,1,-1,-1,-1
99,1,1604.39,378.12,1838.31,891.84,1,-1,-1,-1
99,5,903.59,521.69,1022.40,806.02,1,-1,-1,-1
99,2,764.82,497.74,905.32,857.14,1,-1,-1,-1
99,3,195.85,494.97,364.51,847.08,1,-1,-1,-1
99,4,421.56,511.92,539.31,816.16,1,-1,-1,-1
100,1,1603.22,376.00,1839.05,893.94,1,-1,-1,-1
100,5,903.76,521.93,1022.20,805.96,1,-1,-1,-1
100,2,765.86,496.65,904.24,850.43,1,-1,-1,-1
100,3,196.34,495.63,363.99,846.36,1,-1,-1,-1
100,4,425.62,516.56,543.20,819.94,1,-1,-1,-1
101,1,1599.31,376.49,1834.29,894.19,1,-1,-1,-1
101,5,903.94,521.36,1022.67,806.61,1,-1,-1,-1
101,2,766.12,495.56,903.96,847.90,1,-1,-1,-1
101,3,196.46,495.22,363.82,846.09,1,-1,-1,-1
101,4,427.10,518.31,544.71,821.37,1,-1,-1,-1
102,1,1602.15,376.61,1836.99,894.41,1,-1,-1,-1
102,5,903.45,520.48,1022.75,807.52,1,-1,-1,-1
102,2,765.99,495.16,904.07,847.65,1,-1,-1,-1
102,3,196.73,495.72,363.52,845.99,1,-1,-1,-1
102,4,427.61,518.95,545.31,821.90,1,-1,-1,-1
103,1,1604.26,377.27,1837.76,893.28,1,-1,-1,-1
103,5,903.46,519.49,1023.25,808.52,1,-1,-1,-1
103,2,765.89,495.01,904.17,847.59,1,-1,-1,-1
103,3,197.27,495.92,363.61,845.96,1,-1,-1,-1
103,4,427.74,519.17,545.55,822.08,1,-1,-1,-1
104,1,1604.25,375.48,1838.31,894.95,1,-1,-1,-1
104,5,903.22,518.46,1023.68,809.55,1,-1,-1,-1
104,2,764.92,496.28,905.12,853.56,1,-1,-1,-1
104,3,197.18,495.99,363.26,845.95,1,-1,-1,-1
104,4,427.63,518.57,545.77,822.14,1,-1,-1,-1
105,1,1601.43,373.45,1841.40,906.91,1,-1,-1,-1
105,5,903.68,518.73,1023.95,809.94,1,-1,-1,-1
105,2,764.22,496.11,905.82,856.48,1,-1,-1,-1
105,3,197.58,496.01,363.35,845.95,1,-1,-1,-1
105,4,427.24,517.67,546.17,822.81,1,-1,-1,-1
106,1,1600.75,372.01,1842.90,911.43,1,-1,-1,-1
106,5,903.75,518.84,1023.50,809.41,1,-1,-1,-1
106,2,763.90,496.04,906.13,857.59,1,-1,-1,-1
106,3,197.79,496.02,363.30,845.96,1,-1,-1,-1
106,4,427.03,517.31,546.36,823.05,1,-1,-1,-1
107,1,1603.36,373.41,1840.67,902.00,1,-1,-1,-1
107,5,907.15,521.53,1027.87,814.49,1,-1,-1,-1
107,2,763.63,496.01,906.40,858.65,1,-1,-1,-1
107,3,198.21,496.68,362.94,845.30,1,-1,-1,-1
107,4,427.32,518.49,546.03,822.47,1,-1,-1,-1
108,1,1607.60,371.94,1845.28,900.38,1,-1,-1,-1
108,5,908.67,523.21,1029.27,815.73,1,-1,-1,-1
108,2,762.90,495.34,906.47,859.70,1,-1,-1,-1
108,3,198.40,496.93,362.75,845.06,1,-1,-1,-1
108,4,427.51,518.93,545.80,821.58,1,-1,-1,-1
109,1,1610.64,374.03,1845.57,897.82,1,-1,-1,-1
109,5,909.22,523.84,1029.80,816.17,1,-1,-1,-1
109,2,762.65,494.43,907.12,860.74,1,-1,-1,-1
109,3,198.49,497.02,362.65,844.97,1,-1,-1,-1
109,4,427.60,518.42,546.33,821.89,1,-1,-1,-1
110,1,1612.57,375.47,1845.56,896.24,1,-1,-1,-1
110,5,909.06,523.40,1030.32,816.97,1,-1,-1,-1
110,2,762.43,494.09,907.50,861.11,1,-1,-1,-1
110,3,198.46,497.05,362.67,844.94,1,-1,-1,-1
110,4,427.09,517.55,546.40,822.67,1,-1,-1,-1
111,1,1613.61,372.68,1853.20,908.29,1,-1,-1,-1
111,5,909.04,523.23,1030.44,817.24,1,-1,-1,-1
111,2,762.27,493.97,907.71,861.23,1,-1,-1,-1
111,3,198.42,497.05,362.69,844.94,1,-1,-1,-1
111,4,426.59,516.56,546.71,823.62,1,-1,-1,-1
112,1,1614.74,372.94,1855.93,912.14,1,-1,-1,-1
112,5,909.96,521.83,1029.52,810.73,1,-1,-1,-1
112,2,762.03,493.93,907.98,861.91,1,-1,-1,-1
112,3,198.02,496.39,363.08,845.60,1,-1,-1,-1
112,4,426.50,516.84,546.72,823.97,1,-1,-1,-1
113,1,1616.09,373.69,1856.66,912.28,1,-1,-1,-1
113,5,910.33,521.96,1029.10,808.22,1,-1,-1,-1
113,2,762.38,493.92,908.30,861.49,1,-1,-1,-1
113,3,197.44,496.14,362.99,845.85,1,-1,-1,-1
113,4,426.53,516.95,546.65,824.09,1,-1,-1,-1
114,1,1618.19,371.99,1863.86,923.52,1,-1,-1,-1
114,5,906.52,520.67,1025.57,807.96,1,-1,-1,-1
114,2,762.19,493.92,908.07,861.31,1,-1,-1,-1
114,3,197.31,496.04,363.52,846.61,1,-1,-1,-1
114,4,426.67,516.99,546.47,823.46,1,-1,-1,-1
115,1,1616.90,371.35,1860.09,917.91,1,-1,-1,-1
115,5,905.12,520.19,1024.20,807.87,1,-1,-1,-1
115,2,762.01,493.93,908.10,861.89,1,-1,-1,-1
115,3,197.05,495.35,363.93,846.90,1,-1,-1,-1
115,4,426.85,517.67,546.27,823.22,1,-1,-1,-1
116,1,1615.87,370.44,1859.06,916.99,1,-1,-1,-1
116,5,908.42,522.00,1026.48,806.53,1,-1,-1,-1
116,2,761.94,493.94,908.10,862.10,1,-1,-1,-1
116,3,196.99,495.08,364.04,847.00,1,-1,-1,-1
116,4,427.24,518.58,545.87,822.46,1,-1,-1,-1
117,1,1619.57,368.78,1863.75,917.93,1,-1,-1,-1
117,5,909.61,522.69,1027.42,806.03,1,-1,-1,-1
117,2,762.15,494.60,907.87,861.50,1,-1,-1,-1
117,3,197.07,494.99,363.98,847.04,1,-1,-1,-1
117,4,427.20,518.26,545.90,822.83,1,-1,-1,-1
118,1,1619.40,368.82,1867.04,926.80,1,-1,-1,-1
118,5,910.36,522.94,1028.12,805.86,1,-1,-1,-1
118,2,762.42,494.86,907.59,860.60,1,-1,-1,-1
118,3,197.15,494.96,363.90,847.05,1,-1,-1,-1
118,4,427.23,518.13,545.86,822.96,1,-1,-1,-1
119,1,1617.25,369.50,1861.14,919.65,1,-1,-1,-1
119,5,910.33,523.03,1028.01,805.15,1,-1,-1,-1
119,2,762.55,494.96,907.46,860.25,1,-1,-1,-1
119,3,197.13,494.95,363.91,847.05,1,-1,-1,-1
119,4,426.97,517.42,546.11,823.67,1,-1,-1,-1
120,1,1619.55,367.79,1864.24,919.47,1,-1,-1,-1
120,5,906.43,521.74,1025.21,806.89,1,-1,-1,-1
120,2,762.84,495.65,907.16,859.45,1,-1,-1,-1
120,3,197.50,494.95,364.21,847.04,1,-1,-1,-1
120,4,426.77,516.49,546.30,823.94,1,-1,-1,-1
121,1,1618.49,366.50,1867.95,928.61,1,-1,-1,-1
121,5,908.23,523.88,1028.15,812.17,1,-1,-1,-1
121,2,763.07,495.92,906.94,858.48,1,-1,-1,-1
121,3,197.65,494.96,364.29,847.04,1,-1,-1,-1
121,4,426.98,516.13,546.74,824.69,1,-1,-1,-1
122,1,1618.94,370.60,1858.61,909.11,1,-1,-1,-1
122,5,908.84,524.70,1029.33,814.83,1,-1,-1,-1
122,2,759.45,494.02,901.95,852.82,1,-1,-1,-1
122,3,197.50,494.96,364.54,847.69,1,-1,-1,-1
122,4,427.44,516.66,546.52,823.65,1,-1,-1,-1
123,1,1619.22,372.22,1854.79,901.44,1,-1,-1,-1
123,5,908.56,523.68,1030.29,817.14,1,-1,-1,-1
123,2,761.36,495.30,904.77,856.68,1,-1,-1,-1
123,3,197.91,495.62,364.15,846.62,1,-1,-1,-1
123,4,427.92,516.87,546.79,823.25,1,-1,-1,-1
124,1,1619.24,372.15,1854.13,899.33,1,-1,-1,-1
124,5,908.63,523.94,1030.47,817.34,1,-1,-1,-1
124,2,761.99,495.12,905.92,858.14,1,-1,-1,-1
124,3,197.83,495.88,364.24,846.87,1,-1,-1,-1
124,4,428.40,513.64,546.58,818.47,1,-1,-1,-1
125,1,1618.82,371.45,1854.30,899.26,1,-1,-1,-1
125,5,908.47,523.38,1030.70,818.04,1,-1,-1,-1
125,2,758.31,495.05,902.37,858.70,1,-1,-1,-1
125,3,197.24,495.31,364.16,846.96,1,-1,-1,-1
125,4,428.45,513.09,545.97,816.00,1,-1,-1,-1
126,1,1614.78,373.17,1848.97,897.30,1,-1,-1,-1
126,5,908.35,523.16,1030.83,818.27,1,-1,-1,-1
126,2,757.52,493.04,900.44,853.62,1,-1,-1,-1
126,3,197.10,495.76,364.05,847.00,1,-1,-1,-1
126,4,428.70,516.88,546.15,819.74,1,-1,-1,-1
127,1,1612.96,373.81,1846.59,896.62,1,-1,-1,-1
127,5,908.29,523.07,1030.88,818.33,1,-1,-1,-1
127,2,757.22,492.28,899.74,851.71,1,-1,-1,-1
127,3,196.90,495.27,364.81,847.67,1,-1,-1,-1
127,4,429.03,518.97,545.98,820.50,1,-1,-1,-1
128,1,1612.51,374.71,1845.53,896.42,1,-1,-1,-1
128,5,908.58,523.70,1030.58,817.67,1,-1,-1,-1
128,2,756.82,492.00,899.14,851.01,1,-1,-1,-1
128,3,196.64,494.42,365.94,848.58,1,-1,-1,-1
128,4,429.14,519.75,545.93,820.79,1,-1,-1,-1
129,1,1610.70,375.03,1847.49,905.69,1,-1,-1,-1
129,5,908.49,523.93,1030.65,818.06,1,-1,-1,-1
129,2,756.98,491.91,899.31,850.77,1,-1,-1,-1
129,3,196.30,494.10,366.61,848.92,1,-1,-1,-1
129,4,428.73,518.71,546.35,822.23,1,-1,-1,-1
130,1,1612.05,375.14,1846.24,899.96,1,-1,-1,-1
130,5,908.08,522.70,1031.04,818.84,1,-1,-1,-1
130,2,757.15,491.88,899.30,850.05,1,-1,-1,-1
130,3,196.21,494.65,366.16,847.73,1,-1,-1,-1
130,4,432.18,513.69,550.15,818.16,1,-1,-1,-1
131,1,1613.52,371.84,1854.15,910.39,1,-1,-1,-1
131,5,908.52,524.20,1030.59,817.81,1,-1,-1,-1
131,2,757.21,491.88,899.35,849.80,1,-1,-1,-1
131,3,196.28,495.52,365.88,847.26,1,-1,-1,-1
131,4,433.44,511.12,552.29,817.93,1,-1,-1,-1
132,1,1616.00,371.27,1854.53,904.44,1,-1,-1,-1
132,5,904.18,522.79,1026.98,818.71,1,-1,-1,-1
132,2,757.53,492.55,899.08,849.07,1,-1,-1,-1
132,3,196.22,495.85,365.85,847.09,1,-1,-1,-1
132,4,434.72,511.49,552.92,816.54,1,-1,-1,-1
133,1,1614.56,370.39,1857.06,912.04,1,-1,-1,-1
133,5,902.10,521.60,1025.42,819.70,1,-1,-1,-1
133,2,758.11,493.48,898.56,847.49,1,-1,-1,-1
133,3,196.32,495.97,365.71,847.02,1,-1,-1,-1
133,4,435.18,511.65,553.13,816.03,1,-1,-1,-1
134,1,1617.25,372.03,1855.43,903.73,1,-1,-1,-1
134,5,901.46,520.49,1025.37,821.38,1,-1,-1,-1
134,2,757.65,493.16,898.40,848.25,1,-1,-1,-1
134,3,196.62,496.68,364.74,845.68,1,-1,-1,-1
134,4,436.13,512.39,553.05,814.53,1,-1,-1,-1
135,1,1618.08,372.67,1854.31,899.84,1,-1,-1,-1
135,5,901.76,520.08,1025.49,821.99,1,-1,-1,-1
135,2,757.89,493.05,898.61,848.56,1,-1,-1,-1
135,3,196.90,496.94,364.21,845.17,1,-1,-1,-1
135,4,436.82,513.35,552.64,813.32,1,-1,-1,-1
136,1,1618.71,373.58,1853.56,897.73,1,-1,-1,-1
136,5,902.07,519.93,1025.39,822.20,1,-1,-1,-1
136,2,757.66,493.00,898.36,848.69,1,-1,-1,-1
136,3,197.12,497.03,363.90,844.99,1,-1,-1,-1
136,4,436.91,513.73,552.61,813.55,1,-1,-1,-1
137,1,1618.88,373.25,1854.00,897.64,1,-1,-1,-1
137,5,901.74,519.23,1025.17,822.92,1,-1,-1,-1
137,2,757.49,492.99,898.37,849.42,1,-1,-1,-1
137,3,197.54,497.72,363.45,844.93,1,-1,-1,-1
137,4,437.26,514.53,552.24,813.00,1,-1,-1,-1
138,1,1615.10,370.47,1857.32,910.21,1,-1,-1,-1
138,5,902.14,518.97,1025.24,823.17,1,-1,-1,-1
138,2,757.46,492.98,898.36,849.71,1,-1,-1,-1
138,3,197.96,497.98,363.01,844.25,1,-1,-1,-1
138,4,437.31,514.18,552.15,812.82,1,-1,-1,-1
139,1,1613.03,372.70,1850.71,901.83,1,-1,-1,-1
139,5,902.40,519.54,1024.53,822.59,1,-1,-1,-1
139,2,757.48,492.98,898.33,849.83,1,-1,-1,-1
139,3,198.36,498.73,362.61,844.00,1,-1,-1,-1
139,4,437.79,515.37,551.62,812.10,1,-1,-1,-1
140,1,1611.96,373.58,1848.41,899.21,1,-1,-1,-1
140,5,902.87,520.43,1023.91,821.68,1,-1,-1,-1
140,2,757.52,492.99,898.30,849.89,1,-1,-1,-1
140,3,193.89,497.68,359.13,845.24,1,-1,-1,-1
140,4,437.33,519.80,551.37,817.17,1,-1,-1,-1
141,1,1610.74,371.92,1848.39,899.57,1,-1,-1,-1
141,5,903.16,520.78,1023.58,821.33,1,-1,-1,-1
141,2,757.45,492.33,898.39,849.91,1,-1,-1,-1
141,3,192.24,497.27,357.81,845.72,1,-1,-1,-1
141,4,436.41,519.47,552.00,820.40,1,-1,-1,-1
142,1,1609.97,371.95,1848.07,899.72,1,-1,-1,-1
142,5,903.26,520.25,1023.49,821.18,1,-1,-1,-1
142,2,761.26,494.72,903.18,855.21,1,-1,-1,-1
142,3,196.44,498.44,360.45,844.58,1,-1,-1,-1
142,4,436.12,519.98,552.16,821.61,1,-1,-1,-1
143,1,1610.10,371.97,1848.23,899.13,1,-1,-1,-1
143,5,903.30,520.05,1023.47,821.12,1,-1,-1,-1
143,2,763.34,496.28,905.01,856.55,1,-1,-1,-1
143,3,198.04,498.21,361.48,844.15,1,-1,-1,-1
143,4,435.73,519.50,552.48,822.71,1,-1,-1,-1
144,1,1610.17,371.97,1848.30,898.92,1,-1,-1,-1
144,5,903.59,520.64,1023.21,820.43,1,-1,-1,-1
144,2,763.78,496.87,905.36,857.04,1,-1,-1,-1
144,3,194.38,498.12,358.20,844.65,1,-1,-1,-1
144,4,436.19,520.62,551.99,821.13,1,-1,-1,-1
145,1,1610.29,371.98,1848.28,898.85,1,-1,-1,-1
145,5,903.71,520.87,1023.11,820.16,1,-1,-1,-1
145,2,764.00,496.42,906.06,857.86,1,-1,-1,-1
145,3,197.49,498.74,360.41,844.19,1,-1,-1,-1
145,4,438.17,530.30,549.99,819.84,1,-1,-1,-1
146,1,1609.74,371.32,1848.23,899.50,1,-1,-1,-1
146,5,904.10,521.62,1022.75,819.40,1,-1,-1,-1
146,2,763.86,495.57,906.51,858.81,1,-1,-1,-1
146,3,198.78,498.97,361.15,844.02,1,-1,-1,-1
146,4,437.03,525.88,550.43,819.33,1,-1,-1,-1
147,1,1607.61,370.41,1850.81,909.67,1,-1,-1,-1
147,5,904.75,519.25,1022.11,813.15,1,-1,-1,-1
147,2,763.70,495.25,906.75,859.81,1,-1,-1,-1
147,3,194.92,498.39,357.83,844.62,1,-1,-1,-1
147,4,437.44,526.23,549.76,817.16,1,-1,-1,-1
148,1,1609.78,372.04,1848.83,903.00,1,-1,-1,-1
148,5,905.16,519.02,1021.72,810.14,1,-1,-1,-1
148,2,763.47,495.12,906.97,860.16,1,-1,-1,-1
148,3,193.75,498.82,356.31,844.19,1,-1,-1,-1
148,4,436.63,524.33,542.49,799.05,1,-1,-1,-1
149,1,1614.05,370.69,1853.28,902.37,1,-1,-1,-1
149,5,905.84,519.61,1021.71,808.38,1,-1,-1,-1
149,2,763.05,493.75,908.02,861.59,1,-1,-1,-1
149,3,193.30,498.99,355.77,844.03,1,-1,-1,-1
149,4,434.00,523.57,541.37,802.38,1,-1,-1,-1
150,1,1616.67,371.51,1854.59,900.82,1,-1,-1,-1
150,5,905.86,519.83,1021.30,807.09,1,-1,-1,-1
150,2,762.81,493.88,907.81,861.45,1,-1,-1,-1
150,3,192.76,498.38,355.96,844.64,1,-1,-1,-1
150,4,432.30,520.63,542.42,806.27,1,-1,-1,-1
151,1,1615.58,371.82,1856.48,908.83,1,-1,-1,-1
151,5,907.36,519.26,1019.65,798.67,1,-1,-1,-1
151,2,763.07,493.94,908.01,860.71,1,-1,-1,-1
151,3,192.26,498.15,355.71,844.87,1,-1,-1,-1
151,4,430.88,521.50,543.64,814.35,1,-1,-1,-1
152,1,1615.52,372.60,1856.81,911.83,1,-1,-1,-1
152,5,906.66,521.73,1018.96,801.61,1,-1,-1,-1
152,2,762.83,494.62,907.74,860.40,1,-1,-1,-1
152,3,192.07,498.06,355.64,844.95,1,-1,-1,-1
152,4,432.10,521.84,542.39,808.27,1,-1,-1,-1
153,1,1615.67,372.23,1857.39,913.60,1,-1,-1,-1
153,5,905.99,521.30,1019.13,804.07,1,-1,-1,-1
153,2,763.97,494.22,906.39,852.34,1,-1,-1,-1
153,3,192.28,498.02,356.02,844.99,1,-1,-1,-1
153,4,431.66,525.29,542.19,812.56,1,-1,-1,-1
154,1,1615.57,372.09,1857.07,914.23,1,-1,-1,-1
154,5,906.27,522.46,1018.66,803.71,1,-1,-1,-1
154,2,764.57,494.74,905.69,848.61,1,-1,-1,-1
154,3,192.34,498.01,356.21,845.00,1,-1,-1,-1
154,4,432.45,527.89,541.87,812.85,1,-1,-1,-1
155,1,1618.07,372.70,1854.38,904.55,1,-1,-1,-1
155,5,906.73,523.56,1018.15,802.95,1,-1,-1,-1
155,2,764.34,494.26,905.86,848.57,1,-1,-1,-1
155,3,192.25,498.00,356.42,845.00,1,-1,-1,-1
155,4,433.07,525.54,540.79,806.32,1,-1,-1,-1
156,1,1617.62,372.93,1855.39,909.46,1,-1,-1,-1
156,5,906.80,522.63,1018.74,804.03,1,-1,-1,-1
156,2,764.50,494.75,905.67,847.93,1,-1,-1,-1
156,3,191.77,498.00,356.31,845.01,1,-1,-1,-1
156,4,431.81,524.62,542.57,813.20,1,-1,-1,-1
157,1,1619.05,373.01,1853.50,902.71,1,-1,-1,-1
157,5,907.00,522.94,1018.79,804.46,1,-1,-1,-1
157,2,764.39,494.26,905.75,848.38,1,-1,-1,-1
157,3,191.26,498.00,355.95,844.34,1,-1,-1,-1
157,4,433.03,524.28,541.56,806.56,1,-1,-1,-1
158,1,1618.24,373.70,1854.76,908.76,1,-1,-1,-1
158,5,907.02,522.38,1018.87,804.64,1,-1,-1,-1
158,2,764.33,494.75,905.13,847.91,1,-1,-1,-1
158,3,190.87,501.31,356.03,848.72,1,-1,-1,-1
158,4,432.25,524.81,543.12,812.65,1,-1,-1,-1
159,1,1620.17,373.95,1852.99,901.13,1,-1,-1,-1
159,5,906.65,521.51,1019.28,806.05,1,-1,-1,-1
159,2,764.40,494.26,905.46,848.43,1,-1,-1,-1
159,3,191.26,503.21,356.21,850.37,1,-1,-1,-1
159,4,432.92,524.34,542.10,807.01,1,-1,-1,-1
160,1,1621.07,374.71,1852.13,898.21,1,-1,-1,-1
160,5,906.86,521.83,1019.09,805.94,1,-1,-1,-1
160,2,763.15,494.74,906.86,855.92,1,-1,-1,-1
160,3,191.71,504.57,355.99,850.32,1,-1,-1,-1
160,4,432.93,524.15,541.30,804.18,1,-1,-1,-1
161,1,1621.18,374.98,1851.35,896.48,1,-1,-1,-1
161,5,907.06,521.30,1019.56,806.57,1,-1,-1,-1
161,2,762.50,494.27,907.56,858.73,1,-1,-1,-1
161,3,192.11,505.73,355.68,850.27,1,-1,-1,-1
161,4,431.76,525.40,542.85,811.79,1,-1,-1,-1
162,1,1621.58,375.07,1851.35,895.86,1,-1,-1,-1
162,5,906.90,521.09,1019.31,806.81,1,-1,-1,-1
162,2,762.24,494.09,907.83,859.79,1,-1,-1,-1
162,3,192.17,505.48,355.67,850.24,1,-1,-1,-1
162,4,431.26,525.87,543.51,814.62,1,-1,-1,-1
163,1,1621.74,375.10,1851.33,895.66,1,-1,-1,-1
163,5,907.19,521.02,1019.53,806.91,1,-1,-1,-1
163,2,763.34,493.36,906.73,853.59,1,-1,-1,-1
163,3,192.51,502.05,355.36,845.58,1,-1,-1,-1
163,4,431.01,526.04,543.82,815.70,1,-1,-1,-1
164,1,1621.81,375.10,1851.30,895.62,1,-1,-1,-1
164,5,907.57,521.65,1019.35,806.29,1,-1,-1,-1
164,2,763.76,493.08,906.30,851.20,1,-1,-1,-1
164,3,192.02,503.39,355.87,849.11,1,-1,-1,-1
164,4,431.07,526.09,543.80,815.42,1,-1,-1,-1
165,1,1621.71,375.76,1850.74,894.97,1,-1,-1,-1
165,5,907.50,521.23,1019.49,806.72,1,-1,-1,-1
165,2,763.92,492.98,906.14,850.31,1,-1,-1,-1
165,3,191.85,503.88,356.05,850.44,1,-1,-1,-1
165,4,431.20,526.76,543.69,815.30,1,-1,-1,-1
166,1,1621.92,376.00,1850.95,894.75,1,-1,-1,-1
166,5,907.66,520.41,1020.01,807.54,1,-1,-1,-1
166,2,763.69,492.95,905.69,849.98,1,-1,-1,-1
166,3,192.18,504.06,356.40,850.93,1,-1,-1,-1
166,4,430.95,527.01,543.30,815.24,1,-1,-1,-1
167,1,1623.97,376.08,1849.04,885.43,1,-1,-1,-1
167,5,907.14,520.10,1019.48,807.86,1,-1,-1,-1
167,2,763.86,493.61,905.27,849.21,1,-1,-1,-1
167,3,192.57,504.78,356.26,851.10,1,-1,-1,-1
167,4,431.09,527.75,542.92,814.54,1,-1,-1,-1
168,1,1622.50,376.10,1850.56,891.94,1,-1,-1,-1
168,5,907.44,519.33,1020.08,808.63,1,-1,-1,-1
168,2,763.10,494.52,906.60,855.56,1,-1,-1,-1
168,3,197.90,506.36,359.63,849.17,1,-1,-1,-1
168,4,431.41,528.02,543.18,814.26,1,-1,-1,-1
169,1,1621.76,376.10,1850.65,893.72,1,-1,-1,-1
169,5,907.36,519.04,1019.85,808.92,1,-1,-1,-1
169,2,762.83,494.86,907.08,857.94,1,-1,-1,-1
169,3,194.90,505.61,357.28,849.75,1,-1,-1,-1
169,4,431.50,528.11,543.31,814.15,1,-1,-1,-1
170,1,1621.74,376.09,1851.09,894.43,1,-1,-1,-1
170,5,907.43,518.94,1019.66,809.03,1,-1,-1,-1
170,2,763.62,493.67,906.37,852.91,1,-1,-1,-1
170,3,198.14,505.98,360.61,849.97,1,-1,-1,-1
170,4,431.28,527.47,543.62,814.76,1,-1,-1,-1
171,1,1621.78,376.08,1851.20,894.71,1,-1,-1,-1
171,5,907.67,519.57,1019.37,808.40,1,-1,-1,-1
171,2,763.98,493.88,905.38,849.65,1,-1,-1,-1
171,3,194.57,504.79,358.05,850.70,1,-1,-1,-1
171,4,431.19,527.22,543.75,814.99,1,-1,-1,-1
172,1,1621.81,376.07,1851.22,894.82,1,-1,-1,-1
172,5,907.88,519.82,1019.14,807.50,1,-1,-1,-1
172,2,764.33,494.62,904.79,847.76,1,-1,-1,-1
172,3,192.95,504.32,357.33,851.63,1,-1,-1,-1
172,4,431.15,527.12,543.81,815.06,1,-1,-1,-1
