4,5,563.19,381.55,728.44,703.60,1,-1,-1,-1
4,2,907.89,370.00,1047.87,714.00,1,-1,-1,-1
4,3,1045.00,397.00,1150.00,689.00,1,-1,-1,-1
4,1,1620.45,298.21,1840.57,716.79,1,-1,-1,-1
4,4,317.23,334.74,490.85,736.98,1,-1,-1,-1
5,5,366.38,345.95,563.06,729.14,1,-1,-1,-1
5,2,907.63,370.00,1047.58,714.00,1,-1,-1,-1
5,3,1045.00,397.00,1150.00,689.00,1,-1,-1,-1
5,1,1619.45,297.17,1840.84,717.83,1,-1,-1,-1
5,4,490.52,366.07,640.91,714.63,1,-1,-1,-1
6,5,308.36,335.46,514.36,736.67,1,-1,-1,-1
6,2,907.56,370.00,1047.47,714.00,1,-1,-1,-1
6,3,1045.00,397.00,1150.00,689.00,1,-1,-1,-1
6,1,1618.89,296.86,1841.16,718.87,1,-1,-1,-1
6,4,558.44,378.34,699.71,705.89,1,-1,-1,-1
7,5,289.97,332.77,498.38,738.40,1,-1,-1,-1
7,2,907.56,370.00,1047.41,714.00,1,-1,-1,-1
7,3,1045.00,397.00,1150.00,689.00,1,-1,-1,-1
7,1,1618.65,296.79,1841.32,719.19,1,-1,-1,-1
7,4,578.23,382.55,716.52,703.42,1,-1,-1,-1
8,5,286.21,332.34,495.11,738.64,1,-1,-1,-1
8,2,907.58,370.00,1047.38,714.00,1,-1,-1,-1
8,3,1045.00,397.00,1150.00,689.00,1,-1,-1,-1
8,1,1619.69,298.19,1840.96,717.86,1,-1,-1,-1
8,4,582.98,383.67,720.47,702.79,1,-1,-1,-1
9,5,286.70,331.91,496.16,739.12,1,-1,-1,-1
9,2,907.86,367.24,1047.10,709.86,1,-1,-1,-1
9,3,1045.00,397.00,1150.00,689.00,1,-1,-1,-1
9,1,1619.18,301.48,1841.72,723.57,1,-1,-1,-1
9,4,583.40,383.82,720.75,702.73,1,-1,-1,-1
10,5,288.87,332.72,497.70,738.41,1,-1,-1,-1
10,2,907.96,366.24,1047.00,708.36,1,-1,-1,-1
10,3,1045.00,397.00,1150.00,689.00,1,-1,-1,-1
10,1,1618.99,302.67,1841.99,725.61,1,-1,-1,-1
10,4,582.42,382.99,720.10,702.85,1,-1,-1,-1
11,5,290.80,332.62,499.87,738.63,1,-1,-1,-1
11,2,908.00,365.90,1046.97,707.85,1,-1,-1,-1
11,3,1045.00,397.00,1150.00,689.00,1,-1,-1,-1
11,1,1620.44,301.73,1840.58,718.89,1,-1,-1,-1
11,4,581.29,382.54,719.16,702.99,1,-1,-1,-1
12,5,292.63,332.78,501.66,738.56,1,-1,-1,-1
12,2,908.01,365.79,1046.96,707.69,1,-1,-1,-1
12,3,1045.00,397.00,1150.00,689.00,1,-1,-1,-1
12,1,1620.92,301.36,1840.10,716.32,1,-1,-1,-1
12,4,580.26,382.26,718.23,703.13,1,-1,-1,-1
13,5,294.28,333.02,503.19,738.41,1,-1,-1,-1
13,2,908.01,365.78,1046.96,707.67,1,-1,-1,-1
13,3,1045.00,397.00,1150.00,689.00,1,-1,-1,-1
13,1,1621.19,301.88,1839.83,714.70,1,-1,-1,-1
13,4,579.37,382.06,717.40,703.25,1,-1,-1,-1
14,5,296.00,333.92,504.18,737.59,1,-1,-1,-1
14,2,908.07,368.46,1047.58,711.69,1,-1,-1,-1
14,3,1045.00,397.00,1150.00,689.00,1,-1,-1,-1
14,1,1621.12,302.06,1839.91,714.11,1,-1,-1,-1
14,4,578.62,381.90,716.70,703.35,1,-1,-1,-1
15,5,297.19,333.73,505.36,737.18,1,-1,-1,-1
15,2,908.03,366.82,1047.20,709.23,1,-1,-1,-1
15,3,1045.00,397.00,1150.00,689.00,1,-1,-1,-1
15,1,1620.92,302.11,1840.10,713.90,1,-1,-1,-1
15,4,577.99,381.78,716.10,703.43,1,-1,-1,-1
16,5,298.20,333.76,506.33,736.95,1,-1,-1,-1
16,2,907.78,368.86,1047.30,712.29,1,-1,-1,-1
16,3,1045.00,397.00,1150.00,689.00,1,-1,-1,-1
16,1,1621.07,302.12,1840.62,713.84,1,-1,-1,-1
16,4,577.46,381.68,715.59,703.51,1,-1,-1,-1
17,5,299.22,334.53,507.01,736.80,1,-1,-1,-1
17,2,912.06,369.63,1051.58,713.45,1,-1,-1,-1
17,3,1045.00,397.00,1150.00,689.00,1,-1,-1,-1
17,1,1619.94,304.78,1841.32,719.82,1,-1,-1,-1
17,4,577.39,381.59,715.43,703.57,1,-1,-1,-1
18,5,300.03,334.90,507.69,736.69,1,-1,-1,-1
18,2,913.71,369.92,1053.15,713.88,1,-1,-1,-1
18,3,1045.00,397.00,1150.00,689.00,1,-1,-1,-1
18,1,1619.97,305.76,1841.80,722.06,1,-1,-1,-1
18,4,577.42,382.18,714.89,702.96,1,-1,-1,-1
19,5,300.69,335.11,508.31,736.60,1,-1,-1,-1
19,2,914.24,369.36,1053.80,714.04,1,-1,-1,-1
19,3,1045.29,397.00,1150.38,689.00,1,-1,-1,-1
19,1,1619.75,306.11,1841.55,722.89,1,-1,-1,-1
19,4,576.61,381.70,714.45,703.42,1,-1,-1,-1
20,5,301.10,334.59,509.01,736.52,1,-1,-1,-1
20,2,910.83,367.16,1049.66,710.12,1,-1,-1,-1
20,3,1045.37,397.00,1150.54,689.00,1,-1,-1,-1
20,1,1623.67,304.90,1846.70,724.51,1,-1,-1,-1
20,4,576.15,381.49,714.13,703.62,1,-1,-1,-1
21,5,301.53,334.44,509.53,736.46,1,-1,-1,-1
21,2,909.54,366.33,1048.06,708.63,1,-1,-1,-1
21,3,1045.38,397.00,1150.63,689.00,1,-1,-1,-1
21,1,1625.22,304.42,1848.56,725.09,1,-1,-1,-1
21,4,575.83,381.38,713.86,703.71,1,-1,-1,-1
22,5,301.94,334.43,509.97,736.40,1,-1,-1,-1
22,2,912.57,368.01,1051.88,712.72,1,-1,-1,-1
22,3,1045.36,397.00,1150.68,689.00,1,-1,-1,-1
22,1,1625.97,304.89,1848.40,724.62,1,-1,-1,-1
22,4,575.87,381.32,714.02,703.77,1,-1,-1,-1
23,5,302.16,334.47,510.48,737.01,1,-1,-1,-1
23,2,913.76,368.65,1053.26,714.26,1,-1,-1,-1
23,3,1045.33,397.00,1150.71,689.00,1,-1,-1,-1
23,1,1622.49,305.72,1843.46,723.75,1,-1,-1,-1
23,4,575.75,381.27,713.99,703.80,1,-1,-1,-1
24,5,302.73,335.18,510.55,736.56,1,-1,-1,-1
24,2,910.74,366.91,1049.31,710.22,1,-1,-1,-1
24,3,1045.30,397.00,1150.74,689.00,1,-1,-1,-1
24,1,1621.68,306.02,1841.71,723.40,1,-1,-1,-1
24,4,575.30,381.24,713.52,703.83,1,-1,-1,-1
25,5,303.11,335.49,510.75,736.37,1,-1,-1,-1
25,2,909.58,366.25,1047.79,708.68,1,-1,-1,-1
25,3,1045.27,397.00,1150.76,689.00,1,-1,-1,-1
25,1,1620.95,305.46,1840.81,723.92,1,-1,-1,-1
25,4,575.05,381.21,713.26,703.85,1,-1,-1,-1
26,5,303.38,335.63,510.97,736.27,1,-1,-1,-1
26,2,909.15,366.01,1047.22,708.11,1,-1,-1,-1
26,3,1045.25,397.00,1150.79,689.00,1,-1,-1,-1
26,1,1620.58,304.58,1840.58,724.76,1,-1,-1,-1
26,4,574.89,381.18,713.08,703.87,1,-1,-1,-1
27,5,303.30,335.04,511.49,736.88,1,-1,-1,-1
27,2,908.99,365.93,1047.01,707.91,1,-1,-1,-1
27,3,1045.22,397.00,1150.81,689.00,1,-1,-1,-1
27,1,1620.51,304.23,1840.44,725.72,1,-1,-1,-1
27,4,574.76,381.16,712.94,703.88,1,-1,-1,-1
28,5,303.40,334.84,511.77,737.10,1,-1,-1,-1
28,2,908.94,365.91,1046.94,707.85,1,-1,-1,-1
28,3,1044.82,397.00,1150.54,689.00,1,-1,-1,-1
28,1,1625.06,303.44,1845.05,726.07,1,-1,-1,-1
28,4,574.67,381.14,712.83,703.90,1,-1,-1,-1
29,5,303.84,335.44,511.67,736.50,1,-1,-1,-1
29,2,908.92,365.91,1046.92,707.84,1,-1,-1,-1
29,3,1044.64,397.00,1150.48,689.00,1,-1,-1,-1
29,1,1622.41,303.14,1841.94,726.18,1,-1,-1,-1
29,4,574.58,381.12,712.73,703.91,1,-1,-1,-1
30,5,304.08,335.69,511.73,736.26,1,-1,-1,-1
30,2,908.55,365.91,1046.64,707.85,1,-1,-1,-1
30,3,1044.54,397.00,1150.48,689.00,1,-1,-1,-1
30,1,1621.87,303.69,1840.27,725.55,1,-1,-1,-1
30,4,574.51,381.11,712.65,703.92,1,-1,-1,-1
31,5,303.94,335.13,512.13,736.82,1,-1,-1,-1
31,2,908.39,365.92,1046.56,707.86,1,-1,-1,-1
31,3,1044.19,397.00,1150.14,689.00,1,-1,-1,-1
31,1,1622.39,304.56,1839.58,724.63,1,-1,-1,-1
31,4,574.45,381.10,712.57,703.93,1,-1,-1,-1
32,5,473.41,365.30,651.76,715.25,1,-1,-1,-1
32,2,908.31,365.93,1046.56,707.88,1,-1,-1,-1
32,3,1044.34,397.00,1150.39,689.00,1,-1,-1,-1
32,1,1622.58,305.55,1838.67,723.61,1,-1,-1,-1
32,4,406.93,350.68,570.59,725.75,1,-1,-1,-1
33,5,540.81,377.19,706.19,706.74,1,-1,-1,-1
33,2,908.04,368.58,1046.82,711.86,1,-1,-1,-1
33,3,1044.37,397.00,1150.51,689.00,1,-1,-1,-1
33,1,1622.63,306.58,1838.37,723.22,1,-1,-1,-1
33,4,345.45,339.70,520.37,733.63,1,-1,-1,-1
34,5,386.79,349.94,576.21,726.10,1,-1,-1,-1
34,2,908.43,370.24,1047.09,713.36,1,-1,-1,-1
34,3,1044.36,397.00,1150.58,689.00,1,-1,-1,-1
34,1,1622.40,306.29,1838.50,723.07,1,-1,-1,-1
34,4,481.00,364.44,636.50,715.88,1,-1,-1,-1
35,5,335.56,340.29,533.62,732.49,1,-1,-1,-1
35,2,908.49,370.20,1047.29,713.92,1,-1,-1,-1
35,3,1044.34,397.00,1150.63,689.00,1,-1,-1,-1
35,1,1622.00,306.18,1838.88,723.68,1,-1,-1,-1
35,4,539.75,375.14,686.63,708.21,1,-1,-1,-1
36,5,314.91,337.06,516.48,735.07,1,-1,-1,-1
36,2,908.33,370.17,1047.55,714.77,1,-1,-1,-1
36,3,1044.69,397.00,1150.96,689.00,1,-1,-1,-1
36,1,1621.31,305.46,1839.57,723.91,1,-1,-1,-1
36,4,561.07,379.00,704.61,705.43,1,-1,-1,-1
37,5,306.71,335.19,510.46,736.69,1,-1,-1,-1
37,2,908.03,369.49,1047.90,715.74,1,-1,-1,-1
37,3,1044.83,397.00,1151.07,689.00,1,-1,-1,-1
37,1,1620.53,304.53,1840.36,724.65,1,-1,-1,-1
37,4,568.94,380.40,711.02,704.43,1,-1,-1,-1
38,5,303.77,334.53,508.53,737.28,1,-1,-1,-1
38,2,907.92,369.23,1048.02,716.09,1,-1,-1,-1
38,3,1044.60,397.00,1150.73,689.00,1,-1,-1,-1
38,1,1615.09,304.17,1836.57,725.59,1,-1,-1,-1
38,4,571.90,380.92,713.26,704.06,1,-1,-1,-1
39,5,303.01,334.34,508.02,736.80,1,-1,-1,-1
39,2,907.89,369.12,1048.07,716.20,1,-1,-1,-1
39,3,1044.45,397.00,1150.66,689.00,1,-1,-1,-1
39,1,1613.52,304.70,1835.33,724.62,1,-1,-1,-1
39,4,573.02,381.09,713.93,703.93,1,-1,-1,-1
40,5,302.91,334.32,508.18,736.58,1,-1,-1,-1
40,2,907.89,369.07,1048.08,716.22,1,-1,-1,-1
40,3,1044.37,397.00,1150.66,689.00,1,-1,-1,-1
40,1,1612.46,304.90,1834.70,724.24,1,-1,-1,-1
40,4,573.33,381.15,714.16,704.56,1,-1,-1,-1
41,5,303.29,335.02,508.32,736.47,1,-1,-1,-1
41,2,907.89,369.05,1048.08,716.22,1,-1,-1,-1
41,3,1044.32,397.00,1150.68,689.00,1,-1,-1,-1
41,1,1612.35,301.67,1834.24,718.81,1,-1,-1,-1
41,4,573.58,381.15,713.98,704.14,1,-1,-1,-1
42,5,303.62,335.33,508.62,736.39,1,-1,-1,-1
42,2,907.90,369.04,1048.07,716.20,1,-1,-1,-1
42,3,1044.38,397.00,1150.61,689.00,1,-1,-1,-1
42,1,1611.56,303.10,1834.86,722.72,1,-1,-1,-1
42,4,573.68,381.14,713.78,703.99,1,-1,-1,-1
43,5,303.53,334.82,509.34,737.00,1,-1,-1,-1
43,2,907.74,369.04,1047.57,715.52,1,-1,-1,-1
43,3,1044.44,397.00,1150.55,689.00,1,-1,-1,-1
43,1,1612.89,302.33,1833.51,716.95,1,-1,-1,-1
43,4,573.72,381.13,713.60,703.94,1,-1,-1,-1
44,5,303.61,334.66,509.82,737.21,1,-1,-1,-1
44,2,907.99,369.03,1047.74,715.25,1,-1,-1,-1
44,3,1044.49,397.00,1150.49,689.00,1,-1,-1,-1
44,1,1618.19,302.70,1836.89,714.09,1,-1,-1,-1
44,4,573.74,381.11,713.44,703.93,1,-1,-1,-1
45,5,303.75,334.63,510.21,737.26,1,-1,-1,-1
45,2,908.07,369.03,1047.82,715.14,1,-1,-1,-1
45,3,1044.54,397.00,1150.45,689.00,1,-1,-1,-1
45,1,1620.18,306.84,1838.17,717.70,1,-1,-1,-1
45,4,573.75,381.10,713.29,703.93,1,-1,-1,-1
46,5,473.03,364.97,649.92,715.51,1,-1,-1,-1
46,2,908.10,369.02,1047.86,715.09,1,-1,-1,-1
46,3,1044.68,397.00,1150.31,689.00,1,-1,-1,-1
46,1,1621.51,308.38,1838.74,719.08,1,-1,-1,-1
46,4,406.00,350.65,571.19,725.77,1,-1,-1,-1
47,5,540.54,376.97,704.60,706.90,1,-1,-1,-1
47,2,908.10,369.02,1047.88,715.07,1,-1,-1,-1
47,3,1044.81,397.00,1150.19,689.00,1,-1,-1,-1
47,1,1621.56,307.63,1839.37,720.94,1,-1,-1,-1
47,4,344.42,339.66,521.03,734.27,1,-1,-1,-1
48,5,563.93,380.95,722.35,704.05,1,-1,-1,-1
48,2,908.10,369.02,1047.89,715.06,1,-1,-1,-1
48,3,1044.92,397.00,1150.07,689.00,1,-1,-1,-1
48,1,1620.53,306.01,1839.99,722.97,1,-1,-1,-1
48,4,318.73,335.25,501.14,737.07,1,-1,-1,-1
49,5,571.61,382.21,727.04,703.14,1,-1,-1,-1
49,2,908.09,369.02,1047.90,715.05,1,-1,-1,-1
49,3,1044.84,397.66,1149.49,689.00,1,-1,-1,-1
49,1,1621.03,302.75,1839.97,717.80,1,-1,-1,-1
49,4,309.30,334.28,494.65,737.43,1,-1,-1,-1
50,5,574.47,382.52,727.81,702.92,1,-1,-1,-1
50,2,908.08,369.01,1047.91,715.04,1,-1,-1,-1
50,3,1041.09,397.25,1145.72,689.66,1,-1,-1,-1
50,1,1620.84,300.85,1840.32,715.83,1,-1,-1,-1
50,4,305.57,334.06,493.06,737.45,1,-1,-1,-1
51,5,575.40,383.17,726.82,702.94,1,-1,-1,-1
51,2,908.07,369.01,1047.92,715.04,1,-1,-1,-1
51,3,1039.59,396.43,1144.40,689.91,1,-1,-1,-1
51,1,1620.47,300.80,1840.07,715.10,1,-1,-1,-1
51,4,304.09,333.46,493.86,738.02,1,-1,-1,-1
52,5,403.41,351.66,581.97,725.91,1,-1,-1,-1
52,2,908.07,369.01,1047.93,715.03,1,-1,-1,-1
52,3,1039.20,396.78,1143.76,690.00,1,-1,-1,-1
52,1,1620.29,300.80,1840.00,714.85,1,-1,-1,-1
52,4,469.70,363.25,634.09,716.70,1,-1,-1,-1
53,5,503.52,370.12,665.24,712.62,1,-1,-1,-1
53,2,908.06,369.01,1047.93,715.03,1,-1,-1,-1
53,3,1039.12,396.92,1143.49,690.03,1,-1,-1,-1
53,1,1620.62,300.81,1840.22,714.77,1,-1,-1,-1
53,4,362.40,343.80,543.99,730.67,1,-1,-1,-1
54,5,548.17,378.29,701.79,706.72,1,-1,-1,-1
54,2,907.94,369.01,1048.06,715.69,1,-1,-1,-1
54,3,1038.96,396.97,1142.90,689.38,1,-1,-1,-1
54,1,1620.55,300.17,1840.49,715.42,1,-1,-1,-1
54,4,326.29,337.35,514.62,735.31,1,-1,-1,-1
55,5,564.18,381.22,714.23,704.60,1,-1,-1,-1
55,2,907.74,369.01,1047.60,715.27,1,-1,-1,-1
55,3,1039.07,397.65,1142.54,689.13,1,-1,-1,-1
55,1,1619.58,302.58,1840.87,721.63,1,-1,-1,-1
55,4,312.23,334.89,504.32,737.73,1,-1,-1,-1
56,5,570.45,382.24,718.51,703.87,1,-1,-1,-1
56,2,907.96,369.01,1047.79,715.11,1,-1,-1,-1
56,3,1039.45,397.91,1142.77,689.04,1,-1,-1,-1
56,1,1619.71,302.84,1841.16,723.98,1,-1,-1,-1
56,4,306.83,333.39,501.32,738.59,1,-1,-1,-1
57,5,572.27,381.89,719.37,703.63,1,-1,-1,-1
57,2,908.04,369.01,1047.86,715.05,1,-1,-1,-1
57,3,1039.34,398.00,1142.49,689.00,1,-1,-1,-1
57,1,1620.90,300.97,1840.13,718.93,1,-1,-1,-1
57,4,304.97,332.91,500.97,738.85,1,-1,-1,-1
58,5,572.94,381.71,719.18,703.58,1,-1,-1,-1
58,2,908.07,369.01,1047.90,715.02,1,-1,-1,-1
58,3,1039.42,397.37,1142.94,689.65,1,-1,-1,-1
58,1,1620.84,302.90,1840.23,722.94,1,-1,-1,-1
58,4,304.46,332.82,501.57,738.88,1,-1,-1,-1
59,5,573.68,382.26,718.80,703.60,1,-1,-1,-1
59,2,908.07,369.00,1047.92,715.01,1,-1,-1,-1
59,3,1039.11,397.13,1142.82,689.90,1,-1,-1,-1
59,1,1620.98,303.63,1840.11,724.44,1,-1,-1,-1
59,4,304.45,332.87,502.45,738.83,1,-1,-1,-1
60,5,573.83,381.76,718.35,703.63,1,-1,-1,-1
60,2,907.79,369.00,1047.55,715.01,1,-1,-1,-1
60,3,1039.08,396.38,1143.37,690.65,1,-1,-1,-1
60,1,1621.15,303.25,1839.94,724.99,1,-1,-1,-1
60,4,304.61,332.97,503.38,738.75,1,-1,-1,-1
61,5,573.54,381.53,717.50,703.67,1,-1,-1,-1
61,2,908.08,369.00,1047.67,715.01,1,-1,-1,-1
61,3,1038.79,396.10,1143.22,690.27,1,-1,-1,-1
61,1,1625.62,303.10,1844.03,725.84,1,-1,-1,-1
61,4,304.71,333.08,504.36,738.67,1,-1,-1,-1
62,5,573.42,381.42,716.85,703.71,1,-1,-1,-1
62,2,908.35,369.66,1047.56,715.01,1,-1,-1,-1
62,3,1039.12,395.99,1143.39,689.46,1,-1,-1,-1
62,1,1627.93,303.04,1845.61,726.14,1,-1,-1,-1
62,4,304.83,333.18,505.26,738.59,1,-1,-1,-1
63,5,573.39,381.35,716.32,703.74,1,-1,-1,-1
63,2,908.48,369.91,1047.49,715.00,1,-1,-1,-1
63,3,1038.95,396.62,1143.11,689.15,1,-1,-1,-1
63,1,1630.43,301.70,1844.54,718.98,1,-1,-1,-1
63,4,304.93,333.27,506.07,738.53,1,-1,-1,-1
64,5,404.99,350.17,574.29,726.29,1,-1,-1,-1
64,2,908.56,370.00,1047.44,715.00,1,-1,-1,-1
64,3,1038.74,396.86,1143.16,689.04,1,-1,-1,-1
64,1,1631.45,300.53,1844.00,716.24,1,-1,-1,-1
64,4,473.93,364.32,646.20,716.07,1,-1,-1,-1
65,5,343.63,338.96,524.07,734.40,1,-1,-1,-1
65,2,908.72,370.03,1047.28,714.34,1,-1,-1,-1
65,3,1038.57,396.95,1143.29,688.99,1,-1,-1,-1
65,1,1632.30,300.76,1843.29,714.56,1,-1,-1,-1
65,4,541.60,376.67,701.48,707.13,1,-1,-1,-1
66,5,318.41,335.07,504.17,737.04,1,-1,-1,-1
66,2,908.51,370.04,1046.83,714.09,1,-1,-1,-1
66,3,1038.22,396.32,1143.63,688.98,1,-1,-1,-1
66,1,1632.79,300.85,1843.46,714.62,1,-1,-1,-1
66,4,564.58,380.77,719.30,704.16,1,-1,-1,-1
67,5,308.45,333.67,497.61,737.98,1,-1,-1,-1
67,2,908.87,370.70,1046.89,714.00,1,-1,-1,-1
67,3,1037.50,396.09,1143.70,688.98,1,-1,-1,-1
67,1,1631.96,302.88,1843.83,720.63,1,-1,-1,-1
67,4,572.42,382.08,724.49,703.22,1,-1,-1,-1
68,5,308.05,334.55,501.99,746.00,1,-1,-1,-1
68,2,909.21,370.95,1046.71,713.31,1,-1,-1,-1
68,3,1036.94,396.00,1144.02,689.64,1,-1,-1,-1
68,1,1633.38,302.33,1842.86,716.30,1,-1,-1,-1
68,4,574.91,382.42,725.30,702.98,1,-1,-1,-1
69,5,304.64,333.06,498.99,741.28,1,-1,-1,-1
69,2,909.37,371.03,1046.61,713.05,1,-1,-1,-1
69,3,1036.20,395.97,1144.03,689.89,1,-1,-1,-1
69,1,1637.62,304.77,1847.38,719.96,1,-1,-1,-1
69,4,575.49,382.41,724.62,702.98,1,-1,-1,-1
70,5,303.56,332.62,498.92,739.31,1,-1,-1,-1
70,2,909.46,371.06,1046.53,712.96,1,-1,-1,-1
70,3,1036.04,395.96,1144.58,689.98,1,-1,-1,-1
70,1,1639.03,305.68,1849.20,722.00,1,-1,-1,-1
70,4,575.44,382.29,723.49,703.07,1,-1,-1,-1
71,5,767.61,373.04,925.57,707.78,1,-1,-1,-1
71,2,909.03,371.07,1046.31,713.59,1,-1,-1,-1
71,3,570.35,355.68,710.36,720.39,1,-1,-1,-1
71,1,1639.95,306.67,1849.44,722.10,1,-1,-1,-1
71,4,575.20,382.15,722.32,703.17,1,-1,-1,-1
72,5,456.20,347.29,636.81,726.62,1,-1,-1,-1
72,2,909.05,370.40,1046.70,713.84,1,-1,-1,-1
72,3,832.02,377.81,957.44,703.87,1,-1,-1,-1
72,1,1641.37,304.39,1849.04,715.52,1,-1,-1,-1
72,4,574.93,382.01,721.21,703.27,1,-1,-1,-1
73,5,816.06,376.57,969.32,704.82,1,-1,-1,-1
73,2,908.85,370.15,1047.07,714.59,1,-1,-1,-1
73,3,488.13,349.84,636.77,724.54,1,-1,-1,-1
73,1,1641.92,304.84,1848.14,712.36,1,-1,-1,-1
73,4,574.98,381.89,720.60,703.36,1,-1,-1,-1
74,5,653.28,380.17,803.15,703.79,1,-1,-1,-1
74,2,909.05,370.71,1046.93,714.22,1,-1,-1,-1
74,3,366.63,338.87,527.27,732.97,1,-1,-1,-1
74,1,1641.41,306.99,1849.12,717.18,1,-1,-1,-1
74,4,877.00,389.77,1013.38,695.45,1,-1,-1,-1
75,5,598.21,380.68,746.82,704.14,1,-1,-1,-1
75,2,908.51,370.26,1046.83,714.74,1,-1,-1,-1
75,3,763.02,371.69,899.54,708.60,1,-1,-1,-1
75,1,1641.14,307.79,1849.51,718.99,1,-1,-1,-1
75,4,509.91,351.26,678.96,725.09,1,-1,-1,-1
76,5,578.33,380.80,725.90,704.32,1,-1,-1,-1
76,2,908.58,370.09,1047.18,714.93,1,-1,-1,-1
76,3,938.80,386.93,1064.14,697.78,1,-1,-1,-1
76,1,1640.50,307.41,1850.14,720.35,1,-1,-1,-1
76,4,387.11,339.56,567.93,733.81,1,-1,-1,-1
77,5,570.87,380.10,718.44,705.11,1,-1,-1,-1
77,2,908.40,370.69,1046.86,715.00,1,-1,-1,-1
77,3,1001.50,392.31,1122.24,693.28,1,-1,-1,-1
77,1,1639.75,306.60,1850.85,721.51,1,-1,-1,-1
77,4,334.48,334.73,521.33,737.42,1,-1,-1,-1
78,5,568.32,379.78,715.76,705.44,1,-1,-1,-1
78,2,908.43,370.91,1046.64,714.37,1,-1,-1,-1
78,3,1023.81,394.22,1142.81,692.35,1,-1,-1,-1
78,1,1638.80,305.62,1851.74,723.26,1,-1,-1,-1
78,4,312.76,331.65,503.93,740.04,1,-1,-1,-1
79,5,563.46,379.62,710.37,705.59,1,-1,-1,-1
79,2,908.67,370.99,1046.99,714.78,1,-1,-1,-1
79,3,556.04,354.65,709.91,730.94,1,-1,-1,-1
79,1,1638.11,305.24,1852.37,723.91,1,-1,-1,-1
79,4,763.05,371.12,918.69,710.09,1,-1,-1,-1
80,5,561.66,380.18,708.01,705.01,1,-1,-1,-1
80,2,908.78,371.02,1047.10,714.94,1,-1,-1,-1
80,3,392.07,340.90,561.16,744.96,1,-1,-1,-1
80,1,1637.20,304.43,1852.57,724.14,1,-1,-1,-1
80,4,951.76,387.81,1091.40,697.43,1,-1,-1,-1
81,5,561.48,381.68,706.31,703.48,1,-1,-1,-1
81,2,908.45,371.03,1046.86,715.00,1,-1,-1,-1
81,3,766.90,372.64,908.28,713.96,1,-1,-1,-1
81,1,1633.91,303.47,1846.33,716.96,1,-1,-1,-1
81,4,520.10,351.10,695.91,735.49,1,-1,-1,-1
82,5,562.18,382.21,705.91,702.93,1,-1,-1,-1
82,2,908.69,371.03,1047.06,715.02,1,-1,-1,-1
82,3,938.90,387.20,1067.39,700.40,1,-1,-1,-1
82,1,1630.88,303.77,1845.72,722.17,1,-1,-1,-1
82,4,381.86,339.37,571.06,747.67,1,-1,-1,-1
83,5,556.10,379.04,703.07,706.75,1,-1,-1,-1
83,2,908.41,371.03,1046.85,715.02,1,-1,-1,-1
83,3,999.77,392.33,1123.10,695.61,1,-1,-1,-1
83,1,1629.41,303.23,1845.85,724.78,1,-1,-1,-1
83,4,318.58,332.62,515.57,753.96,1,-1,-1,-1
84,5,390.11,348.88,567.10,737.80,1,-1,-1,-1
84,2,908.46,370.37,1047.27,715.02,1,-1,-1,-1
84,3,1021.87,394.16,1142.37,693.23,1,-1,-1,-1
84,1,1629.27,304.34,1844.85,724.44,1,-1,-1,-1
84,4,444.10,356.25,617.61,729.47,1,-1,-1,-1
85,5,472.90,357.70,637.63,720.05,1,-1,-1,-1
85,2,908.45,370.11,1047.46,715.02,1,-1,-1,-1
85,3,1029.70,394.82,1148.85,692.35,1,-1,-1,-1
85,1,1628.06,301.47,1846.33,726.93,1,-1,-1,-1
85,4,340.76,339.26,532.30,747.43,1,-1,-1,-1
86,5,512.19,362.54,670.56,711.23,1,-1,-1,-1
86,2,908.42,370.02,1047.56,715.02,1,-1,-1,-1
86,3,1033.02,395.05,1151.19,692.04,1,-1,-1,-1
86,1,1623.33,301.05,1842.00,728.51,1,-1,-1,-1
86,4,304.48,336.62,503.42,758.05,1,-1,-1,-1
87,5,528.06,366.41,681.70,705.90,1,-1,-1,-1
87,2,908.22,370.65,1047.13,715.02,1,-1,-1,-1
87,3,1034.31,395.79,1151.69,691.93,1,-1,-1,-1
87,1,1622.82,301.56,1839.09,727.77,1,-1,-1,-1
87,4,291.32,333.14,492.33,756.37,1,-1,-1,-1
88,5,377.44,347.24,558.35,743.22,1,-1,-1,-1
88,2,908.42,370.89,1047.35,715.02,1,-1,-1,-1
88,3,1034.86,396.05,1151.49,691.23,1,-1,-1,-1
88,1,1623.08,301.77,1836.93,726.80,1,-1,-1,-1
88,4,441.27,356.56,613.07,721.78,1,-1,-1,-1
89,5,474.88,364.11,638.43,724.03,1,-1,-1,-1
89,2,908.35,370.31,1047.58,715.01,1,-1,-1,-1
89,3,1034.91,396.14,1151.29,691.65,1,-1,-1,-1
89,1,1625.18,301.19,1833.52,718.49,1,-1,-1,-1
89,4,340.61,343.53,532.68,749.58,1,-1,-1,-1
90,5,841.30,385.19,983.31,702.47,1,-1,-1,-1
90,2,908.13,370.76,1047.19,715.01,1,-1,-1,-1
90,3,557.59,356.94,711.83,739.00,1,-1,-1,-1
90,1,1623.07,302.98,1826.58,714.00,1,-1,-1,-1
90,4,457.94,362.27,628.43,726.06,1,-1,-1,-1
91,5,645.27,371.60,794.21,705.42,1,-1,-1,-1
91,2,908.05,370.93,1047.04,715.01,1,-1,-1,-1
91,3,825.75,385.26,957.47,713.54,1,-1,-1,-1
91,1,1622.62,302.99,1823.73,712.34,1,-1,-1,-1
91,4,348.53,345.05,540.28,751.42,1,-1,-1,-1
92,5,581.70,368.42,731.23,705.74,1,-1,-1,-1
92,2,907.91,370.33,1047.11,715.01,1,-1,-1,-1
92,3,958.22,398.11,1078.95,701.22,1,-1,-1,-1
92,1,1617.69,302.33,1818.22,712.43,1,-1,-1,-1
92,4,310.94,339.23,510.71,760.00,1,-1,-1,-1
93,5,561.77,367.88,710.26,704.55,1,-1,-1,-1
93,2,907.77,370.10,1047.22,715.01,1,-1,-1,-1
93,3,1006.65,402.75,1122.95,696.73,1,-1,-1,-1
93,1,1617.03,303.41,1815.09,710.51,1,-1,-1,-1
93,4,300.75,338.26,503.24,762.02,1,-1,-1,-1
94,5,555.37,368.37,702.26,703.44,1,-1,-1,-1
94,2,907.67,370.02,1047.30,715.01,1,-1,-1,-1
94,3,1024.35,404.40,1138.65,695.10,1,-1,-1,-1
94,1,1613.33,306.48,1808.20,707.83,1,-1,-1,-1
94,4,297.98,338.63,501.47,761.99,1,-1,-1,-1
95,5,554.82,370.57,698.65,701.04,1,-1,-1,-1
95,2,907.60,369.99,1047.37,715.01,1,-1,-1,-1
95,3,1031.14,404.99,1144.34,694.48,1,-1,-1,-1
95,1,1612.19,308.96,1804.86,705.54,1,-1,-1,-1
95,4,293.86,336.25,496.80,755.96,1,-1,-1,-1
96,5,555.07,370.76,697.47,700.15,1,-1,-1,-1
96,2,907.64,369.98,1047.34,715.01,1,-1,-1,-1
96,3,1032.41,398.51,1147.13,692.90,1,-1,-1,-1
96,1,1607.24,309.20,1799.64,705.40,1,-1,-1,-1
96,4,293.20,336.07,495.45,752.20,1,-1,-1,-1
97,5,555.33,370.18,697.36,700.51,1,-1,-1,-1
97,2,907.67,369.98,1047.31,715.01,1,-1,-1,-1
97,3,1033.28,396.09,1148.46,692.31,1,-1,-1,-1
97,1,1605.39,309.26,1797.87,705.40,1,-1,-1,-1
97,4,293.32,336.07,495.10,750.68,1,-1,-1,-1
98,5,556.53,371.29,696.66,699.34,1,-1,-1,-1
98,2,907.70,369.98,1047.28,715.00,1,-1,-1,-1
98,3,1033.41,395.19,1148.52,692.08,1,-1,-1,-1
98,1,1604.09,308.60,1797.35,706.10,1,-1,-1,-1
98,4,293.58,335.48,495.79,750.71,1,-1,-1,-1
99,5,561.24,371.72,700.56,698.92,1,-1,-1,-1
99,2,907.73,369.98,1047.25,715.00,1,-1,-1,-1
99,3,1033.76,395.53,1148.23,691.34,1,-1,-1,-1
99,1,1603.98,308.33,1796.95,705.74,1,-1,-1,-1
99,4,294.39,335.97,496.25,750.01,1,-1,-1,-1
100,5,563.63,372.55,701.74,698.12,1,-1,-1,-1
100,2,907.49,369.98,1046.83,714.34,1,-1,-1,-1
100,3,1033.96,395.68,1148.05,691.06,1,-1,-1,-1
100,1,740.21,327.44,937.69,733.48,1,-1,-1,-1
100,4,463.30,355.34,629.38,702.22,1,-1,-1,-1
101,5,566.25,375.52,701.42,695.19,1,-1,-1,-1
101,2,907.38,369.98,1046.69,714.09,1,-1,-1,-1
101,3,1033.98,395.09,1148.04,690.96,1,-1,-1,-1
101,1,1275.85,315.51,1466.86,708.38,1,-1,-1,-1
101,4,351.33,341.92,539.79,734.82,1,-1,-1,-1
102,5,874.71,388.66,1001.74,692.11,1,-1,-1,-1
102,2,907.58,369.99,1047.06,714.66,1,-1,-1,-1
102,3,582.22,412.07,707.40,729.27,1,-1,-1,-1
102,1,610.12,330.83,806.43,734.68,1,-1,-1,-1
102,4,485.45,366.13,646.42,706.77,1,-1,-1,-1
103,5,526.27,410.52,663.05,732.40,1,-1,-1,-1
103,2,907.58,369.99,1047.28,714.88,1,-1,-1,-1
103,3,854.09,402.28,973.58,706.15,1,-1,-1,-1
103,1,369.45,338.36,565.85,742.28,1,-1,-1,-1
103,4,543.51,377.17,691.64,694.86,1,-1,-1,-1
104,5,550.60,392.73,683.14,706.06,1,-1,-1,-1
104,2,907.55,369.99,1047.40,714.96,1,-1,-1,-1
104,3,967.68,398.22,1084.37,695.85,1,-1,-1,-1
104,1,280.66,339.82,478.32,746.41,1,-1,-1,-1
104,4,560.61,373.86,699.84,677.68,1,-1,-1,-1
105,5,408.86,408.19,550.62,738.90,1,-1,-1,-1
105,2,907.51,369.99,1047.48,714.99,1,-1,-1,-1
105,3,1010.50,396.70,1125.96,691.98,1,-1,-1,-1
105,1,251.98,340.92,449.46,747.21,1,-1,-1,-1
105,4,566.67,372.59,701.39,671.22,1,-1,-1,-1
106,5,803.43,401.43,933.93,709.24,1,-1,-1,-1
106,2,907.67,369.99,1047.32,714.34,1,-1,-1,-1
106,3,568.78,399.46,702.89,734.37,1,-1,-1,-1
106,1,244.75,339.24,444.35,750.02,1,-1,-1,-1
106,4,568.29,371.38,701.41,670.55,1,-1,-1,-1
107,5,647.54,385.61,779.55,699.08,1,-1,-1,-1
107,2,907.54,369.99,1047.46,714.76,1,-1,-1,-1
107,3,842.93,396.68,967.22,708.71,1,-1,-1,-1
107,1,1111.87,320.12,1305.83,722.07,1,-1,-1,-1
107,4,394.67,350.50,564.92,729.64,1,-1,-1,-1
108,5,900.82,391.88,1026.71,693.50,1,-1,-1,-1
108,2,907.46,369.99,1047.54,714.92,1,-1,-1,-1
108,3,485.46,358.78,641.98,743.43,1,-1,-1,-1
108,1,1447.95,314.69,1641.18,718.55,1,-1,-1,-1
108,4,490.61,366.06,642.92,709.24,1,-1,-1,-1
109,5,683.48,381.47,813.21,694.09,1,-1,-1,-1
109,2,907.41,369.99,1047.60,714.98,1,-1,-1,-1
109,3,797.71,379.20,932.93,713.47,1,-1,-1,-1
109,1,1572.63,312.68,1764.51,717.26,1,-1,-1,-1
109,4,366.05,347.88,543.83,744.45,1,-1,-1,-1
110,5,605.34,378.38,735.55,693.67,1,-1,-1,-1
110,2,907.86,370.66,1047.81,715.00,1,-1,-1,-1
110,3,948.89,389.18,1073.53,698.98,1,-1,-1,-1
110,1,1618.13,310.63,1809.77,718.12,1,-1,-1,-1
110,4,322.56,341.62,510.25,756.61,1,-1,-1,-1
111,5,883.09,389.07,1007.11,691.58,1,-1,-1,-1
111,2,908.02,370.91,1047.89,715.01,1,-1,-1,-1
111,3,519.68,363.04,675.16,742.46,1,-1,-1,-1
111,1,1632.58,308.57,1825.01,719.79,1,-1,-1,-1
111,4,466.63,363.22,625.44,718.91,1,-1,-1,-1
112,5,990.42,393.22,1111.64,690.83,1,-1,-1,-1
112,2,907.91,371.00,1047.43,714.35,1,-1,-1,-1
112,3,374.42,353.62,542.63,757.67,1,-1,-1,-1
112,1,1641.01,308.48,1832.59,719.79,1,-1,-1,-1
112,4,532.28,370.54,680.26,704.45,1,-1,-1,-1
113,5,720.28,387.35,846.70,697.29,1,-1,-1,-1
113,2,907.87,371.03,1047.25,714.10,1,-1,-1,-1
113,3,763.62,377.99,904.12,718.14,1,-1,-1,-1
113,1,775.60,335.52,968.40,748.81,1,-1,-1,-1
113,4,554.49,368.99,692.34,684.47,1,-1,-1,-1
114,5,923.68,392.40,1045.49,693.11,1,-1,-1,-1
114,2,907.87,371.04,1047.17,714.01,1,-1,-1,-1
114,3,457.42,372.63,614.30,746.18,1,-1,-1,-1
114,1,1314.67,317.45,1503.90,722.91,1,-1,-1,-1
114,4,559.93,373.19,698.26,692.31,1,-1,-1,-1
115,5,1003.15,395.03,1122.38,690.82,1,-1,-1,-1
115,2,907.88,371.04,1047.13,713.98,1,-1,-1,-1
115,3,364.17,389.92,519.17,753.56,1,-1,-1,-1
115,1,1522.46,310.47,1710.37,712.91,1,-1,-1,-1
115,4,565.99,379.35,704.03,699.14,1,-1,-1,-1
116,5,723.51,387.29,849.08,698.02,1,-1,-1,-1
116,2,907.98,371.03,1047.02,713.97,1,-1,-1,-1
116,3,782.45,393.18,917.70,713.57,1,-1,-1,-1
116,1,1599.42,307.87,1786.88,709.20,1,-1,-1,-1
116,4,570.53,371.60,704.16,683.70,1,-1,-1,-1
117,5,621.17,379.24,749.68,696.74,1,-1,-1,-1
117,2,907.98,371.03,1047.01,713.97,1,-1,-1,-1
117,3,951.37,394.47,1077.95,697.46,1,-1,-1,-1
117,1,1627.63,308.26,1813.71,706.53,1,-1,-1,-1
117,4,572.04,367.94,703.92,677.89,1,-1,-1,-1
118,5,432.73,393.12,573.29,734.78,1,-1,-1,-1
118,2,907.87,371.03,1047.13,714.63,1,-1,-1,-1
118,3,1010.34,395.60,1133.17,691.88,1,-1,-1,-1
118,1,1636.71,308.45,1822.39,706.26,1,-1,-1,-1
118,4,571.33,373.29,704.74,688.57,1,-1,-1,-1
119,5,366.40,400.92,511.49,747.86,1,-1,-1,-1
119,2,907.84,371.02,1047.16,714.88,1,-1,-1,-1
119,3,1031.11,395.99,1151.95,689.95,1,-1,-1,-1
119,1,1638.94,308.55,1824.19,706.22,1,-1,-1,-1
119,4,570.91,375.26,704.95,693.24,1,-1,-1,-1
120,5,782.61,398.20,912.46,711.50,1,-1,-1,-1
120,2,907.83,371.02,1047.16,714.98,1,-1,-1,-1
120,3,557.36,357.66,708.07,718.34,1,-1,-1,-1
120,1,1637.64,309.95,1824.56,713.55,1,-1,-1,-1
120,4,571.52,377.31,703.97,693.04,1,-1,-1,-1
121,5,640.55,384.78,770.59,699.93,1,-1,-1,-1
121,2,907.84,371.02,1047.15,715.01,1,-1,-1,-1
121,3,831.95,379.49,965.43,701.63,1,-1,-1,-1
121,1,1636.87,311.15,1823.12,715.68,1,-1,-1,-1
121,4,402.77,350.80,560.51,720.89,1,-1,-1,-1
122,5,437.99,390.01,581.94,732.94,1,-1,-1,-1
122,2,907.65,370.36,1047.35,715.02,1,-1,-1,-1
122,3,962.47,390.00,1087.37,693.79,1,-1,-1,-1
122,1,766.58,328.77,955.38,736.96,1,-1,-1,-1
122,4,500.10,365.63,644.43,705.93,1,-1,-1,-1
123,5,804.70,393.22,935.08,706.68,1,-1,-1,-1
123,2,907.86,370.77,1047.13,714.36,1,-1,-1,-1
123,3,529.91,365.38,686.11,738.43,1,-1,-1,-1
123,1,1298.25,318.98,1488.41,733.14,1,-1,-1,-1
123,4,544.79,373.01,682.07,698.41,1,-1,-1,-1
124,5,492.92,393.19,637.88,736.09,1,-1,-1,-1
124,2,907.95,370.92,1047.05,714.11,1,-1,-1,-1
124,3,818.63,382.23,954.84,710.46,1,-1,-1,-1
124,1,643.18,328.98,836.01,746.04,1,-1,-1,-1
124,4,561.49,375.07,696.61,696.94,1,-1,-1,-1
125,5,389.84,398.31,540.11,749.46,1,-1,-1,-1
125,2,907.98,370.98,1047.02,714.02,1,-1,-1,-1
125,3,956.94,390.38,1083.19,697.09,1,-1,-1,-1
125,1,394.75,330.81,586.45,743.68,1,-1,-1,-1
125,4,570.32,373.15,707.16,699.06,1,-1,-1,-1
126,5,343.06,392.57,499.40,754.00,1,-1,-1,-1
126,2,908.22,371.66,1046.78,713.32,1,-1,-1,-1
126,3,1007.32,393.35,1129.44,692.24,1,-1,-1,-1
126,1,303.36,332.11,495.04,742.67,1,-1,-1,-1
126,4,573.66,373.09,710.92,699.83,1,-1,-1,-1
127,5,479.28,385.80,624.72,722.67,1,-1,-1,-1
127,2,908.29,371.92,1046.71,713.07,1,-1,-1,-1
127,3,543.97,353.34,698.26,722.85,1,-1,-1,-1
127,1,1137.43,317.99,1327.70,728.98,1,-1,-1,-1
127,4,875.66,387.59,1003.23,694.17,1,-1,-1,-1
128,5,840.83,391.80,973.08,701.79,1,-1,-1,-1
128,2,908.18,371.35,1046.81,712.97,1,-1,-1,-1
128,3,385.30,343.21,556.82,746.87,1,-1,-1,-1
128,1,1457.58,313.97,1649.57,731.70,1,-1,-1,-1
128,4,682.92,382.99,815.79,701.45,1,-1,-1,-1
129,5,665.43,385.16,800.80,702.22,1,-1,-1,-1
129,2,908.14,371.13,1046.86,712.94,1,-1,-1,-1
129,3,318.60,339.11,499.74,757.03,1,-1,-1,-1
129,1,1578.46,313.12,1769.35,731.40,1,-1,-1,-1
129,4,914.23,391.21,1039.54,694.16,1,-1,-1,-1
130,5,604.01,382.85,740.43,702.38,1,-1,-1,-1
130,2,908.11,371.05,1046.89,712.94,1,-1,-1,-1
130,3,289.53,333.25,476.18,756.57,1,-1,-1,-1
130,1,1623.26,312.82,1813.27,731.92,1,-1,-1,-1
130,4,1003.90,394.35,1125.99,691.95,1,-1,-1,-1
131,5,882.35,390.61,1010.61,694.54,1,-1,-1,-1
131,2,908.10,371.02,1046.90,712.94,1,-1,-1,-1
131,3,279.31,331.76,469.41,755.52,1,-1,-1,-1
131,1,1638.88,312.73,1827.62,731.45,1,-1,-1,-1
131,4,729.57,386.02,858.71,699.23,1,-1,-1,-1
132,5,682.43,384.84,815.10,699.03,1,-1,-1,-1
132,2,908.08,371.00,1046.91,712.95,1,-1,-1,-1
132,3,276.85,333.30,468.82,752.98,1,-1,-1,-1
132,1,1644.09,310.08,1830.09,725.32,1,-1,-1,-1
132,4,927.66,392.79,1050.49,693.36,1,-1,-1,-1
133,5,436.41,352.47,601.34,732.28,1,-1,-1,-1
133,2,907.98,371.00,1047.02,712.95,1,-1,-1,-1
133,3,744.82,372.38,897.84,713.54,1,-1,-1,-1
133,1,1640.14,309.10,1824.10,722.99,1,-1,-1,-1
133,4,699.78,384.65,829.35,700.43,1,-1,-1,-1
134,5,342.69,338.86,519.92,737.58,1,-1,-1,-1
134,2,907.89,371.00,1047.11,712.96,1,-1,-1,-1
134,3,942.45,389.58,1077.89,696.96,1,-1,-1,-1
134,1,1637.22,308.10,1820.35,722.79,1,-1,-1,-1
134,4,617.35,381.72,750.05,703.62,1,-1,-1,-1
135,5,301.41,334.53,489.50,747.25,1,-1,-1,-1
135,2,907.80,371.00,1047.20,712.96,1,-1,-1,-1
135,3,1008.08,394.54,1136.49,690.81,1,-1,-1,-1
135,1,1634.80,307.75,1817.07,722.74,1,-1,-1,-1
135,4,584.92,375.34,720.28,702.21,1,-1,-1,-1
136,5,290.50,335.52,482.46,748.47,1,-1,-1,-1
136,2,907.44,371.00,1046.90,712.97,1,-1,-1,-1
136,3,1030.24,396.17,1155.17,688.79,1,-1,-1,-1
136,1,1632.76,307.65,1814.63,723.40,1,-1,-1,-1
136,4,574.11,378.78,708.89,702.95,1,-1,-1,-1
137,5,282.80,332.27,477.63,743.65,1,-1,-1,-1
137,2,907.29,371.00,1046.80,712.97,1,-1,-1,-1
137,3,1037.74,397.36,1160.23,688.16,1,-1,-1,-1
137,1,1634.71,309.63,1818.21,730.93,1,-1,-1,-1
137,4,569.87,375.53,705.23,699.91,1,-1,-1,-1
138,5,456.17,358.37,623.64,715.09,1,-1,-1,-1
138,2,907.11,371.00,1046.89,713.63,1,-1,-1,-1
138,3,1039.95,397.70,1160.53,688.04,1,-1,-1,-1
138,1,766.26,328.13,952.18,742.31,1,-1,-1,-1
138,4,556.30,374.91,692.04,700.17,1,-1,-1,-1
139,5,343.65,342.48,528.02,729.46,1,-1,-1,-1
139,2,907.32,371.00,1047.31,713.89,1,-1,-1,-1
139,3,1040.30,397.76,1159.34,688.08,1,-1,-1,-1
139,1,1309.02,317.31,1496.51,738.02,1,-1,-1,-1
139,4,568.37,375.62,703.22,697.77,1,-1,-1,-1
140,5,479.22,366.75,642.39,712.35,1,-1,-1,-1
140,2,907.37,371.00,1047.49,713.98,1,-1,-1,-1
140,3,1040.07,397.71,1157.76,688.17,1,-1,-1,-1
140,1,1512.49,313.26,1700.20,736.39,1,-1,-1,-1
140,4,557.44,375.14,692.49,697.76,1,-1,-1,-1
141,5,353.80,347.65,535.26,726.37,1,-1,-1,-1
141,2,907.75,371.00,1047.87,714.01,1,-1,-1,-1
141,3,1039.80,397.64,1156.07,687.60,1,-1,-1,-1
141,1,1585.78,311.70,1773.12,735.72,1,-1,-1,-1
141,4,569.25,380.43,704.42,701.88,1,-1,-1,-1
142,5,309.92,340.54,500.18,732.39,1,-1,-1,-1
142,2,907.52,371.00,1047.73,714.02,1,-1,-1,-1
142,3,1039.45,397.56,1154.58,687.44,1,-1,-1,-1
142,1,1613.28,310.46,1799.85,734.79,1,-1,-1,-1
142,4,570.43,380.85,706.09,702.77,1,-1,-1,-1
143,5,292.52,337.17,488.01,734.72,1,-1,-1,-1
143,2,907.57,370.34,1048.19,714.03,1,-1,-1,-1
143,3,1038.90,396.83,1153.51,688.10,1,-1,-1,-1
143,1,1623.08,310.67,1808.89,735.07,1,-1,-1,-1
143,4,571.02,377.69,706.74,699.11,1,-1,-1,-1
144,5,285.79,335.33,485.05,736.21,1,-1,-1,-1
144,2,907.44,370.09,1048.51,714.68,1,-1,-1,-1
144,3,1038.49,396.52,1152.55,688.38,1,-1,-1,-1
144,1,1631.14,311.42,1815.47,733.84,1,-1,-1,-1
144,4,572.15,377.16,707.26,697.06,1,-1,-1,-1
145,5,460.72,360.82,631.99,710.64,1,-1,-1,-1
145,2,907.49,370.00,1048.53,714.27,1,-1,-1,-1
145,3,1038.29,397.04,1151.52,688.53,1,-1,-1,-1
145,1,1633.63,312.38,1816.83,733.36,1,-1,-1,-1
145,4,566.39,376.91,701.52,696.85,1,-1,-1,-1
146,5,533.38,371.29,692.60,700.92,1,-1,-1,-1
146,2,907.47,369.97,1048.57,714.11,1,-1,-1,-1
146,3,1038.28,397.21,1150.45,687.95,1,-1,-1,-1
146,1,1633.75,312.09,1816.68,733.17,1,-1,-1,-1
147,5,559.03,374.89,712.80,697.61,1,-1,-1,-1
147,2,907.44,369.96,1048.60,714.05,1,-1,-1,-1
147,3,1037.60,396.59,1149.52,688.42,1,-1,-1,-1
147,1,761.36,329.16,941.51,733.76,1,-1,-1,-1
147,4,368.94,398.05,514.12,734.12,1,-1,-1,-1
148,5,385.04,350.31,564.32,721.64,1,-1,-1,-1
148,2,907.40,369.96,1048.64,714.02,1,-1,-1,-1
148,3,1036.91,396.34,1148.50,688.62,1,-1,-1,-1
148,1,1306.85,318.89,1494.53,742.03,1,-1,-1,-1
148,4,498.49,383.91,638.77,710.43,1,-1,-1,-1
149,5,324.05,342.40,513.18,729.34,1,-1,-1,-1
149,2,907.25,369.96,1048.79,714.67,1,-1,-1,-1
149,3,1036.64,395.57,1148.38,689.38,1,-1,-1,-1
149,1,1507.95,314.52,1698.51,745.66,1,-1,-1,-1
149,4,546.08,378.08,684.45,701.76,1,-1,-1,-1
150,5,299.46,339.91,493.24,731.79,1,-1,-1,-1
150,2,907.18,369.97,1048.85,714.92,1,-1,-1,-1
150,3,1036.77,395.27,1148.43,689.68,1,-1,-1,-1
150,1,1586.24,313.48,1777.31,747.01,1,-1,-1,-1
150,4,560.74,381.22,696.69,701.86,1,-1,-1,-1
151,5,757.25,376.07,915.38,704.08,1,-1,-1,-1
151,2,907.15,369.97,1048.88,715.01,1,-1,-1,-1
151,3,561.46,358.15,703.90,718.21,1,-1,-1,-1
151,1,1616.37,313.74,1806.37,746.16,1,-1,-1,-1
151,4,566.27,381.75,701.45,702.56,1,-1,-1,-1
152,5,946.81,391.12,1089.23,693.24,1,-1,-1,-1
152,2,907.13,369.97,1048.90,715.04,1,-1,-1,-1
152,3,407.09,384.64,547.54,731.44,1,-1,-1,-1
152,1,760.51,331.63,942.30,735.90,1,-1,-1,-1
152,4,567.97,381.28,703.00,703.50,1,-1,-1,-1
153,5,693.37,385.65,839.01,699.41,1,-1,-1,-1
153,2,906.95,369.98,1048.42,714.38,1,-1,-1,-1
153,3,789.24,392.23,914.70,704.53,1,-1,-1,-1
153,1,428.21,337.86,609.47,732.56,1,-1,-1,-1
153,4,415.18,395.63,556.56,726.96,1,-1,-1,-1
154,5,912.33,393.80,1047.97,691.48,1,-1,-1,-1
154,2,907.17,369.98,1048.60,714.13,1,-1,-1,-1
154,3,460.20,356.72,612.61,722.79,1,-1,-1,-1
154,1,1196.92,321.87,1384.57,732.71,1,-1,-1,-1
154,4,513.85,387.94,651.02,711.57,1,-1,-1,-1
155,5,685.31,387.90,824.53,697.42,1,-1,-1,-1
155,2,907.33,369.98,1048.60,714.04,1,-1,-1,-1
155,3,795.18,380.21,928.73,703.49,1,-1,-1,-1
155,1,611.19,334.45,795.85,730.80,1,-1,-1,-1
155,4,392.33,394.83,538.37,733.35,1,-1,-1,-1
156,5,431.62,356.59,598.11,719.44,1,-1,-1,-1
156,2,907.33,369.98,1048.65,714.00,1,-1,-1,-1
156,3,949.34,391.06,1073.62,693.95,1,-1,-1,-1
156,1,1266.89,321.22,1456.62,731.42,1,-1,-1,-1
156,4,501.13,388.25,640.01,713.40,1,-1,-1,-1
157,5,503.20,373.95,654.17,708.07,1,-1,-1,-1
157,2,907.31,369.99,1048.69,713.99,1,-1,-1,-1
157,3,1005.30,395.00,1125.61,690.52,1,-1,-1,-1
157,1,1506.28,316.40,1696.28,730.35,1,-1,-1,-1
157,4,497.07,388.73,636.00,714.01,1,-1,-1,-1
158,5,538.99,381.82,681.67,702.22,1,-1,-1,-1
158,2,907.29,369.99,1048.73,713.99,1,-1,-1,-1
158,3,1025.49,396.41,1143.87,689.29,1,-1,-1,-1
158,1,1598.04,312.59,1785.17,723.37,1,-1,-1,-1
159,5,556.46,383.37,696.36,701.40,1,-1,-1,-1
159,2,907.26,369.99,1048.75,713.99,1,-1,-1,-1
159,3,1032.89,396.92,1149.94,688.87,1,-1,-1,-1
159,1,758.86,333.03,939.92,724.70,1,-1,-1,-1
160,5,564.05,383.92,702.10,701.11,1,-1,-1,-1
160,2,906.95,369.99,1048.40,713.99,1,-1,-1,-1
160,3,1035.51,397.10,1151.58,688.74,1,-1,-1,-1
160,1,1325.59,319.28,1509.58,720.56,1,-1,-1,-1
161,5,564.10,384.78,699.99,700.33,1,-1,-1,-1
161,2,906.85,369.99,1048.25,713.99,1,-1,-1,-1
161,3,1036.64,397.15,1151.99,688.71,1,-1,-1,-1
161,1,662.33,336.09,838.89,715.13,1,-1,-1,-1
161,4,348.91,411.05,492.81,740.69,1,-1,-1,-1
162,5,568.32,383.75,703.84,701.38,1,-1,-1,-1
162,2,906.82,369.99,1048.19,713.99,1,-1,-1,-1
162,3,1036.80,396.49,1151.76,688.73,1,-1,-1,-1
162,1,401.63,341.94,581.48,721.93,1,-1,-1,-1
162,4,333.88,408.31,481.01,739.03,1,-1,-1,-1
163,5,570.19,383.35,704.99,701.78,1,-1,-1,-1
163,2,907.11,369.99,1048.53,713.99,1,-1,-1,-1
163,3,1037.01,396.23,1151.62,689.42,1,-1,-1,-1
163,1,308.32,343.32,491.85,725.73,1,-1,-1,-1
163,4,326.43,404.09,479.37,741.79,1,-1,-1,-1
164,5,403.89,387.16,554.76,736.34,1,-1,-1,-1
164,2,906.92,369.99,1048.30,713.99,1,-1,-1,-1
164,3,1036.54,395.47,1150.96,689.69,1,-1,-1,-1
164,1,275.37,343.10,462.60,727.84,1,-1,-1,-1
164,4,482.04,390.69,627.38,716.58,1,-1,-1,-1
165,5,793.71,393.02,927.74,708.20,1,-1,-1,-1
165,2,907.14,369.99,1048.58,713.99,1,-1,-1,-1
165,3,569.26,390.54,706.34,732.15,1,-1,-1,-1
165,1,264.78,342.28,456.01,729.96,1,-1,-1,-1
165,4,543.71,385.43,685.08,706.67,1,-1,-1,-1
166,5,959.29,395.42,1085.37,696.04,1,-1,-1,-1
166,2,907.21,370.00,1048.70,713.99,1,-1,-1,-1
166,3,398.54,387.51,547.54,748.75,1,-1,-1,-1
166,1,262.30,341.25,457.57,731.41,1,-1,-1,-1
166,4,567.34,384.17,705.92,702.37,1,-1,-1,-1
167,5,528.86,358.27,685.46,719.49,1,-1,-1,-1
167,2,907.22,370.00,1048.76,714.00,1,-1,-1,-1
167,3,777.25,392.60,908.10,713.67,1,-1,-1,-1
167,1,1138.85,323.64,1339.73,731.29,1,-1,-1,-1
167,4,576.12,383.74,712.96,700.83,1,-1,-1,-1
168,5,378.88,347.54,547.31,726.20,1,-1,-1,-1
168,2,907.21,370.00,1048.80,714.00,1,-1,-1,-1
168,3,942.56,394.82,1064.68,697.71,1,-1,-1,-1
168,1,1463.04,316.40,1665.19,731.88,1,-1,-1,-1
168,4,579.17,383.61,714.98,700.99,1,-1,-1,-1
169,5,318.87,345.73,487.45,717.48,1,-1,-1,-1
169,2,907.19,370.00,1048.82,714.00,1,-1,-1,-1
169,3,1002.39,395.61,1120.93,692.62,1,-1,-1,-1
169,1,1588.10,313.62,1789.43,732.10,1,-1,-1,-1
169,4,576.81,384.92,710.49,699.79,1,-1,-1,-1
170,5,296.14,345.87,465.28,713.15,1,-1,-1,-1
170,2,907.18,370.00,1048.84,714.00,1,-1,-1,-1
170,3,1024.02,395.90,1140.54,690.78,1,-1,-1,-1
170,1,1633.71,311.96,1834.04,732.82,1,-1,-1,-1
170,4,575.67,384.79,708.27,699.41,1,-1,-1,-1
171,5,460.81,370.93,612.52,704.89,1,-1,-1,-1
171,2,907.28,370.66,1048.74,714.00,1,-1,-1,-1
171,3,1032.70,396.67,1146.78,688.78,1,-1,-1,-1
171,1,1649.11,312.05,1847.35,732.43,1,-1,-1,-1
171,4,389.64,360.20,542.05,715.25,1,-1,-1,-1
172,5,527.86,380.94,671.72,701.61,1,-1,-1,-1
172,2,907.18,370.25,1048.84,714.00,1,-1,-1,-1
172,3,1031.90,394.28,1143.99,683.38,1,-1,-1,-1
172,1,1652.74,312.14,1848.91,731.60,1,-1,-1,-1
172,4,330.32,351.92,492.20,720.34,1,-1,-1,-1
