3,1,610.00,222.00,776.00,508.00,1,-1,-1,-1
4,1,610.00,222.00,776.00,508.00,1,-1,-1,-1
5,1,605.33,197.66,780.67,500.62,1,-1,-1,-1
6,1,603.32,184.01,782.68,494.70,1,-1,-1,-1
7,1,604.80,177.97,781.88,485.10,1,-1,-1,-1
8,1,605.62,176.86,780.64,480.31,1,-1,-1,-1
9,1,605.88,172.74,779.53,473.99,1,-1,-1,-1
10,1,606.04,171.52,779.06,471.85,1,-1,-1,-1
11,1,601.69,164.61,775.25,466.54,1,-1,-1,-1
12,1,601.51,160.93,771.73,457.40,1,-1,-1,-1
13,1,601.67,155.13,770.90,450.13,1,-1,-1,-1
14,1,601.81,153.19,770.58,447.63,1,-1,-1,-1
15,1,601.93,152.69,770.44,446.90,1,-1,-1,-1
16,1,602.04,152.70,770.38,446.82,1,-1,-1,-1
17,1,602.14,152.88,770.34,446.96,1,-1,-1,-1
18,1,605.04,143.81,767.49,427.93,1,-1,-1,-1
19,1,605.44,133.83,767.16,417.53,1,-1,-1,-1
20,1,605.98,130.33,766.67,413.23,1,-1,-1,-1
21,1,606.90,126.54,765.79,406.53,1,-1,-1,-1
22,1,607.63,121.32,765.10,399.58,1,-1,-1,-1
23,1,608.02,119.55,764.75,397.22,1,-1,-1,-1
24,1,606.88,111.75,765.92,394.57,1,-1,-1,-1
25,1,607.18,108.98,765.63,391.77,1,-1,-1,-1
26,1,611.71,103.50,769.73,386.30,1,-1,-1,-1
27,1,613.78,97.64,770.92,379.79,1,-1,-1,-1
28,1,614.11,88.99,772.45,374.88,1,-1,-1,-1
29,1,615.73,87.22,771.48,369.92,1,-1,-1,-1
30,1,615.98,81.48,771.44,364.94,1,-1,-1,-1
31,1,615.05,72.89,772.41,361.27,1,-1,-1,-1
32,1,619.28,65.23,776.70,354.81,1,-1,-1,-1
33,1,621.29,58.56,777.91,347.93,1,-1,-1,-1
34,1,616.09,47.02,776.35,345.52,1,-1,-1,-1
35,1,614.49,42.85,775.38,344.75,1,-1,-1,-1
36,1,619.71,38.88,778.28,337.46,1,-1,-1,-1
37,1,622.22,38.27,778.87,333.54,1,-1,-1,-1
38,1,623.19,38.27,779.02,332.24,1,-1,-1,-1
39,1,623.57,38.47,779.00,331.93,1,-1,-1,-1
40,1,623.72,38.71,778.93,331.97,1,-1,-1,-1
41,1,627.40,28.39,783.17,323.54,1,-1,-1,-1
42,1,627.85,19.37,785.65,318.52,1,-1,-1,-1
43,1,627.99,14.80,787.20,316.76,1,-1,-1,-1
44,1,628.04,13.24,787.72,316.24,1,-1,-1,-1
45,1,628.05,12.84,787.85,316.19,1,-1,-1,-1
46,1,628.05,12.86,787.84,316.30,1,-1,-1,-1
47,1,628.04,13.02,787.78,316.46,1,-1,-1,-1
48,1,628.03,13.21,787.70,316.63,1,-1,-1,-1
49,1,623.74,-4.40,783.34,298.32,1,-1,-1,-1
50,1,622.73,-13.58,780.37,284.89,1,-1,-1,-1
51,1,623.60,-15.54,778.66,277.98,1,-1,-1,-1
52,1,623.78,-20.73,778.18,271.60,1,-1,-1,-1
53,1,624.45,-21.83,777.41,267.42,1,-1,-1,-1
54,1,624.66,-22.05,777.18,266.07,1,-1,-1,-1
55,1,628.16,-27.96,782.99,263.77,1,-1,-1,-1
56,1,629.34,-30.03,785.28,263.06,1,-1,-1,-1
57,1,629.52,-31.32,786.39,262.97,1,-1,-1,-1
58,1,629.49,-31.66,786.86,263.08,1,-1,-1,-1
59,1,634.91,-29.67,790.81,261.28,1,-1,-1,-1
60,1,636.80,-28.78,792.42,260.74,1,-1,-1,-1
61,1,637.34,-28.36,793.12,260.64,1,-1,-1,-1
62,1,637.38,-28.11,793.46,260.71,1,-1,-1,-1
63,1,637.24,-27.95,793.67,260.83,1,-1,-1,-1
64,1,637.05,-27.83,793.81,260.95,1,-1,-1,-1
65,1,636.86,-27.72,793.92,261.07,1,-1,-1,-1
66,1,646.67,-32.27,802.56,255.89,1,-1,-1,-1
67,1,651.17,-33.93,805.60,253.33,1,-1,-1,-1
68,1,653.06,-34.50,806.43,252.45,1,-1,-1,-1
69,1,654.10,-37.96,805.61,246.89,1,-1,-1,-1
70,1,654.61,-39.21,805.04,244.87,1,-1,-1,-1
71,1,660.48,-36.96,807.65,241.55,1,-1,-1,-1
72,1,662.69,-36.05,808.51,240.40,1,-1,-1,-1
73,1,663.00,-40.99,809.87,237.39,1,-1,-1,-1
74,1,663.04,-42.80,810.34,236.35,1,-1,-1,-1
75,1,662.98,-43.42,810.47,236.05,1,-1,-1,-1
76,1,666.99,-44.26,814.98,236.02,1,-1,-1,-1
77,1,668.43,-44.53,816.65,236.08,1,-1,-1,-1
78,1,668.89,-44.58,817.23,236.16,1,-1,-1,-1
79,1,669.51,-49.18,817.54,230.97,1,-1,-1,-1
80,1,669.68,-50.88,817.61,229.06,1,-1,-1,-1
81,1,671.01,-52.35,818.77,227.26,1,-1,-1,-1
81,33,1108.21,-146.02,1242.27,44.44,1,-1,-1,-1
82,33,1098.74,-140.71,1230.65,46.20,1,-1,-1,-1
83,1,666.56,-58.43,808.95,210.41,1,-1,-1,-1
83,33,1089.17,-138.73,1223.85,52.02,1,-1,-1,-1
84,1,665.73,-59.37,807.51,207.78,1,-1,-1,-1
84,33,1086.30,-138.07,1221.94,53.93,1,-1,-1,-1
85,1,665.39,-59.68,807.11,206.91,1,-1,-1,-1
85,33,1085.68,-137.86,1221.67,54.52,1,-1,-1,-1
86,1,665.18,-59.74,807.03,206.69,1,-1,-1,-1
86,33,1085.77,-137.81,1221.90,54.65,1,-1,-1,-1
87,1,665.53,-61.11,806.76,204.17,1,-1,-1,-1
87,33,1076.30,-138.49,1212.30,54.63,1,-1,-1,-1
88,33,1073.20,-138.76,1208.77,54.57,1,-1,-1,-1
89,33,1072.46,-138.87,1207.49,54.50,1,-1,-1,-1
90,33,1072.57,-138.92,1207.05,54.43,1,-1,-1,-1
91,33,1062.82,-136.27,1197.73,59.04,1,-1,-1,-1
92,33,1059.59,-135.29,1194.11,60.74,1,-1,-1,-1
93,33,1058.81,-134.94,1192.68,61.33,1,-1,-1,-1
94,33,1043.10,-145.40,1180.13,54.23,1,-1,-1,-1
95,33,1031.09,-154.60,1172.60,49.56,1,-1,-1,-1
96,33,1015.75,-156.76,1162.58,53.00,1,-1,-1,-1
97,33,1004.77,-158.19,1155.13,53.68,1,-1,-1,-1
98,33,1000.25,-158.67,1153.03,53.94,1,-1,-1,-1
99,33,998.30,-158.78,1152.96,54.03,1,-1,-1,-1
100,33,990.25,-160.08,1150.89,59.96,1,-1,-1,-1
101,33,987.17,-160.53,1150.44,62.19,1,-1,-1,-1
102,33,987.12,-159.35,1149.58,63.03,1,-1,-1,-1
103,33,987.51,-158.84,1149.28,63.32,1,-1,-1,-1
104,33,987.99,-158.61,1149.19,63.40,1,-1,-1,-1
105,33,988.49,-158.48,1149.17,63.39,1,-1,-1,-1
106,33,988.95,-158.41,1149.17,63.37,1,-1,-1,-1
107,33,989.38,-158.35,1149.19,63.33,1,-1,-1,-1
108,33,989.76,-158.31,1149.20,63.29,1,-1,-1,-1
109,1,552.33,-101.95,691.82,162.93,1,-1,-1,-1
109,33,952.14,-173.42,1122.60,65.24,1,-1,-1,-1
110,1,550.71,-102.59,689.30,162.36,1,-1,-1,-1
110,33,938.61,-179.02,1112.40,65.95,1,-1,-1,-1
111,1,550.38,-102.79,688.33,162.19,1,-1,-1,-1
111,33,933.81,-181.16,1108.23,66.21,1,-1,-1,-1
112,1,550.56,-102.79,688.05,162.19,1,-1,-1,-1
112,33,932.50,-181.90,1106.53,66.28,1,-1,-1,-1
113,1,550.89,-102.73,688.03,162.26,1,-1,-1,-1
113,33,932.52,-182.09,1105.81,66.29,1,-1,-1,-1
114,1,547.51,-103.94,684.63,161.04,1,-1,-1,-1
114,33,909.07,-176.86,1083.03,74.77,1,-1,-1,-1
115,33,900.11,-173.50,1073.42,79.93,1,-1,-1,-1
116,33,898.60,-163.68,1068.30,87.09,1,-1,-1,-1
117,1,640.72,-100.85,777.30,163.26,1,-1,-1,-1
117,33,899.12,-159.86,1064.52,87.80,1,-1,-1,-1
118,1,647.48,-101.40,784.00,162.61,1,-1,-1,-1
118,33,901.13,-146.54,1061.81,99.20,1,-1,-1,-1
119,33,900.97,-144.20,1060.85,105.40,1,-1,-1,-1
120,33,899.41,-134.85,1053.79,110.90,1,-1,-1,-1
121,33,897.35,-112.81,1043.75,122.79,1,-1,-1,-1
122,1,657.06,-90.22,790.39,166.42,1,-1,-1,-1
122,33,891.98,-101.25,1034.96,131.81,1,-1,-1,-1
123,1,655.32,-92.66,792.07,169.59,1,-1,-1,-1
123,33,885.64,-93.85,1027.12,139.63,1,-1,-1,-1
124,1,654.73,-92.77,792.81,171.27,1,-1,-1,-1
124,33,879.20,-89.98,1019.38,143.68,1,-1,-1,-1
125,1,654.81,-88.21,793.13,175.19,1,-1,-1,-1
125,33,865.36,-84.78,1009.75,156.93,1,-1,-1,-1
126,1,650.32,-85.17,788.19,176.66,1,-1,-1,-1
126,33,855.28,-82.99,1002.24,164.34,1,-1,-1,-1
127,1,648.26,-84.06,786.41,177.85,1,-1,-1,-1
127,33,849.24,-74.67,992.86,168.26,1,-1,-1,-1
127,50,333.35,-170.13,486.05,63.15,1,-1,-1,-1
128,1,647.45,-79.70,785.59,182.23,1,-1,-1,-1
128,33,846.42,-69.05,990.36,176.09,1,-1,-1,-1
128,50,332.26,-170.23,487.42,67.34,1,-1,-1,-1
129,1,646.65,-78.11,784.95,184.50,1,-1,-1,-1
129,33,841.96,-60.55,983.39,181.45,1,-1,-1,-1
129,50,335.89,-175.09,494.25,67.65,1,-1,-1,-1
130,1,645.34,-78.88,785.59,187.95,1,-1,-1,-1
130,33,837.12,-51.59,975.81,186.54,1,-1,-1,-1
130,50,336.35,-175.58,496.60,70.37,1,-1,-1,-1
131,1,645.25,-75.27,785.98,193.14,1,-1,-1,-1
131,33,837.16,-41.81,971.62,190.86,1,-1,-1,-1
131,50,337.55,-172.42,496.27,71.85,1,-1,-1,-1
132,1,644.97,-74.60,786.27,195.72,1,-1,-1,-1
132,33,833.79,-33.07,964.61,194.89,1,-1,-1,-1
132,50,340.74,-176.90,502.90,73.59,1,-1,-1,-1
133,1,650.96,-66.51,788.75,197.27,1,-1,-1,-1
133,33,832.06,-26.75,962.29,202.18,1,-1,-1,-1
133,50,341.17,-180.61,506.59,76.13,1,-1,-1,-1
134,1,652.44,-64.15,790.41,199.77,1,-1,-1,-1
134,33,827.11,-20.66,957.47,210.00,1,-1,-1,-1
134,50,343.15,-189.36,515.32,78.97,1,-1,-1,-1
135,1,652.19,-64.00,791.06,201.95,1,-1,-1,-1
135,33,822.05,-13.96,952.05,216.05,1,-1,-1,-1
135,50,347.45,-176.97,514.29,83.88,1,-1,-1,-1
136,1,653.33,-58.74,791.30,205.33,1,-1,-1,-1
136,33,812.63,-8.62,945.03,226.72,1,-1,-1,-1
136,50,354.74,-169.37,518.01,86.31,1,-1,-1,-1
137,1,652.12,-59.47,792.92,210.50,1,-1,-1,-1
137,33,807.06,-2.08,939.46,233.28,1,-1,-1,-1
137,50,356.28,-172.59,520.39,84.41,1,-1,-1,-1
138,1,656.94,-53.26,796.71,214.33,1,-1,-1,-1
138,50,364.89,-177.81,532.28,84.28,1,-1,-1,-1
139,1,658.79,-46.99,798.07,219.65,1,-1,-1,-1
139,50,370.92,-186.37,543.64,84.81,1,-1,-1,-1
140,1,658.34,-46.70,800.27,224.86,1,-1,-1,-1
140,50,374.15,-187.08,548.54,86.72,1,-1,-1,-1
141,1,658.49,-42.09,800.69,230.00,1,-1,-1,-1
141,33,762.57,32.23,898.34,270.00,1,-1,-1,-1
141,50,383.76,-186.41,561.07,92.77,1,-1,-1,-1
142,1,659.61,-39.33,802.15,233.43,1,-1,-1,-1
142,33,751.70,38.47,891.59,281.28,1,-1,-1,-1
142,50,385.41,-185.66,565.39,99.03,1,-1,-1,-1
143,33,745.64,52.44,883.09,289.71,1,-1,-1,-1
143,50,389.77,-184.73,572.19,105.18,1,-1,-1,-1
144,33,743.24,63.43,879.95,298.54,1,-1,-1,-1
144,50,391.21,-185.66,574.07,107.44,1,-1,-1,-1
145,33,737.96,75.86,874.42,310.17,1,-1,-1,-1
145,50,402.98,-136.54,571.05,132.28,1,-1,-1,-1
146,33,736.07,89.48,871.46,322.18,1,-1,-1,-1
146,50,405.50,-119.80,571.35,145.95,1,-1,-1,-1
147,33,732.47,100.90,865.80,331.00,1,-1,-1,-1
147,50,407.01,-108.61,570.65,154.03,1,-1,-1,-1
148,33,727.12,113.45,858.88,341.94,1,-1,-1,-1
148,50,402.85,-104.69,565.46,158.13,1,-1,-1,-1
148,53,862.05,-47.26,937.74,124.54,1,-1,-1,-1
149,1,555.17,-3.81,687.62,251.31,1,-1,-1,-1
149,33,721.22,123.76,851.36,351.00,1,-1,-1,-1
149,50,402.99,-96.16,561.58,162.08,1,-1,-1,-1
149,53,862.59,-37.44,935.94,129.06,1,-1,-1,-1
150,1,549.66,0.06,680.23,251.22,1,-1,-1,-1
150,33,712.96,129.89,845.76,362.68,1,-1,-1,-1
150,50,403.86,-87.88,559.07,166.64,1,-1,-1,-1
150,53,862.10,-29.87,935.23,136.17,1,-1,-1,-1
151,1,547.77,5.37,677.86,255.98,1,-1,-1,-1
151,33,709.93,140.43,843.36,375.30,1,-1,-1,-1
151,50,404.20,-81.05,557.95,172.78,1,-1,-1,-1
151,53,862.77,-21.16,934.90,142.58,1,-1,-1,-1
152,1,547.49,12.51,677.06,262.30,1,-1,-1,-1
152,33,703.72,148.03,838.77,386.33,1,-1,-1,-1
152,50,406.02,-74.32,559.17,178.51,1,-1,-1,-1
152,53,861.69,-16.33,936.13,152.29,1,-1,-1,-1
153,1,547.15,19.01,676.90,269.21,1,-1,-1,-1
153,33,697.24,159.76,831.07,396.73,1,-1,-1,-1
153,53,861.97,-7.34,935.22,158.22,1,-1,-1,-1
154,1,546.98,24.59,678.02,276.99,1,-1,-1,-1
154,33,689.72,168.47,825.09,408.20,1,-1,-1,-1
154,53,862.13,2.52,935.52,168.29,1,-1,-1,-1
155,1,549.25,27.83,684.46,288.37,1,-1,-1,-1
155,33,683.50,177.98,819.20,418.30,1,-1,-1,-1
155,53,862.19,7.85,935.65,173.71,1,-1,-1,-1
156,1,551.69,35.45,686.19,295.12,1,-1,-1,-1
156,50,418.85,-49.79,569.19,199.20,1,-1,-1,-1
156,53,862.59,18.27,935.32,182.16,1,-1,-1,-1
157,1,548.56,40.44,683.20,300.38,1,-1,-1,-1
157,50,428.63,-43.78,580.03,207.00,1,-1,-1,-1
157,53,862.10,25.20,935.85,191.05,1,-1,-1,-1
158,1,552.48,52.89,688.24,315.27,1,-1,-1,-1
158,50,431.74,-37.32,582.72,212.76,1,-1,-1,-1
158,53,862.13,33.50,935.83,198.75,1,-1,-1,-1
159,1,557.77,61.58,693.09,323.87,1,-1,-1,-1
159,53,862.42,41.64,935.54,205.34,1,-1,-1,-1
160,1,556.16,67.67,691.71,330.39,1,-1,-1,-1
160,50,441.29,-35.09,601.68,229.13,1,-1,-1,-1
160,53,863.63,52.39,934.34,210.17,1,-1,-1,-1
161,1,565.57,76.28,701.20,339.32,1,-1,-1,-1
161,50,442.57,-30.58,604.92,237.14,1,-1,-1,-1
161,53,862.62,58.74,934.68,219.05,1,-1,-1,-1
162,1,566.79,83.55,703.95,348.73,1,-1,-1,-1
162,50,445.82,-25.29,608.88,243.57,1,-1,-1,-1
162,53,864.42,72.79,933.30,225.40,1,-1,-1,-1
163,1,573.27,93.96,708.12,353.29,1,-1,-1,-1
163,50,448.38,-18.46,611.28,251.55,1,-1,-1,-1
163,53,865.34,83.80,932.55,231.46,1,-1,-1,-1
164,1,573.76,100.83,708.56,360.07,1,-1,-1,-1
164,50,448.70,-13.68,613.49,260.73,1,-1,-1,-1
164,53,866.04,92.87,932.60,238.12,1,-1,-1,-1
165,50,447.62,-14.00,615.39,267.85,1,-1,-1,-1
165,53,866.14,101.22,932.76,245.68,1,-1,-1,-1
166,50,452.16,-9.07,619.43,273.61,1,-1,-1,-1
166,53,865.76,109.32,932.56,253.56,1,-1,-1,-1
167,1,599.17,137.90,725.75,378.27,1,-1,-1,-1
167,33,585.92,320.39,716.28,551.73,1,-1,-1,-1
167,50,454.97,-1.48,619.70,278.17,1,-1,-1,-1
167,53,866.20,116.66,933.25,260.88,1,-1,-1,-1
168,1,608.75,150.35,731.78,381.41,1,-1,-1,-1
168,33,578.25,331.67,708.38,562.60,1,-1,-1,-1
168,50,457.58,7.82,618.00,281.61,1,-1,-1,-1
168,53,865.26,125.73,933.93,272.68,1,-1,-1,-1
169,1,612.44,159.24,734.04,387.61,1,-1,-1,-1
169,50,460.24,18.42,615.44,285.29,1,-1,-1,-1
169,53,865.83,136.09,933.27,279.46,1,-1,-1,-1
170,50,462.29,24.16,613.21,285.74,1,-1,-1,-1
170,53,865.88,144.29,933.18,287.01,1,-1,-1,-1
170,59,743.11,160.58,884.12,408.89,1,-1,-1,-1
171,1,631.73,164.93,761.69,410.35,1,-1,-1,-1
171,50,462.72,29.40,612.52,290.36,1,-1,-1,-1
171,53,865.63,151.00,934.07,295.53,1,-1,-1,-1
171,59,745.15,166.43,883.28,410.85,1,-1,-1,-1
172,1,640.84,173.49,768.95,417.24,1,-1,-1,-1
172,50,464.78,35.33,614.19,295.61,1,-1,-1,-1
172,53,865.65,157.18,934.95,303.74,1,-1,-1,-1
172,59,745.87,172.51,883.52,417.86,1,-1,-1,-1
173,1,649.45,181.71,775.99,423.52,1,-1,-1,-1
173,50,467.30,35.57,618.77,300.97,1,-1,-1,-1
173,53,866.20,166.45,934.08,309.84,1,-1,-1,-1
173,59,750.68,182.17,888.24,429.30,1,-1,-1,-1
174,1,656.73,188.48,783.45,430.90,1,-1,-1,-1
174,50,473.69,41.63,624.45,306.75,1,-1,-1,-1
174,53,866.76,174.26,934.06,316.47,1,-1,-1,-1
174,59,757.77,190.18,894.15,437.25,1,-1,-1,-1
175,1,660.05,195.37,786.57,438.04,1,-1,-1,-1
175,50,480.62,48.33,631.04,313.35,1,-1,-1,-1
175,53,867.23,182.18,933.78,322.64,1,-1,-1,-1
175,59,766.30,196.21,899.75,439.80,1,-1,-1,-1
176,1,665.62,202.89,791.98,445.25,1,-1,-1,-1
176,50,484.25,57.26,632.29,318.27,1,-1,-1,-1
176,53,869.72,186.80,938.68,331.99,1,-1,-1,-1
176,59,773.51,200.14,907.70,447.26,1,-1,-1,-1
177,50,490.29,65.72,637.15,323.89,1,-1,-1,-1
177,53,870.52,194.21,939.29,339.18,1,-1,-1,-1
177,59,781.42,207.40,914.45,453.80,1,-1,-1,-1
178,50,497.72,73.97,642.88,328.44,1,-1,-1,-1
178,53,870.84,200.01,940.77,347.56,1,-1,-1,-1
178,59,797.94,214.54,931.28,459.99,1,-1,-1,-1
179,50,504.40,81.47,650.19,335.92,1,-1,-1,-1
179,53,870.19,205.88,941.42,356.37,1,-1,-1,-1
179,59,807.53,220.28,943.07,468.07,1,-1,-1,-1
180,50,511.70,89.34,657.12,341.83,1,-1,-1,-1
180,53,869.32,209.82,943.56,367.30,1,-1,-1,-1
180,59,818.51,223.52,958.86,477.49,1,-1,-1,-1
181,50,512.56,93.35,661.94,352.47,1,-1,-1,-1
181,53,868.41,215.65,943.63,375.78,1,-1,-1,-1
181,59,826.84,229.79,969.32,485.41,1,-1,-1,-1
182,50,517.21,99.26,668.35,360.86,1,-1,-1,-1
182,53,867.25,218.29,946.36,387.86,1,-1,-1,-1
182,59,834.38,235.71,977.43,492.34,1,-1,-1,-1
183,1,698.32,237.83,830.93,492.16,1,-1,-1,-1
183,33,419.15,510.88,569.60,773.44,1,-1,-1,-1
183,50,519.08,101.26,671.04,365.13,1,-1,-1,-1
183,53,864.65,219.16,948.91,400.60,1,-1,-1,-1
184,1,703.26,237.89,838.04,497.68,1,-1,-1,-1
184,33,409.04,522.73,560.48,787.02,1,-1,-1,-1
184,50,519.53,105.73,672.00,371.77,1,-1,-1,-1
184,53,863.39,226.31,950.12,413.61,1,-1,-1,-1
185,1,711.03,244.47,844.24,503.51,1,-1,-1,-1
185,50,525.20,113.78,675.11,376.04,1,-1,-1,-1
185,53,863.03,232.37,951.24,422.87,1,-1,-1,-1
186,1,718.66,250.70,850.72,509.42,1,-1,-1,-1
186,50,527.01,120.58,676.32,383.35,1,-1,-1,-1
187,1,726.81,256.81,857.38,515.36,1,-1,-1,-1
187,33,381.50,559.78,534.85,825.35,1,-1,-1,-1
187,50,530.14,130.84,674.73,386.54,1,-1,-1,-1
188,1,739.51,265.49,867.00,520.65,1,-1,-1,-1
188,33,372.75,567.82,528.52,835.50,1,-1,-1,-1
188,50,531.53,139.12,673.58,392.13,1,-1,-1,-1
189,1,745.59,273.84,870.21,525.70,1,-1,-1,-1
189,33,359.52,577.83,517.48,849.51,1,-1,-1,-1
189,50,532.80,147.94,671.51,396.65,1,-1,-1,-1
190,1,751.84,280.17,876.42,531.97,1,-1,-1,-1
190,33,349.48,589.26,508.45,862.67,1,-1,-1,-1
190,50,533.29,150.96,671.15,400.10,1,-1,-1,-1
191,50,533.00,155.82,670.65,407.17,1,-1,-1,-1
191,59,868.77,272.56,1017.49,546.29,1,-1,-1,-1
192,33,308.39,596.95,485.62,901.56,1,-1,-1,-1
192,50,534.56,164.03,668.64,411.60,1,-1,-1,-1
192,59,875.97,279.15,1021.77,551.51,1,-1,-1,-1
192,68,1541.83,-170.43,1690.81,63.82,1,-1,-1,-1
193,33,296.35,606.93,476.12,915.92,1,-1,-1,-1
193,50,540.89,172.85,671.97,415.69,1,-1,-1,-1
193,59,892.67,287.98,1036.70,557.25,1,-1,-1,-1
193,68,1543.23,-172.84,1694.18,64.51,1,-1,-1,-1
194,33,285.39,623.86,462.54,928.54,1,-1,-1,-1
194,50,542.88,178.54,674.10,423.01,1,-1,-1,-1
194,59,903.62,297.07,1047.13,562.48,1,-1,-1,-1
195,33,281.89,634.82,457.54,936.89,1,-1,-1,-1
195,50,545.22,185.20,675.85,428.56,1,-1,-1,-1
195,59,918.42,314.88,1057.78,566.86,1,-1,-1,-1
196,33,271.50,649.10,446.80,948.88,1,-1,-1,-1
196,50,553.92,186.48,686.00,434.02,1,-1,-1,-1
196,59,921.59,317.93,1064.15,573.59,1,-1,-1,-1
197,33,263.31,663.31,438.53,961.47,1,-1,-1,-1
197,50,560.11,190.16,693.86,441.88,1,-1,-1,-1
197,59,929.12,331.47,1069.01,579.86,1,-1,-1,-1
197,68,1571.46,-173.37,1720.12,60.28,1,-1,-1,-1
197,72,858.33,329.64,939.66,499.62,1,-1,-1,-1
198,33,250.54,677.51,426.74,975.62,1,-1,-1,-1
198,50,571.49,196.65,705.84,449.20,1,-1,-1,-1
198,59,936.15,340.31,1076.00,587.30,1,-1,-1,-1
198,68,1578.82,-171.22,1726.69,60.71,1,-1,-1,-1
198,72,857.63,336.59,939.74,508.24,1,-1,-1,-1
199,33,233.90,687.07,415.73,994.30,1,-1,-1,-1
199,50,580.49,204.16,714.66,455.06,1,-1,-1,-1
199,59,932.22,340.62,1075.22,593.83,1,-1,-1,-1
199,68,1586.27,-165.78,1732.49,62.88,1,-1,-1,-1
199,72,853.78,349.58,933.14,515.96,1,-1,-1,-1
200,33,216.47,694.26,405.76,1015.27,1,-1,-1,-1
200,50,588.06,211.39,723.41,462.99,1,-1,-1,-1
200,59,929.79,343.82,1074.86,602.66,1,-1,-1,-1
200,68,1592.62,-164.48,1740.68,67.07,1,-1,-1,-1
200,72,851.32,357.17,931.52,525.54,1,-1,-1,-1
201,33,206.04,707.01,396.61,1030.66,1,-1,-1,-1
201,50,589.56,215.88,727.70,472.35,1,-1,-1,-1
201,59,933.81,348.07,1079.20,610.38,1,-1,-1,-1
201,68,1594.38,-164.01,1743.86,69.93,1,-1,-1,-1
201,72,850.61,365.03,931.05,534.14,1,-1,-1,-1
202,33,185.06,713.50,383.53,1052.97,1,-1,-1,-1
202,50,594.27,221.30,734.04,480.26,1,-1,-1,-1
202,59,940.73,354.71,1084.28,616.36,1,-1,-1,-1
202,68,1599.68,-162.53,1749.26,71.64,1,-1,-1,-1
202,72,851.14,375.06,930.29,541.73,1,-1,-1,-1
203,33,173.71,727.27,373.43,1068.19,1,-1,-1,-1
203,50,599.00,227.24,739.16,486.92,1,-1,-1,-1
203,59,943.15,356.33,1086.68,621.00,1,-1,-1,-1
203,68,1599.74,-164.64,1752.79,74.90,1,-1,-1,-1
203,72,851.84,383.11,930.40,548.94,1,-1,-1,-1
204,33,163.79,747.82,357.07,1076.77,1,-1,-1,-1
204,50,602.02,230.72,742.11,490.03,1,-1,-1,-1
204,59,948.93,361.34,1091.57,627.13,1,-1,-1,-1
204,68,1599.58,-158.87,1753.30,81.35,1,-1,-1,-1
204,72,850.87,391.37,928.88,556.05,1,-1,-1,-1
205,33,159.69,771.80,342.17,1081.96,1,-1,-1,-1
205,50,602.98,235.46,743.48,496.78,1,-1,-1,-1
205,59,955.62,367.63,1097.11,633.17,1,-1,-1,-1
205,68,1605.07,-148.75,1756.78,88.38,1,-1,-1,-1
205,72,853.86,406.35,928.81,564.64,1,-1,-1,-1
206,33,148.08,784.92,331.02,1095.85,1,-1,-1,-1
206,50,600.12,242.99,738.48,502.39,1,-1,-1,-1
206,59,961.73,371.12,1105.15,641.80,1,-1,-1,-1
206,68,1607.08,-140.29,1757.79,96.28,1,-1,-1,-1
206,72,854.69,413.76,929.80,572.68,1,-1,-1,-1
207,50,602.99,249.59,740.88,509.54,1,-1,-1,-1
207,59,967.85,371.61,1113.21,647.47,1,-1,-1,-1
207,68,1606.02,-139.86,1759.66,101.79,1,-1,-1,-1
207,72,854.96,422.22,929.46,579.35,1,-1,-1,-1
208,50,605.15,258.46,740.46,514.65,1,-1,-1,-1
208,59,973.86,370.31,1121.38,651.37,1,-1,-1,-1
208,68,1609.03,-141.74,1765.90,106.38,1,-1,-1,-1
208,72,855.61,430.36,929.52,586.22,1,-1,-1,-1
209,50,605.32,260.24,740.66,518.31,1,-1,-1,-1
209,59,981.05,374.85,1128.37,655.90,1,-1,-1,-1
209,68,1610.57,-142.54,1767.65,106.71,1,-1,-1,-1
209,72,856.12,439.04,928.64,591.81,1,-1,-1,-1
210,50,606.71,266.65,739.87,522.77,1,-1,-1,-1
210,59,983.05,373.81,1132.69,660.01,1,-1,-1,-1
210,68,1615.31,-144.89,1773.04,106.69,1,-1,-1,-1
210,72,856.53,445.91,928.80,598.28,1,-1,-1,-1
211,50,608.74,275.46,737.83,526.20,1,-1,-1,-1
211,59,988.32,374.59,1137.93,661.39,1,-1,-1,-1
211,68,1616.53,-149.12,1776.08,106.57,1,-1,-1,-1
211,72,856.70,452.80,928.88,605.08,1,-1,-1,-1
212,50,613.76,281.86,741.93,532.57,1,-1,-1,-1
212,59,995.89,379.97,1143.14,662.99,1,-1,-1,-1
212,68,1619.45,-148.46,1780.18,109.11,1,-1,-1,-1
212,72,856.77,461.12,928.29,612.03,1,-1,-1,-1
213,50,616.78,286.02,742.79,534.75,1,-1,-1,-1
213,59,1002.30,381.89,1149.08,664.04,1,-1,-1,-1
213,72,856.29,461.20,929.40,615.84,1,-1,-1,-1
214,50,623.10,293.31,746.37,538.00,1,-1,-1,-1
214,59,1003.20,378.53,1153.09,667.55,1,-1,-1,-1
214,68,1623.88,-157.06,1782.53,98.98,1,-1,-1,-1
214,72,859.73,466.16,933.47,621.46,1,-1,-1,-1
215,50,630.30,301.14,752.02,543.00,1,-1,-1,-1
215,59,1002.70,372.61,1155.12,667.44,1,-1,-1,-1
215,68,1626.83,-155.06,1780.62,95.25,1,-1,-1,-1
215,72,862.01,473.75,933.89,624.66,1,-1,-1,-1
216,50,641.05,306.47,764.53,550.67,1,-1,-1,-1
216,59,1002.64,368.94,1156.04,667.24,1,-1,-1,-1
216,68,1632.65,-153.04,1784.43,95.95,1,-1,-1,-1
216,72,861.37,474.93,935.52,630.25,1,-1,-1,-1
217,50,654.82,311.56,777.68,552.02,1,-1,-1,-1
217,59,1007.97,369.41,1159.17,664.40,1,-1,-1,-1
217,68,1635.35,-150.96,1785.09,96.19,1,-1,-1,-1
217,72,861.12,475.88,936.11,632.16,1,-1,-1,-1
218,50,663.79,315.87,788.53,557.63,1,-1,-1,-1
218,59,1011.09,369.54,1159.59,661.18,1,-1,-1,-1
218,68,1641.68,-148.21,1789.08,96.92,1,-1,-1,-1
218,72,861.55,481.73,936.42,637.75,1,-1,-1,-1
219,50,670.71,321.24,797.88,564.18,1,-1,-1,-1
219,59,1016.56,366.90,1163.70,656.54,1,-1,-1,-1
219,68,1645.49,-143.86,1788.23,95.18,1,-1,-1,-1
219,72,863.89,489.47,935.83,637.62,1,-1,-1,-1
220,50,672.78,323.04,802.15,567.78,1,-1,-1,-1
220,59,1019.96,365.87,1164.94,652.73,1,-1,-1,-1
220,68,1647.86,-141.59,1787.36,93.83,1,-1,-1,-1
220,72,864.56,495.51,935.99,642.61,1,-1,-1,-1
221,50,676.86,328.13,808.60,573.57,1,-1,-1,-1
221,59,1022.57,364.13,1163.74,645.28,1,-1,-1,-1
221,68,1649.83,-137.45,1785.71,93.32,1,-1,-1,-1
222,50,682.91,335.13,815.99,578.87,1,-1,-1,-1
222,59,1029.29,365.46,1165.87,638.43,1,-1,-1,-1
222,68,1653.83,-141.33,1790.33,91.11,1,-1,-1,-1
222,72,867.77,494.19,944.58,651.22,1,-1,-1,-1
223,50,688.81,340.63,821.65,583.95,1,-1,-1,-1
223,59,1036.51,365.94,1171.04,635.20,1,-1,-1,-1
223,68,1656.42,-143.47,1791.41,86.31,1,-1,-1,-1
223,72,868.66,498.85,945.57,656.07,1,-1,-1,-1
224,50,691.49,345.25,824.26,585.10,1,-1,-1,-1
224,59,1039.98,362.76,1173.18,630.03,1,-1,-1,-1
224,68,1657.11,-144.31,1792.54,85.85,1,-1,-1,-1
224,72,873.19,495.30,951.43,653.95,1,-1,-1,-1
225,50,697.81,348.85,829.76,585.84,1,-1,-1,-1
225,59,1044.95,358.89,1179.34,628.83,1,-1,-1,-1
225,68,1659.80,-143.93,1794.58,85.13,1,-1,-1,-1
225,72,879.19,501.06,955.99,655.35,1,-1,-1,-1
226,50,701.36,356.69,830.81,587.35,1,-1,-1,-1
226,59,1050.72,356.81,1186.05,628.43,1,-1,-1,-1
226,72,880.99,505.09,957.72,659.22,1,-1,-1,-1
227,50,701.72,358.71,831.03,589.08,1,-1,-1,-1
227,59,1057.33,352.73,1193.09,625.03,1,-1,-1,-1
228,50,707.00,360.60,834.96,588.91,1,-1,-1,-1
228,59,1063.79,349.23,1200.72,623.14,1,-1,-1,-1
229,50,704.21,364.44,832.14,593.38,1,-1,-1,-1
229,59,1065.52,342.68,1204.60,620.51,1,-1,-1,-1
230,50,707.94,367.03,834.64,594.25,1,-1,-1,-1
230,59,1070.41,339.60,1210.70,619.57,1,-1,-1,-1
231,50,709.67,372.47,834.96,597.78,1,-1,-1,-1
231,59,1072.40,334.55,1212.54,614.68,1,-1,-1,-1
232,50,713.54,372.32,840.89,602.30,1,-1,-1,-1
232,59,1078.82,334.04,1216.43,609.59,1,-1,-1,-1
233,50,720.56,374.12,846.53,601.90,1,-1,-1,-1
233,59,1081.37,329.30,1218.07,603.76,1,-1,-1,-1
234,50,723.24,373.30,849.69,602.93,1,-1,-1,-1
234,59,1086.90,324.30,1222.40,597.04,1,-1,-1,-1
235,50,728.40,373.53,855.03,603.88,1,-1,-1,-1
235,59,1093.68,321.85,1228.28,593.29,1,-1,-1,-1
236,50,734.07,375.48,862.30,608.76,1,-1,-1,-1
236,59,1095.97,315.73,1231.06,588.69,1,-1,-1,-1
237,50,741.08,376.77,869.09,609.86,1,-1,-1,-1
237,59,1096.75,308.91,1231.87,582.46,1,-1,-1,-1
238,50,747.41,372.53,876.91,608.18,1,-1,-1,-1
238,59,1101.60,303.15,1235.88,574.95,1,-1,-1,-1
239,50,754.09,369.54,885.77,607.47,1,-1,-1,-1
239,59,1103.60,300.46,1237.57,570.94,1,-1,-1,-1
239,72,907.04,531.44,976.97,668.69,1,-1,-1,-1
240,50,765.49,369.65,897.00,604.50,1,-1,-1,-1
240,59,1103.68,294.95,1238.57,566.94,1,-1,-1,-1
240,72,909.06,533.89,978.44,670.08,1,-1,-1,-1
241,50,768.72,366.98,903.29,605.93,1,-1,-1,-1
241,59,1103.92,291.69,1239.15,564.27,1,-1,-1,-1
242,50,773.27,365.30,910.49,607.08,1,-1,-1,-1
242,59,1103.38,287.31,1239.07,560.11,1,-1,-1,-1
243,50,775.65,365.94,912.82,606.82,1,-1,-1,-1
243,59,1102.32,282.50,1239.67,559.35,1,-1,-1,-1
244,50,775.13,363.53,914.68,609.30,1,-1,-1,-1
244,59,1101.19,275.56,1240.46,556.57,1,-1,-1,-1
245,50,779.56,362.61,919.60,610.20,1,-1,-1,-1
245,59,1100.94,272.41,1240.40,554.33,1,-1,-1,-1
246,50,781.92,362.25,921.10,609.18,1,-1,-1,-1
246,59,1100.85,267.43,1240.22,549.66,1,-1,-1,-1
247,50,781.53,355.53,922.58,608.09,1,-1,-1,-1
247,59,1096.48,262.40,1235.13,543.42,1,-1,-1,-1
248,50,781.12,353.00,922.50,608.95,1,-1,-1,-1
248,59,1094.29,258.69,1232.95,541.19,1,-1,-1,-1
249,50,786.43,354.01,925.19,606.65,1,-1,-1,-1
249,59,1089.30,254.14,1227.02,535.87,1,-1,-1,-1
250,50,788.44,353.12,926.59,606.38,1,-1,-1,-1
250,59,1087.31,247.97,1224.82,530.04,1,-1,-1,-1
251,50,788.72,351.49,927.35,607.58,1,-1,-1,-1
251,59,1085.82,243.16,1224.07,527.98,1,-1,-1,-1
252,50,788.92,350.25,927.97,609.33,1,-1,-1,-1
252,59,1082.13,238.87,1218.39,520.77,1,-1,-1,-1
253,50,789.03,353.07,927.95,613.25,1,-1,-1,-1
253,59,1081.06,234.79,1215.25,512.89,1,-1,-1,-1
254,50,789.08,350.90,927.06,611.45,1,-1,-1,-1
254,59,1077.65,230.77,1209.18,504.11,1,-1,-1,-1
255,50,793.79,354.69,930.38,613.35,1,-1,-1,-1
255,59,1076.53,229.45,1206.16,499.02,1,-1,-1,-1
256,50,795.40,355.50,931.64,614.71,1,-1,-1,-1
256,59,1074.48,221.80,1206.12,495.99,1,-1,-1,-1
257,50,795.42,354.49,932.53,616.51,1,-1,-1,-1
257,59,1073.67,217.77,1206.23,494.35,1,-1,-1,-1
258,50,791.53,354.11,928.07,616.51,1,-1,-1,-1
258,59,1069.47,213.12,1201.70,489.96,1,-1,-1,-1
259,50,789.36,352.66,926.90,618.44,1,-1,-1,-1
259,59,1068.50,212.19,1199.47,486.49,1,-1,-1,-1
260,50,788.49,351.46,927.06,619.80,1,-1,-1,-1
260,59,1063.16,206.72,1194.45,482.05,1,-1,-1,-1
261,50,789.09,351.05,928.39,620.81,1,-1,-1,-1
261,59,1060.45,198.87,1193.40,478.56,1,-1,-1,-1
262,59,1059.41,196.06,1192.51,476.07,1,-1,-1,-1
263,50,780.97,348.36,922.47,623.81,1,-1,-1,-1
263,59,1054.23,189.90,1188.54,472.66,1,-1,-1,-1
264,50,779.61,348.60,919.54,622.95,1,-1,-1,-1
264,59,1052.33,186.41,1187.12,470.86,1,-1,-1,-1
265,50,779.13,348.09,919.79,623.86,1,-1,-1,-1
265,59,1051.94,182.63,1185.76,465.06,1,-1,-1,-1
266,59,1047.55,177.41,1181.07,459.05,1,-1,-1,-1
267,59,1045.77,174.29,1178.92,455.61,1,-1,-1,-1
268,50,768.92,353.11,904.45,620.79,1,-1,-1,-1
268,59,1042.22,171.30,1172.57,447.86,1,-1,-1,-1
269,50,762.04,350.97,899.19,623.83,1,-1,-1,-1
269,59,1040.22,165.70,1169.69,441.12,1,-1,-1,-1
269,72,949.85,540.12,1032.16,704.01,1,-1,-1,-1
270,50,759.11,348.96,897.47,626.15,1,-1,-1,-1
270,59,1036.02,164.43,1163.63,436.79,1,-1,-1,-1
270,72,951.21,540.21,1034.05,705.17,1,-1,-1,-1
271,50,759.03,354.77,895.27,627.65,1,-1,-1,-1
271,59,1034.38,158.81,1161.62,431.36,1,-1,-1,-1
272,50,755.17,357.02,889.81,628.19,1,-1,-1,-1
272,59,1030.13,154.21,1156.09,424.86,1,-1,-1,-1
273,50,748.47,355.86,883.86,631.01,1,-1,-1,-1
273,59,1027.88,151.32,1153.56,421.29,1,-1,-1,-1
274,50,746.42,356.07,881.33,631.37,1,-1,-1,-1
274,59,1023.99,151.72,1147.25,416.82,1,-1,-1,-1
274,72,948.87,552.52,1024.24,701.08,1,-1,-1,-1
275,50,742.12,358.11,874.19,629.49,1,-1,-1,-1
275,59,1020.07,144.71,1146.25,415.35,1,-1,-1,-1
275,72,949.66,553.54,1024.76,701.57,1,-1,-1,-1
276,50,737.08,360.20,866.48,628.07,1,-1,-1,-1
276,59,1014.62,138.28,1142.15,411.64,1,-1,-1,-1
276,72,945.49,550.87,1023.18,703.63,1,-1,-1,-1
277,50,734.97,360.97,863.38,627.51,1,-1,-1,-1
277,59,1010.62,132.03,1141.45,412.38,1,-1,-1,-1
277,72,940.39,546.46,1019.95,702.07,1,-1,-1,-1
278,50,734.43,365.21,862.21,630.61,1,-1,-1,-1
278,59,1005.16,129.81,1136.83,411.48,1,-1,-1,-1
278,72,937.49,548.82,1017.88,704.14,1,-1,-1,-1
279,50,729.68,366.77,857.28,632.41,1,-1,-1,-1
279,59,998.77,125.86,1130.42,407.35,1,-1,-1,-1
279,72,932.58,548.39,1013.66,705.57,1,-1,-1,-1
280,50,728.75,369.30,854.13,630.42,1,-1,-1,-1
280,59,991.98,123.86,1123.38,404.60,1,-1,-1,-1
280,72,927.40,551.51,1006.88,705.43,1,-1,-1,-1
281,50,724.51,370.20,849.11,630.30,1,-1,-1,-1
281,59,985.29,119.96,1116.54,400.39,1,-1,-1,-1
281,72,928.39,552.02,1008.05,704.01,1,-1,-1,-1
282,50,722.76,371.16,846.97,630.23,1,-1,-1,-1
282,59,977.44,113.36,1109.69,395.63,1,-1,-1,-1
282,72,924.10,550.20,1005.93,705.46,1,-1,-1,-1
283,50,717.10,369.47,842.12,630.86,1,-1,-1,-1
283,59,970.58,111.01,1102.11,391.99,1,-1,-1,-1
283,72,921.29,548.85,1005.13,705.98,1,-1,-1,-1
284,50,710.61,368.14,836.31,632.40,1,-1,-1,-1
284,59,966.85,105.01,1099.40,387.45,1,-1,-1,-1
284,72,915.52,548.33,1000.43,706.82,1,-1,-1,-1
285,50,707.12,366.95,834.09,634.29,1,-1,-1,-1
285,59,961.26,101.58,1094.35,385.21,1,-1,-1,-1
285,72,909.00,548.13,994.54,706.46,1,-1,-1,-1
286,50,706.53,368.45,832.11,632.35,1,-1,-1,-1
286,59,954.06,94.51,1088.65,381.87,1,-1,-1,-1
286,72,905.47,548.71,991.51,705.65,1,-1,-1,-1
287,50,701.97,368.34,827.40,632.25,1,-1,-1,-1
287,59,947.61,90.01,1081.38,376.14,1,-1,-1,-1
287,72,899.33,546.28,988.08,707.97,1,-1,-1,-1
288,50,700.73,369.60,825.40,631.53,1,-1,-1,-1
288,59,945.48,89.14,1077.35,372.12,1,-1,-1,-1
288,72,897.13,548.64,984.88,705.56,1,-1,-1,-1
289,50,699.93,370.06,825.26,631.91,1,-1,-1,-1
289,59,941.23,88.99,1071.08,368.76,1,-1,-1,-1
289,72,892.36,550.23,979.86,705.26,1,-1,-1,-1
290,50,694.34,368.22,821.46,633.37,1,-1,-1,-1
290,59,936.06,87.76,1062.73,361.68,1,-1,-1,-1
290,72,889.39,551.49,977.39,705.14,1,-1,-1,-1
291,50,688.06,367.52,815.86,633.91,1,-1,-1,-1
291,59,929.52,85.46,1055.29,358.51,1,-1,-1,-1
291,72,885.13,553.27,971.88,703.76,1,-1,-1,-1
292,50,685.89,368.56,813.10,633.44,1,-1,-1,-1
292,59,927.47,82.06,1052.52,353.50,1,-1,-1,-1
292,72,878.27,551.92,965.96,703.90,1,-1,-1,-1
293,50,680.37,368.28,807.77,633.91,1,-1,-1,-1
293,59,922.68,78.26,1047.95,351.78,1,-1,-1,-1
293,72,871.92,552.08,959.20,703.96,1,-1,-1,-1
294,50,679.00,370.15,804.65,632.10,1,-1,-1,-1
294,59,920.38,74.31,1045.12,347.31,1,-1,-1,-1
294,72,864.77,552.12,951.74,704.64,1,-1,-1,-1
295,50,674.08,370.18,799.54,632.06,1,-1,-1,-1
295,59,915.77,71.63,1040.24,345.12,1,-1,-1,-1
295,72,858.59,552.79,944.78,704.90,1,-1,-1,-1
296,50,671.93,374.15,797.52,636.01,1,-1,-1,-1
296,59,913.53,67.44,1037.95,340.47,1,-1,-1,-1
296,72,855.71,554.36,939.74,703.67,1,-1,-1,-1
297,50,671.30,376.29,796.86,636.84,1,-1,-1,-1
297,59,908.14,64.00,1033.39,339.52,1,-1,-1,-1
297,72,850.61,554.93,933.57,703.87,1,-1,-1,-1
298,50,666.68,377.07,792.64,637.13,1,-1,-1,-1
298,59,906.16,62.18,1031.95,338.64,1,-1,-1,-1
298,72,844.92,553.80,928.10,704.61,1,-1,-1,-1
299,50,660.78,377.99,786.19,637.21,1,-1,-1,-1
299,59,901.32,58.31,1027.26,335.14,1,-1,-1,-1
299,72,842.19,552.71,925.64,705.55,1,-1,-1,-1
300,50,657.64,377.64,784.28,638.55,1,-1,-1,-1
300,59,898.98,55.66,1025.66,334.60,1,-1,-1,-1
300,72,837.07,552.28,920.58,706.56,1,-1,-1,-1
301,50,650.99,374.83,780.04,641.02,1,-1,-1,-1
301,59,898.47,54.12,1024.98,332.54,1,-1,-1,-1
301,72,835.32,556.72,916.83,708.25,1,-1,-1,-1
302,50,649.72,377.03,776.78,638.65,1,-1,-1,-1
302,59,898.33,51.02,1024.33,327.25,1,-1,-1,-1
302,72,831.13,557.75,912.03,708.88,1,-1,-1,-1
303,50,644.53,377.86,771.96,639.03,1,-1,-1,-1
303,59,894.35,48.65,1020.35,325.37,1,-1,-1,-1
303,72,829.90,559.44,909.55,708.44,1,-1,-1,-1
304,50,642.51,382.12,770.50,642.46,1,-1,-1,-1
304,59,893.07,44.56,1018.88,320.81,1,-1,-1,-1
304,72,824.94,560.05,904.16,708.93,1,-1,-1,-1
305,50,637.37,381.05,765.34,639.76,1,-1,-1,-1
305,59,892.71,42.48,1018.47,318.54,1,-1,-1,-1
305,72,823.23,560.25,902.31,709.09,1,-1,-1,-1
306,50,634.66,383.93,763.79,642.70,1,-1,-1,-1
306,59,892.89,43.13,1016.90,315.16,1,-1,-1,-1
306,72,822.19,560.30,901.67,710.47,1,-1,-1,-1
307,50,629.26,384.98,759.24,644.45,1,-1,-1,-1
307,59,889.23,40.84,1012.31,310.03,1,-1,-1,-1
307,72,817.73,560.96,897.19,710.97,1,-1,-1,-1
308,50,624.31,388.64,751.47,641.77,1,-1,-1,-1
308,59,887.84,40.09,1010.15,306.90,1,-1,-1,-1
308,72,810.41,559.86,891.49,713.13,1,-1,-1,-1
309,50,622.22,390.65,748.41,641.39,1,-1,-1,-1
309,59,887.18,39.24,1009.04,304.53,1,-1,-1,-1
309,72,808.14,564.68,887.80,715.23,1,-1,-1,-1
310,50,618.69,392.03,744.33,641.70,1,-1,-1,-1
310,59,882.59,35.69,1004.52,300.45,1,-1,-1,-1
310,72,803.64,567.84,881.76,715.35,1,-1,-1,-1
311,50,614.06,393.87,743.38,649.07,1,-1,-1,-1
311,59,880.11,33.12,1003.12,299.71,1,-1,-1,-1
311,72,797.76,569.66,876.02,716.69,1,-1,-1,-1
312,50,608.15,395.10,737.83,650.05,1,-1,-1,-1
312,59,878.23,29.59,1003.74,300.87,1,-1,-1,-1
312,72,795.72,574.27,873.37,719.82,1,-1,-1,-1
313,50,606.53,397.50,735.50,648.39,1,-1,-1,-1
313,59,876.53,23.75,1004.49,299.43,1,-1,-1,-1
313,72,793.62,575.29,873.39,722.96,1,-1,-1,-1
314,50,603.02,399.02,731.61,649.16,1,-1,-1,-1
314,59,871.98,20.96,1000.97,298.97,1,-1,-1,-1
314,72,787.18,574.96,870.72,726.07,1,-1,-1,-1
315,59,869.46,19.35,999.26,298.89,1,-1,-1,-1
315,72,782.88,574.78,869.86,727.85,1,-1,-1,-1
316,59,867.74,17.53,998.89,298.94,1,-1,-1,-1
316,72,773.56,579.91,860.44,731.75,1,-1,-1,-1
317,50,591.31,409.29,723.40,661.72,1,-1,-1,-1
317,59,863.15,16.93,994.32,298.37,1,-1,-1,-1
317,72,769.25,581.49,856.25,733.54,1,-1,-1,-1
318,50,587.80,411.36,719.73,663.48,1,-1,-1,-1
318,59,856.65,12.20,988.96,296.25,1,-1,-1,-1
318,72,763.66,588.46,849.44,737.41,1,-1,-1,-1
319,59,850.51,9.84,982.26,294.19,1,-1,-1,-1
319,72,759.25,590.60,844.95,739.41,1,-1,-1,-1
320,59,847.38,7.73,980.06,294.79,1,-1,-1,-1
321,59,845.48,3.09,979.50,292.45,1,-1,-1,-1
322,59,840.92,2.07,974.17,289.65,1,-1,-1,-1
323,59,838.83,1.80,972.07,288.64,1,-1,-1,-1
324,59,833.67,0.47,967.31,288.32,1,-1,-1,-1
325,59,829.16,2.03,959.74,284.97,1,-1,-1,-1
326,59,826.97,0.06,956.29,280.44,1,-1,-1,-1
327,59,823.47,1.39,949.32,275.49,1,-1,-1,-1
328,59,822.36,1.97,946.80,273.72,1,-1,-1,-1
329,59,821.94,2.90,945.47,272.48,1,-1,-1,-1
330,59,816.54,1.30,941.16,274.11,1,-1,-1,-1
331,59,814.93,1.40,939.38,273.46,1,-1,-1,-1
332,59,814.02,0.16,939.28,273.95,1,-1,-1,-1
333,59,814.23,0.38,939.58,273.52,1,-1,-1,-1
334,59,814.58,2.50,938.98,272.09,1,-1,-1,-1
335,59,814.42,3.33,939.26,272.27,1,-1,-1,-1
336,59,813.61,2.33,940.27,273.71,1,-1,-1,-1
337,59,812.56,0.64,941.53,275.61,1,-1,-1,-1
338,59,808.09,0.68,936.99,275.69,1,-1,-1,-1
339,59,806.50,0.06,935.94,276.40,1,-1,-1,-1
340,59,806.25,0.50,935.32,276.03,1,-1,-1,-1
341,59,805.58,0.03,935.15,276.56,1,-1,-1,-1
342,59,805.69,0.53,934.84,275.45,1,-1,-1,-1
343,59,805.87,1.39,934.71,274.38,1,-1,-1,-1
344,59,805.68,1.73,934.35,273.33,1,-1,-1,-1
345,59,805.93,2.53,933.99,271.62,1,-1,-1,-1
346,59,805.92,3.50,934.06,271.67,1,-1,-1,-1
347,59,805.49,2.53,934.57,272.37,1,-1,-1,-1
348,59,805.32,2.17,934.84,272.65,1,-1,-1,-1
349,59,805.25,2.03,935.00,272.77,1,-1,-1,-1
350,59,805.21,1.98,935.13,272.83,1,-1,-1,-1
351,59,805.19,1.97,935.22,272.86,1,-1,-1,-1
352,59,805.18,1.97,935.31,272.88,1,-1,-1,-1
353,59,799.23,2.63,932.72,280.83,1,-1,-1,-1
354,59,796.55,2.88,931.59,284.46,1,-1,-1,-1
355,59,790.80,1.01,928.07,288.44,1,-1,-1,-1
356,59,788.21,0.30,926.56,290.58,1,-1,-1,-1
357,59,787.24,0.68,925.39,290.69,1,-1,-1,-1
358,59,786.83,0.84,925.10,291.34,1,-1,-1,-1
359,59,782.64,0.90,920.59,291.53,1,-1,-1,-1
360,59,781.63,2.90,917.72,289.59,1,-1,-1,-1
361,59,782.83,9.63,915.85,290.13,1,-1,-1,-1
362,59,784.33,15.48,913.57,287.64,1,-1,-1,-1
363,59,783.20,16.87,911.97,288.04,1,-1,-1,-1
366,59,783.90,23.68,913.80,295.27,1,-1,-1,-1
367,59,788.91,28.54,919.48,299.52,1,-1,-1,-1
368,59,790.36,30.18,921.65,300.96,1,-1,-1,-1
369,59,794.73,35.36,927.24,306.08,1,-1,-1,-1
370,59,796.05,37.23,929.66,307.95,1,-1,-1,-1
371,59,796.25,37.84,930.82,308.59,1,-1,-1,-1
372,59,796.25,43.95,931.27,314.72,1,-1,-1,-1
373,59,796.10,46.16,931.53,316.96,1,-1,-1,-1
374,59,795.92,46.90,931.71,317.72,1,-1,-1,-1
375,59,795.74,47.08,931.84,317.93,1,-1,-1,-1
376,59,795.56,47.07,931.96,317.93,1,-1,-1,-1
377,59,795.41,46.98,932.06,317.86,1,-1,-1,-1
378,59,795.26,46.88,932.14,317.77,1,-1,-1,-1
379,59,795.14,46.78,932.22,317.69,1,-1,-1,-1
380,59,795.02,46.69,932.30,317.61,1,-1,-1,-1
381,59,794.92,46.61,932.36,317.54,1,-1,-1,-1
382,59,794.83,46.54,932.42,317.48,1,-1,-1,-1
383,59,794.74,46.48,932.47,317.42,1,-1,-1,-1
384,59,794.67,46.42,932.52,317.37,1,-1,-1,-1
385,59,794.60,46.37,932.57,317.33,1,-1,-1,-1
386,59,806.48,72.76,949.09,355.62,1,-1,-1,-1
387,59,811.29,82.57,954.83,369.85,1,-1,-1,-1
388,59,813.45,86.23,956.64,375.19,1,-1,-1,-1
389,59,814.52,87.48,956.93,377.02,1,-1,-1,-1
390,59,815.15,87.81,956.66,377.50,1,-1,-1,-1
391,59,815.59,87.79,956.23,377.50,1,-1,-1,-1
392,59,815.93,87.66,955.75,377.32,1,-1,-1,-1
393,59,816.23,87.50,955.30,377.09,1,-1,-1,-1
394,59,820.74,100.51,960.50,392.67,1,-1,-1,-1
395,59,828.13,111.90,965.22,399.75,1,-1,-1,-1
396,59,831.50,118.09,966.34,401.58,1,-1,-1,-1
396,121,733.58,-157.14,867.95,103.44,1,-1,-1,-1
397,59,833.15,120.90,966.87,402.07,1,-1,-1,-1
397,121,725.84,-153.05,861.26,109.48,1,-1,-1,-1
398,59,835.21,125.28,968.81,406.22,1,-1,-1,-1
398,121,730.20,-116.17,853.12,121.24,1,-1,-1,-1
399,59,834.99,129.15,965.97,405.38,1,-1,-1,-1
399,121,726.83,-99.34,846.24,131.38,1,-1,-1,-1
400,59,840.99,137.93,968.53,406.95,1,-1,-1,-1
400,121,721.64,-87.30,838.37,138.59,1,-1,-1,-1
401,59,842.31,140.23,970.13,409.43,1,-1,-1,-1
401,121,718.36,-81.04,836.20,147.71,1,-1,-1,-1
402,59,843.42,145.59,970.64,413.57,1,-1,-1,-1
402,121,719.09,-71.07,833.89,153.32,1,-1,-1,-1
403,59,847.55,146.74,976.29,417.65,1,-1,-1,-1
403,121,716.74,-57.04,827.15,160.42,1,-1,-1,-1
404,59,854.33,152.31,982.95,421.70,1,-1,-1,-1
404,121,711.59,-47.06,820.40,168.79,1,-1,-1,-1
405,59,862.19,160.22,989.29,425.07,1,-1,-1,-1
405,121,710.56,-37.15,816.81,174.87,1,-1,-1,-1
406,59,862.97,160.33,993.61,430.86,1,-1,-1,-1
406,121,704.89,-26.57,811.62,187.64,1,-1,-1,-1
407,59,868.47,166.17,999.06,434.88,1,-1,-1,-1
407,121,700.37,-22.47,811.81,202.07,1,-1,-1,-1
408,59,866.64,170.86,995.50,435.57,1,-1,-1,-1
408,121,694.22,-12.03,806.69,215.04,1,-1,-1,-1
409,59,869.44,173.77,999.72,441.67,1,-1,-1,-1
409,121,686.26,-5.18,802.08,228.20,1,-1,-1,-1
410,59,874.36,173.40,1006.47,445.80,1,-1,-1,-1
410,121,683.26,5.59,799.29,239.40,1,-1,-1,-1
411,59,875.80,172.45,1009.24,448.55,1,-1,-1,-1
411,121,677.16,12.59,794.97,251.18,1,-1,-1,-1
412,59,881.90,174.58,1013.70,447.48,1,-1,-1,-1
412,121,671.04,21.46,788.26,259.22,1,-1,-1,-1
413,59,885.53,181.21,1014.52,448.90,1,-1,-1,-1
413,121,670.23,34.33,784.50,267.80,1,-1,-1,-1
414,59,891.29,184.90,1018.81,449.30,1,-1,-1,-1
414,121,665.36,44.77,778.07,275.92,1,-1,-1,-1
415,59,893.97,187.48,1020.30,448.67,1,-1,-1,-1
415,121,660.81,58.26,770.76,285.23,1,-1,-1,-1
416,59,899.17,191.63,1025.05,452.33,1,-1,-1,-1
416,121,658.57,68.23,767.58,294.31,1,-1,-1,-1
417,59,906.06,194.38,1031.60,453.60,1,-1,-1,-1
417,121,654.43,79.53,760.06,299.33,1,-1,-1,-1
418,59,908.27,197.27,1034.81,459.30,1,-1,-1,-1
418,121,646.09,96.04,746.98,305.46,1,-1,-1,-1
419,59,912.49,196.91,1041.61,463.99,1,-1,-1,-1
419,121,638.44,107.75,737.63,312.71,1,-1,-1,-1
420,59,917.31,198.63,1049.23,471.58,1,-1,-1,-1
420,121,630.81,108.18,738.18,328.53,1,-1,-1,-1
421,59,918.57,198.53,1053.09,476.32,1,-1,-1,-1
421,121,622.67,115.42,734.76,344.51,1,-1,-1,-1
422,59,922.95,199.05,1058.86,478.66,1,-1,-1,-1
422,121,615.40,126.30,728.85,357.51,1,-1,-1,-1
423,59,924.08,198.49,1061.32,480.08,1,-1,-1,-1
423,121,608.91,137.97,721.52,365.39,1,-1,-1,-1
424,59,924.28,197.55,1062.85,481.15,1,-1,-1,-1
424,121,603.13,147.90,715.91,375.65,1,-1,-1,-1
425,59,928.59,196.46,1068.10,481.44,1,-1,-1,-1
426,59,930.69,197.30,1069.38,480.13,1,-1,-1,-1
427,59,931.21,196.24,1069.85,479.52,1,-1,-1,-1
428,59,936.24,197.11,1073.51,477.89,1,-1,-1,-1
429,59,938.03,192.77,1075.42,474.54,1,-1,-1,-1
429,129,717.73,188.72,855.41,426.36,1,-1,-1,-1
430,59,939.26,191.11,1075.36,471.92,1,-1,-1,-1
430,129,711.04,196.43,847.96,433.20,1,-1,-1,-1
431,59,940.47,187.16,1075.01,466.26,1,-1,-1,-1
431,129,706.83,200.91,844.18,438.41,1,-1,-1,-1
432,59,941.34,185.66,1073.58,462.11,1,-1,-1,-1
433,59,946.87,186.43,1076.26,458.56,1,-1,-1,-1
434,59,948.67,180.74,1078.69,455.92,1,-1,-1,-1
434,129,683.78,226.20,817.92,460.56,1,-1,-1,-1
435,59,954.49,179.96,1082.86,452.98,1,-1,-1,-1
435,129,683.31,236.44,813.06,464.79,1,-1,-1,-1
436,59,957.40,179.70,1084.20,450.59,1,-1,-1,-1
436,129,678.82,243.80,807.00,470.91,1,-1,-1,-1
437,59,957.77,174.32,1085.21,447.74,1,-1,-1,-1
437,129,677.99,248.22,804.45,473.57,1,-1,-1,-1
438,59,967.39,173.67,1093.76,444.75,1,-1,-1,-1
438,129,678.70,255.62,802.96,477.67,1,-1,-1,-1
439,59,971.24,172.15,1097.26,443.68,1,-1,-1,-1
439,129,674.80,262.35,798.27,482.96,1,-1,-1,-1
440,59,972.50,166.99,1099.18,440.69,1,-1,-1,-1
440,129,674.26,270.61,796.20,488.85,1,-1,-1,-1
441,59,977.02,163.12,1104.20,438.97,1,-1,-1,-1
441,129,673.32,277.85,795.06,494.76,1,-1,-1,-1
442,59,978.64,157.11,1106.62,435.75,1,-1,-1,-1
442,129,667.38,278.22,791.68,500.06,1,-1,-1,-1
443,59,985.20,157.54,1109.90,429.99,1,-1,-1,-1
443,129,663.88,284.36,787.78,505.48,1,-1,-1,-1
444,59,987.93,153.82,1111.31,424.56,1,-1,-1,-1
445,59,992.39,145.22,1117.45,420.63,1,-1,-1,-1
445,129,654.42,294.40,775.76,510.95,1,-1,-1,-1
446,59,999.64,144.06,1122.50,415.30,1,-1,-1,-1
446,129,647.83,300.78,768.66,516.63,1,-1,-1,-1
447,59,1002.74,138.44,1125.12,409.41,1,-1,-1,-1
447,129,640.90,306.25,762.35,523.86,1,-1,-1,-1
448,59,1007.86,132.47,1129.81,402.69,1,-1,-1,-1
448,129,636.47,312.15,757.53,529.07,1,-1,-1,-1
449,59,1009.51,125.71,1132.24,396.98,1,-1,-1,-1
450,59,1014.76,122.64,1137.51,393.66,1,-1,-1,-1
450,129,627.24,319.75,756.32,550.95,1,-1,-1,-1
451,59,1016.08,115.67,1140.54,390.57,1,-1,-1,-1
451,129,619.16,321.74,754.55,563.11,1,-1,-1,-1
452,59,1020.97,112.52,1146.24,388.88,1,-1,-1,-1
452,129,622.21,327.60,756.43,564.21,1,-1,-1,-1
453,59,1021.95,106.21,1149.01,385.76,1,-1,-1,-1
453,129,622.77,334.24,758.24,568.89,1,-1,-1,-1
454,59,1026.45,103.97,1154.20,384.04,1,-1,-1,-1
454,129,623.53,343.81,757.97,572.40,1,-1,-1,-1
455,59,1028.74,102.62,1155.98,381.55,1,-1,-1,-1
455,129,617.75,353.85,755.57,584.77,1,-1,-1,-1
456,59,1029.11,98.30,1156.87,378.10,1,-1,-1,-1
456,129,615.56,362.00,754.22,593.11,1,-1,-1,-1
457,59,1028.93,94.18,1157.94,377.57,1,-1,-1,-1
457,129,611.43,372.11,748.67,599.32,1,-1,-1,-1
458,59,1031.53,87.50,1162.67,374.86,1,-1,-1,-1
458,129,604.22,378.98,742.48,606.69,1,-1,-1,-1
459,59,1027.74,79.20,1161.19,371.97,1,-1,-1,-1
459,129,598.35,387.93,734.98,612.51,1,-1,-1,-1
460,59,1030.80,76.83,1163.76,368.35,1,-1,-1,-1
460,129,596.58,397.66,730.66,617.08,1,-1,-1,-1
461,59,1027.51,70.85,1161.12,364.46,1,-1,-1,-1
461,129,586.89,405.01,720.34,623.85,1,-1,-1,-1
462,59,1026.15,64.15,1160.08,359.15,1,-1,-1,-1
462,129,579.83,413.46,710.30,628.79,1,-1,-1,-1
463,59,1030.45,61.77,1163.26,355.28,1,-1,-1,-1
463,129,575.27,420.96,705.03,635.11,1,-1,-1,-1
464,59,1032.69,59.73,1163.08,347.35,1,-1,-1,-1
465,59,1035.41,61.81,1161.66,339.84,1,-1,-1,-1
466,59,1035.81,58.09,1161.59,334.52,1,-1,-1,-1
467,59,1036.32,56.84,1161.10,330.71,1,-1,-1,-1
468,59,1036.43,53.18,1160.88,325.46,1,-1,-1,-1
468,129,564.65,458.97,691.66,668.86,1,-1,-1,-1
469,59,1036.31,50.61,1161.54,324.34,1,-1,-1,-1
469,129,558.59,466.16,686.86,677.89,1,-1,-1,-1
470,59,1036.28,49.78,1161.69,324.08,1,-1,-1,-1
470,129,552.98,480.53,678.89,686.88,1,-1,-1,-1
471,59,1036.07,48.26,1161.86,324.13,1,-1,-1,-1
471,129,550.77,490.94,676.35,694.64,1,-1,-1,-1
472,59,1040.34,47.80,1166.11,323.62,1,-1,-1,-1
472,129,547.15,499.45,671.86,701.74,1,-1,-1,-1
473,59,1041.23,42.44,1169.04,322.23,1,-1,-1,-1
474,59,1040.98,39.20,1170.64,322.46,1,-1,-1,-1
475,59,1041.30,38.73,1171.39,321.99,1,-1,-1,-1
476,59,1046.25,39.33,1175.32,319.27,1,-1,-1,-1
476,129,513.17,526.60,648.04,745.65,1,-1,-1,-1
477,59,1048.01,39.00,1176.83,318.33,1,-1,-1,-1
477,129,507.08,542.15,638.50,754.07,1,-1,-1,-1
478,59,1047.80,34.33,1178.16,316.08,1,-1,-1,-1
478,129,496.31,557.57,625.90,764.21,1,-1,-1,-1
479,59,1048.31,33.97,1177.98,313.33,1,-1,-1,-1
479,129,484.91,564.29,619.06,776.31,1,-1,-1,-1
480,59,1048.26,32.60,1178.03,312.37,1,-1,-1,-1
480,129,475.97,571.14,613.08,787.10,1,-1,-1,-1
481,59,1053.55,31.51,1181.24,305.48,1,-1,-1,-1
481,129,471.28,580.63,611.88,800.71,1,-1,-1,-1
482,59,1056.23,31.85,1182.35,301.63,1,-1,-1,-1
482,129,463.18,590.48,609.71,817.34,1,-1,-1,-1
483,59,1057.02,31.39,1182.85,300.30,1,-1,-1,-1
483,129,458.49,602.40,609.55,833.76,1,-1,-1,-1
484,59,1057.46,30.61,1183.44,299.91,1,-1,-1,-1
484,129,451.19,613.18,607.62,851.43,1,-1,-1,-1
485,59,1057.61,30.38,1183.57,299.19,1,-1,-1,-1
485,129,450.00,629.97,604.97,863.05,1,-1,-1,-1
486,59,1057.65,30.35,1183.54,299.01,1,-1,-1,-1
486,129,445.54,646.62,599.94,876.23,1,-1,-1,-1
487,59,1056.76,29.06,1184.34,301.01,1,-1,-1,-1
487,129,437.04,659.78,594.69,892.65,1,-1,-1,-1
488,59,1056.83,30.59,1183.52,300.50,1,-1,-1,-1
488,129,427.27,670.28,591.11,910.88,1,-1,-1,-1
489,59,1056.58,30.56,1184.06,301.70,1,-1,-1,-1
489,129,415.74,684.98,579.06,925.24,1,-1,-1,-1
490,59,1055.80,29.92,1184.89,303.51,1,-1,-1,-1
490,129,411.66,704.63,574.44,942.70,1,-1,-1,-1
491,59,1054.87,29.05,1185.79,305.55,1,-1,-1,-1
491,129,407.53,724.19,566.53,954.76,1,-1,-1,-1
492,59,1054.97,32.69,1185.65,308.32,1,-1,-1,-1
492,129,398.47,743.72,552.24,965.38,1,-1,-1,-1
493,59,1054.43,34.11,1185.46,310.05,1,-1,-1,-1
493,129,386.81,761.84,536.91,976.81,1,-1,-1,-1
494,59,1049.82,35.32,1181.18,311.37,1,-1,-1,-1
494,129,372.78,776.02,523.40,991.92,1,-1,-1,-1
495,59,1047.50,35.12,1180.12,313.18,1,-1,-1,-1
495,129,362.98,783.41,522.97,1013.69,1,-1,-1,-1
496,59,1046.81,35.70,1179.54,313.20,1,-1,-1,-1
496,129,353.33,792.39,519.38,1033.14,1,-1,-1,-1
497,59,1045.55,34.60,1179.68,314.51,1,-1,-1,-1
497,129,345.02,805.29,512.37,1047.92,1,-1,-1,-1
498,59,1045.82,36.81,1178.36,312.36,1,-1,-1,-1
499,59,1046.77,40.32,1177.04,309.53,1,-1,-1,-1
500,59,1046.59,40.86,1176.52,309.38,1,-1,-1,-1
519,59,1063.03,98.65,1189.65,362.58,1,-1,-1,-1
520,59,1063.80,101.53,1190.30,365.20,1,-1,-1,-1
521,139,935.76,110.13,1061.24,366.08,1,-1,-1,-1
522,139,935.79,110.37,1061.21,366.23,1,-1,-1,-1
523,139,935.80,110.37,1061.20,366.23,1,-1,-1,-1
524,139,935.81,110.31,1061.19,366.20,1,-1,-1,-1
525,139,935.82,110.26,1061.18,366.16,1,-1,-1,-1
526,139,935.83,110.22,1061.17,366.14,1,-1,-1,-1
527,139,935.84,110.18,1061.16,366.11,1,-1,-1,-1
528,139,935.85,110.15,1061.15,366.10,1,-1,-1,-1
529,139,935.86,110.13,1061.14,366.08,1,-1,-1,-1
530,139,935.87,110.11,1061.13,366.07,1,-1,-1,-1
531,139,929.69,144.82,1058.62,408.80,1,-1,-1,-1
532,139,927.48,157.66,1057.62,424.61,1,-1,-1,-1
533,59,1054.44,164.59,1184.11,439.36,1,-1,-1,-1
533,139,926.53,163.16,1057.24,431.29,1,-1,-1,-1
533,140,373.01,-76.02,502.99,52.78,1,-1,-1,-1
533,141,1442.17,-168.24,1576.74,56.68,1,-1,-1,-1
534,59,1054.70,166.30,1183.26,441.42,1,-1,-1,-1
534,140,371.70,-78.24,504.30,53.03,1,-1,-1,-1
534,141,1442.83,-170.21,1579.53,58.16,1,-1,-1,-1
535,59,1056.57,177.43,1181.85,448.06,1,-1,-1,-1
535,140,362.82,-49.96,502.37,87.71,1,-1,-1,-1
535,141,1451.24,-169.26,1592.29,66.50,1,-1,-1,-1
536,59,1057.49,181.46,1181.14,450.36,1,-1,-1,-1
536,140,359.60,-40.02,501.82,99.77,1,-1,-1,-1
536,141,1454.15,-168.83,1596.52,69.31,1,-1,-1,-1
537,59,1058.00,182.78,1180.72,451.04,1,-1,-1,-1
537,140,358.39,-36.61,501.78,103.75,1,-1,-1,-1
537,141,1455.09,-168.60,1597.73,70.15,1,-1,-1,-1
538,59,1058.65,195.70,1180.12,460.40,1,-1,-1,-1
538,140,353.25,-22.14,498.49,120.30,1,-1,-1,-1
538,141,1451.14,-156.23,1593.25,81.86,1,-1,-1,-1
539,59,1058.21,203.03,1180.60,469.74,1,-1,-1,-1
539,140,352.45,-10.98,495.59,129.45,1,-1,-1,-1
539,141,1454.24,-147.56,1595.46,88.76,1,-1,-1,-1
540,59,1057.82,208.89,1181.67,479.00,1,-1,-1,-1
540,139,925.85,210.56,1056.74,478.96,1,-1,-1,-1
540,140,353.25,-1.06,492.91,136.44,1,-1,-1,-1
540,141,1455.51,-143.72,1595.97,91.81,1,-1,-1,-1
541,59,1057.70,210.89,1182.06,482.30,1,-1,-1,-1
541,139,925.89,212.74,1056.77,481.03,1,-1,-1,-1
541,140,353.82,2.29,491.79,138.60,1,-1,-1,-1
541,141,1455.99,-142.39,1595.94,92.74,1,-1,-1,-1
542,59,1057.68,211.43,1182.19,483.32,1,-1,-1,-1
542,139,925.89,213.53,1056.79,481.79,1,-1,-1,-1
542,140,354.27,3.22,491.28,139.02,1,-1,-1,-1
542,141,1456.18,-142.00,1595.74,92.91,1,-1,-1,-1
543,59,1059.60,220.67,1188.23,500.65,1,-1,-1,-1
543,139,919.32,223.56,1054.12,499.73,1,-1,-1,-1
543,140,348.39,16.60,487.25,154.18,1,-1,-1,-1
543,141,1459.12,-145.27,1601.97,96.14,1,-1,-1,-1
544,59,1060.22,224.01,1190.61,507.01,1,-1,-1,-1
544,139,916.86,227.16,1053.14,506.28,1,-1,-1,-1
544,140,346.24,21.37,485.79,159.57,1,-1,-1,-1
544,141,1460.34,-146.56,1604.06,97.24,1,-1,-1,-1
545,59,1060.35,225.08,1191.59,509.20,1,-1,-1,-1
545,139,915.95,228.31,1052.79,508.51,1,-1,-1,-1
545,140,345.50,22.88,485.31,161.28,1,-1,-1,-1
545,141,1460.90,-147.11,1604.61,97.52,1,-1,-1,-1
545,143,339.00,-118.00,495.00,38.00,1,-1,-1,-1
546,59,1060.56,229.69,1192.40,515.14,1,-1,-1,-1
546,139,918.95,240.36,1057.92,524.86,1,-1,-1,-1
546,140,339.62,39.69,482.27,180.77,1,-1,-1,-1
546,141,1460.05,-146.05,1605.05,100.79,1,-1,-1,-1
546,143,324.10,-107.31,489.29,57.84,1,-1,-1,-1
547,59,1059.18,240.26,1194.82,531.85,1,-1,-1,-1
547,139,916.56,249.99,1055.59,534.76,1,-1,-1,-1
547,140,339.04,53.68,477.63,191.15,1,-1,-1,-1
547,141,1466.39,-139.12,1607.63,101.27,1,-1,-1,-1
547,143,316.35,-103.17,489.00,69.22,1,-1,-1,-1
548,59,1062.49,246.49,1200.52,540.96,1,-1,-1,-1
548,139,919.41,252.79,1059.51,539.56,1,-1,-1,-1
548,140,338.18,62.68,476.68,200.69,1,-1,-1,-1
548,141,1469.02,-135.84,1608.26,101.31,1,-1,-1,-1
548,143,314.17,-79.03,480.35,86.10,1,-1,-1,-1
549,59,1059.58,253.90,1198.16,548.06,1,-1,-1,-1
549,139,917.56,265.44,1054.77,546.36,1,-1,-1,-1
549,140,335.68,75.66,470.05,209.23,1,-1,-1,-1
549,141,1466.06,-133.34,1604.32,101.89,1,-1,-1,-1
549,143,308.09,-69.57,480.83,101.63,1,-1,-1,-1
550,59,1059.73,259.42,1199.11,555.28,1,-1,-1,-1
550,139,920.64,269.35,1058.46,551.27,1,-1,-1,-1
550,140,328.54,83.53,465.87,219.40,1,-1,-1,-1
550,141,1464.21,-133.15,1602.79,102.02,1,-1,-1,-1
550,143,306.30,-60.39,479.51,110.85,1,-1,-1,-1
551,139,921.77,270.60,1059.87,552.87,1,-1,-1,-1
551,140,325.80,86.19,464.58,222.89,1,-1,-1,-1
551,141,1463.38,-133.14,1602.26,101.99,1,-1,-1,-1
551,143,305.76,-57.36,479.27,113.77,1,-1,-1,-1
552,139,918.66,282.71,1054.72,559.80,1,-1,-1,-1
552,140,324.91,98.72,462.83,233.75,1,-1,-1,-1
552,141,1458.16,-131.88,1598.28,104.56,1,-1,-1,-1
552,143,298.07,-50.56,478.25,126.46,1,-1,-1,-1
552,144,898.61,-161.00,1009.22,27.78,1,-1,-1,-1
553,139,912.74,292.37,1048.18,566.79,1,-1,-1,-1
553,140,320.11,111.10,458.22,245.48,1,-1,-1,-1
553,141,1455.93,-112.96,1595.69,119.99,1,-1,-1,-1
553,143,291.25,-43.66,474.12,135.49,1,-1,-1,-1
553,144,902.46,-154.91,1012.22,31.83,1,-1,-1,-1
554,139,910.47,300.39,1045.17,572.47,1,-1,-1,-1
554,140,317.61,120.71,456.06,254.84,1,-1,-1,-1
554,141,1453.48,-105.19,1596.96,132.42,1,-1,-1,-1
554,143,286.88,-37.38,473.23,144.46,1,-1,-1,-1
554,144,902.78,-148.50,1012.80,38.30,1,-1,-1,-1
554,145,116.74,-107.66,265.21,56.27,1,-1,-1,-1
555,139,909.55,308.44,1044.20,579.66,1,-1,-1,-1
555,140,310.70,127.29,452.80,264.64,1,-1,-1,-1
555,141,1451.12,-99.77,1598.90,143.50,1,-1,-1,-1
555,143,279.86,-31.98,469.98,153.42,1,-1,-1,-1
555,144,902.78,-147.20,1013.42,40.36,1,-1,-1,-1
555,145,110.59,-102.56,258.31,59.80,1,-1,-1,-1
555,146,1164.72,-152.59,1283.76,39.14,1,-1,-1,-1
556,139,910.09,317.82,1043.04,584.76,1,-1,-1,-1
556,140,302.55,133.41,449.44,274.59,1,-1,-1,-1
556,141,1450.29,-93.27,1600.23,152.79,1,-1,-1,-1
556,143,275.24,-26.91,469.61,162.38,1,-1,-1,-1
556,144,901.69,-146.90,1013.75,43.04,1,-1,-1,-1
556,145,112.39,-86.19,250.23,63.72,1,-1,-1,-1
556,146,1168.44,-149.63,1284.31,37.85,1,-1,-1,-1
557,139,910.08,325.72,1042.91,591.73,1,-1,-1,-1
557,140,298.65,142.63,447.84,285.90,1,-1,-1,-1
557,141,1449.48,-86.35,1599.94,160.08,1,-1,-1,-1
557,143,274.58,-20.01,468.61,169.38,1,-1,-1,-1
557,144,900.39,-148.29,1014.57,45.25,1,-1,-1,-1
557,145,108.59,-65.99,241.37,75.91,1,-1,-1,-1
557,146,1169.20,-152.73,1284.46,34.35,1,-1,-1,-1
558,139,906.78,340.35,1036.93,599.40,1,-1,-1,-1
558,140,293.66,153.04,441.82,293.83,1,-1,-1,-1
558,141,1449.05,-83.88,1600.62,163.97,1,-1,-1,-1
558,143,269.03,-13.04,465.29,178.24,1,-1,-1,-1
558,144,903.55,-148.89,1019.86,48.64,1,-1,-1,-1
558,145,105.26,-60.56,241.00,81.83,1,-1,-1,-1
558,146,1174.69,-151.71,1289.13,34.65,1,-1,-1,-1
559,139,905.37,345.51,1034.94,601.98,1,-1,-1,-1
559,140,291.51,156.65,440.02,296.44,1,-1,-1,-1
559,141,1448.84,-83.10,1600.93,165.24,1,-1,-1,-1
559,143,266.99,-10.62,464.17,181.30,1,-1,-1,-1
559,144,904.75,-149.18,1021.68,49.80,1,-1,-1,-1
559,145,103.35,-59.06,241.94,83.60,1,-1,-1,-1
559,146,1176.55,-151.45,1290.52,34.78,1,-1,-1,-1
560,139,904.70,347.10,1034.46,602.69,1,-1,-1,-1
560,140,290.47,157.69,439.82,297.09,1,-1,-1,-1
560,141,1448.72,-82.97,1601.10,165.51,1,-1,-1,-1
560,143,266.31,-9.96,463.90,182.11,1,-1,-1,-1
560,144,905.21,-149.34,1022.19,50.12,1,-1,-1,-1
560,145,101.93,-58.90,243.34,83.98,1,-1,-1,-1
560,146,1177.18,-151.43,1290.76,34.85,1,-1,-1,-1
561,139,904.32,347.41,1034.52,602.73,1,-1,-1,-1
561,140,289.87,157.79,440.19,297.02,1,-1,-1,-1
561,141,1448.64,-83.07,1601.21,165.43,1,-1,-1,-1
561,143,266.14,-9.95,463.94,182.10,1,-1,-1,-1
561,144,905.39,-149.45,1022.23,50.14,1,-1,-1,-1
561,145,100.68,-59.15,244.85,83.91,1,-1,-1,-1
561,146,1177.41,-151.48,1290.62,34.88,1,-1,-1,-1
562,139,903.51,353.72,1032.97,607.58,1,-1,-1,-1
562,140,274.79,175.38,436.25,324.44,1,-1,-1,-1
562,141,1454.50,-71.39,1603.94,172.47,1,-1,-1,-1
562,143,255.30,5.60,457.21,202.15,1,-1,-1,-1
562,144,904.73,-143.57,1023.49,60.00,1,-1,-1,-1
562,145,86.16,-53.38,241.36,98.64,1,-1,-1,-1
562,146,1174.33,-152.90,1293.54,44.42,1,-1,-1,-1
563,140,269.09,181.80,434.98,334.50,1,-1,-1,-1
563,141,1456.82,-67.09,1604.89,174.97,1,-1,-1,-1
563,143,251.46,11.32,454.56,209.53,1,-1,-1,-1
563,144,904.57,-141.39,1023.78,63.63,1,-1,-1,-1
563,145,80.31,-51.39,240.79,103.89,1,-1,-1,-1
563,146,1173.39,-153.44,1294.34,47.86,1,-1,-1,-1
564,139,887.36,374.57,1015.64,624.71,1,-1,-1,-1
564,140,267.85,193.06,433.76,346.50,1,-1,-1,-1
564,141,1459.40,-57.68,1603.51,177.73,1,-1,-1,-1
564,143,250.97,24.38,451.50,218.58,1,-1,-1,-1
564,144,909.18,-140.61,1028.32,64.90,1,-1,-1,-1
564,145,70.24,-48.21,238.11,112.28,1,-1,-1,-1
564,146,1177.66,-148.39,1298.45,53.76,1,-1,-1,-1
565,139,880.36,383.30,1007.87,630.79,1,-1,-1,-1
565,140,270.30,201.69,429.34,348.83,1,-1,-1,-1
565,141,1461.29,-52.31,1602.02,177.24,1,-1,-1,-1
565,143,247.40,34.42,446.06,224.99,1,-1,-1,-1
565,144,911.60,-139.72,1029.30,63.95,1,-1,-1,-1
565,145,54.29,-50.42,233.11,118.57,1,-1,-1,-1
565,146,1178.48,-151.11,1300.70,54.62,1,-1,-1,-1
566,139,877.86,386.19,1005.42,632.81,1,-1,-1,-1
566,140,271.47,204.62,427.73,349.24,1,-1,-1,-1
566,141,1461.91,-50.53,1601.50,176.89,1,-1,-1,-1
566,143,245.72,37.92,444.60,227.07,1,-1,-1,-1
566,144,912.56,-139.44,1029.49,63.47,1,-1,-1,-1
566,145,47.69,-51.39,231.90,120.82,1,-1,-1,-1
566,146,1178.96,-152.16,1301.28,54.88,1,-1,-1,-1
567,139,877.30,387.68,1004.37,632.69,1,-1,-1,-1
567,140,264.06,207.42,427.22,357.05,1,-1,-1,-1
567,141,1462.59,-45.36,1600.83,179.31,1,-1,-1,-1
567,143,237.43,40.95,442.67,236.17,1,-1,-1,-1
567,144,912.41,-139.38,1030.61,65.85,1,-1,-1,-1
567,145,48.78,-38.96,228.09,126.66,1,-1,-1,-1
567,146,1179.48,-149.30,1301.68,58.84,1,-1,-1,-1
568,139,876.64,387.30,1004.01,633.11,1,-1,-1,-1
568,140,268.28,223.29,419.54,361.08,1,-1,-1,-1
568,141,1461.85,-45.63,1602.21,182.10,1,-1,-1,-1
568,143,235.01,42.57,441.44,239.37,1,-1,-1,-1
568,144,910.92,-144.01,1032.38,66.67,1,-1,-1,-1
568,145,49.10,-29.61,225.85,131.98,1,-1,-1,-1
568,146,1179.25,-146.25,1302.14,64.23,1,-1,-1,-1
569,139,872.44,387.60,999.41,632.44,1,-1,-1,-1
569,140,258.96,223.62,419.09,369.54,1,-1,-1,-1
569,141,1460.35,-47.86,1603.92,185.02,1,-1,-1,-1
569,143,230.70,44.23,443.31,246.84,1,-1,-1,-1
569,144,915.47,-143.18,1036.32,66.26,1,-1,-1,-1
569,145,50.68,-23.63,223.19,132.44,1,-1,-1,-1
569,146,1179.23,-146.43,1302.15,64.89,1,-1,-1,-1
570,139,870.63,386.84,998.12,632.69,1,-1,-1,-1
570,140,256.77,228.30,417.22,374.45,1,-1,-1,-1
570,141,1459.12,-49.48,1604.55,186.67,1,-1,-1,-1
570,143,230.04,50.54,442.58,252.71,1,-1,-1,-1
570,144,919.04,-136.96,1036.59,66.68,1,-1,-1,-1
570,145,45.31,-22.94,220.43,133.71,1,-1,-1,-1
570,146,1185.52,-143.25,1304.94,63.74,1,-1,-1,-1
571,139,868.54,380.42,998.58,630.00,1,-1,-1,-1
571,140,257.39,231.75,415.31,375.33,1,-1,-1,-1
571,141,1458.61,-50.87,1605.46,187.85,1,-1,-1,-1
571,143,229.25,52.09,443.08,255.99,1,-1,-1,-1
571,144,921.18,-137.94,1035.77,60.76,1,-1,-1,-1
571,145,39.78,-25.48,221.85,136.70,1,-1,-1,-1
571,146,1188.98,-142.73,1304.86,59.22,1,-1,-1,-1
572,139,867.14,376.56,999.56,629.55,1,-1,-1,-1
572,140,260.21,238.74,412.92,377.99,1,-1,-1,-1
572,141,1458.38,-52.16,1605.82,188.19,1,-1,-1,-1
572,143,225.76,53.15,438.79,256.99,1,-1,-1,-1
572,144,925.90,-141.69,1040.09,56.49,1,-1,-1,-1
572,145,38.95,-20.66,221.34,140.96,1,-1,-1,-1
572,146,1190.20,-143.92,1304.78,56.11,1,-1,-1,-1
573,139,862.21,374.99,995.95,629.29,1,-1,-1,-1
573,140,260.40,241.07,412.47,380.03,1,-1,-1,-1
573,141,1458.83,-51.42,1605.40,188.23,1,-1,-1,-1
573,143,227.68,61.23,434.08,257.77,1,-1,-1,-1
573,144,927.50,-146.42,1041.06,50.91,1,-1,-1,-1
573,145,39.85,-13.02,220.22,145.06,1,-1,-1,-1
573,146,1190.93,-147.05,1303.69,49.60,1,-1,-1,-1
574,139,859.91,372.99,995.17,629.76,1,-1,-1,-1
574,140,258.51,241.05,413.06,382.58,1,-1,-1,-1
574,141,1458.57,-51.87,1605.00,188.14,1,-1,-1,-1
574,143,224.85,60.76,435.44,261.76,1,-1,-1,-1
574,144,928.45,-147.54,1041.60,49.47,1,-1,-1,-1
574,145,33.56,-12.28,218.70,149.08,1,-1,-1,-1
574,146,1191.89,-145.58,1303.15,47.81,1,-1,-1,-1
575,139,857.80,366.26,995.63,627.90,1,-1,-1,-1
575,140,252.33,243.50,410.99,387.97,1,-1,-1,-1
575,141,1458.81,-51.44,1604.49,187.38,1,-1,-1,-1
575,143,224.60,61.80,434.60,262.45,1,-1,-1,-1
575,144,930.75,-153.93,1049.01,51.61,1,-1,-1,-1
575,145,32.64,-10.80,216.23,148.49,1,-1,-1,-1
575,146,1191.98,-147.73,1303.11,43.80,1,-1,-1,-1
576,139,856.50,361.71,996.46,627.80,1,-1,-1,-1
576,140,252.64,247.52,407.68,387.86,1,-1,-1,-1
576,141,1458.62,-51.34,1603.91,187.01,1,-1,-1,-1
576,143,220.03,64.64,431.69,267.10,1,-1,-1,-1
576,144,930.89,-158.24,1052.39,51.77,1,-1,-1,-1
576,145,31.37,-10.41,215.79,149.40,1,-1,-1,-1
576,146,1190.69,-152.54,1304.33,41.67,1,-1,-1,-1
577,139,855.21,357.99,997.71,629.01,1,-1,-1,-1
577,140,252.54,248.81,406.86,388.20,1,-1,-1,-1
577,141,1459.19,-50.69,1603.04,185.50,1,-1,-1,-1
577,143,219.52,66.89,429.52,268.69,1,-1,-1,-1
577,144,927.32,-159.22,1048.03,49.23,1,-1,-1,-1
577,145,29.38,-11.70,216.66,150.27,1,-1,-1,-1
577,146,1189.21,-156.31,1305.73,40.24,1,-1,-1,-1
578,139,854.72,352.66,998.33,625.53,1,-1,-1,-1
578,140,252.64,252.44,407.22,392.15,1,-1,-1,-1
578,141,1458.47,-55.80,1603.64,182.88,1,-1,-1,-1
578,143,219.51,68.24,428.04,269.10,1,-1,-1,-1
578,144,926.02,-159.53,1046.74,48.25,1,-1,-1,-1
578,145,31.11,-5.72,214.67,151.80,1,-1,-1,-1
578,146,1188.51,-158.37,1306.99,39.74,1,-1,-1,-1
579,139,855.21,351.27,998.02,622.83,1,-1,-1,-1
579,140,244.52,250.99,407.03,397.45,1,-1,-1,-1
579,141,1459.12,-56.42,1602.94,179.89,1,-1,-1,-1
579,143,219.15,71.91,427.99,273.04,1,-1,-1,-1
579,144,924.66,-160.92,1046.37,47.25,1,-1,-1,-1
579,145,25.13,-4.90,213.45,155.57,1,-1,-1,-1
579,146,1187.30,-159.78,1307.69,39.59,1,-1,-1,-1
