3,3,1029.56,464.50,1105.87,667.37,1,-1,-1,-1
4,3,1032.85,462.03,1109.56,665.99,1,-1,-1,-1
4,1,911.68,430.05,1019.26,684.83,1,-1,-1,-1
5,1,589.53,337.60,764.42,751.65,1,-1,-1,-1
5,11,1603.05,407.97,1744.17,720.05,1,-1,-1,-1
6,3,1030.87,466.26,1108.50,672.27,1,-1,-1,-1
6,1,548.50,332.02,729.92,760.99,1,-1,-1,-1
6,11,1604.73,407.60,1745.04,717.90,1,-1,-1,-1
7,3,1030.47,467.37,1108.85,675.11,1,-1,-1,-1
7,1,530.93,330.89,715.23,765.88,1,-1,-1,-1
8,3,1029.99,467.73,1109.28,677.40,1,-1,-1,-1
8,1,533.35,334.75,715.30,763.58,1,-1,-1,-1
9,3,1031.07,472.61,1109.42,678.87,1,-1,-1,-1
9,1,536.40,336.20,718.16,763.40,1,-1,-1,-1
9,11,1608.61,412.72,1752.23,730.15,1,-1,-1,-1
10,3,1032.02,473.24,1110.59,680.10,1,-1,-1,-1
10,1,858.84,425.98,979.89,711.49,1,-1,-1,-1
10,11,1610.09,413.47,1753.92,731.36,1,-1,-1,-1
11,3,1040.33,471.59,1122.92,687.43,1,-1,-1,-1
11,1,643.66,371.71,803.36,747.02,1,-1,-1,-1
12,3,1047.58,476.68,1129.76,689.82,1,-1,-1,-1
12,1,604.91,362.12,771.61,753.53,1,-1,-1,-1
13,3,1054.22,477.20,1137.47,691.96,1,-1,-1,-1
13,1,599.50,360.24,767.11,755.23,1,-1,-1,-1
14,3,1060.96,476.70,1145.78,694.01,1,-1,-1,-1
14,1,605.29,367.65,769.01,754.93,1,-1,-1,-1
14,11,1646.30,415.10,1795.02,742.54,1,-1,-1,-1
15,3,1068.29,478.46,1152.44,693.40,1,-1,-1,-1
15,1,613.00,368.12,776.95,757.19,1,-1,-1,-1
15,11,1653.75,413.84,1804.30,744.83,1,-1,-1,-1
16,3,1076.62,481.08,1159.06,691.74,1,-1,-1,-1
16,1,625.60,363.80,789.16,755.24,1,-1,-1,-1
16,11,1660.23,416.73,1812.74,751.56,1,-1,-1,-1
17,3,1084.63,482.71,1164.98,688.37,1,-1,-1,-1
17,1,637.88,366.20,797.24,749.74,1,-1,-1,-1
17,11,1666.61,416.48,1821.46,755.33,1,-1,-1,-1
18,3,1087.62,479.25,1167.47,684.38,1,-1,-1,-1
18,1,648.41,363.95,804.88,742.80,1,-1,-1,-1
18,11,1667.29,413.74,1826.09,759.30,1,-1,-1,-1
19,3,1088.47,477.27,1167.64,680.89,1,-1,-1,-1
19,1,653.25,362.53,807.52,737.44,1,-1,-1,-1
19,11,1667.40,413.33,1827.62,760.07,1,-1,-1,-1
20,3,1088.18,471.85,1167.94,677.57,1,-1,-1,-1
20,1,654.05,354.79,810.04,734.71,1,-1,-1,-1
20,11,1673.54,417.10,1830.84,756.31,1,-1,-1,-1
21,3,1088.48,468.50,1168.70,675.02,1,-1,-1,-1
21,1,660.74,355.26,814.13,728.40,1,-1,-1,-1
21,11,1681.07,420.53,1835.71,752.76,1,-1,-1,-1
22,3,1093.45,469.24,1173.10,674.08,1,-1,-1,-1
22,1,666.54,348.27,822.20,727.30,1,-1,-1,-1
22,11,1686.09,421.37,1840.95,754.06,1,-1,-1,-1
23,3,1098.50,467.56,1179.29,675.75,1,-1,-1,-1
23,1,669.84,351.67,824.89,728.22,1,-1,-1,-1
24,3,1100.81,470.90,1181.61,679.03,1,-1,-1,-1
24,1,676.06,354.42,830.40,728.60,1,-1,-1,-1
25,3,1101.93,472.20,1182.61,679.64,1,-1,-1,-1
25,1,677.17,352.90,833.84,732.07,1,-1,-1,-1
26,3,1105.80,472.04,1187.21,681.86,1,-1,-1,-1
26,1,676.43,349.76,836.32,736.01,1,-1,-1,-1
27,3,1107.25,471.32,1189.37,683.34,1,-1,-1,-1
27,1,675.20,346.66,838.23,739.46,1,-1,-1,-1
28,3,1103.00,470.40,1186.21,684.56,1,-1,-1,-1
28,1,673.88,342.92,839.83,741.42,1,-1,-1,-1
29,3,1101.26,471.37,1184.25,684.35,1,-1,-1,-1
29,1,677.68,342.87,844.63,742.13,1,-1,-1,-1
30,3,1100.16,466.47,1184.39,682.27,1,-1,-1,-1
30,1,686.20,348.18,849.26,737.13,1,-1,-1,-1
31,3,1099.50,464.63,1183.92,680.17,1,-1,-1,-1
31,1,694.46,346.33,855.30,729.85,1,-1,-1,-1
32,3,1099.97,465.28,1182.87,676.07,1,-1,-1,-1
32,1,697.44,340.38,858.24,723.14,1,-1,-1,-1
33,3,1099.89,461.57,1182.60,671.19,1,-1,-1,-1
33,1,709.92,343.49,865.73,714.70,1,-1,-1,-1
34,3,1098.88,453.58,1182.72,666.74,1,-1,-1,-1
34,1,709.50,343.42,864.84,713.57,1,-1,-1,-1
35,3,1094.70,453.26,1177.30,663.80,1,-1,-1,-1
35,1,709.90,344.77,863.77,712.56,1,-1,-1,-1
36,3,1088.16,451.89,1170.80,662.74,1,-1,-1,-1
36,1,707.41,353.97,856.52,710.92,1,-1,-1,-1
36,20,1151.01,449.25,1233.01,665.75,1,-1,-1,-1
37,3,1087.72,450.34,1170.38,661.23,1,-1,-1,-1
37,1,705.14,354.78,854.93,713.75,1,-1,-1,-1
37,20,1148.42,448.30,1230.81,665.93,1,-1,-1,-1
38,3,1086.50,458.31,1167.43,664.62,1,-1,-1,-1
38,1,707.37,351.74,859.87,718.82,1,-1,-1,-1
38,20,1148.19,448.74,1230.65,666.73,1,-1,-1,-1
39,3,1085.71,458.61,1167.20,666.61,1,-1,-1,-1
39,1,707.53,348.62,862.99,723.38,1,-1,-1,-1
39,20,1145.76,448.63,1228.36,666.98,1,-1,-1,-1
40,3,1085.15,458.16,1166.56,665.94,1,-1,-1,-1
40,1,707.67,352.03,864.01,727.76,1,-1,-1,-1
41,3,1083.02,449.34,1168.66,668.19,1,-1,-1,-1
41,1,708.53,356.64,862.82,726.13,1,-1,-1,-1
42,3,1087.70,447.34,1173.11,666.62,1,-1,-1,-1
42,1,707.68,351.09,864.12,724.82,1,-1,-1,-1
43,3,1089.72,442.03,1175.16,661.44,1,-1,-1,-1
43,1,718.47,354.28,871.21,717.75,1,-1,-1,-1
44,3,1093.96,433.50,1181.00,657.53,1,-1,-1,-1
44,1,721.45,348.17,875.65,713.03,1,-1,-1,-1
45,3,1095.48,425.77,1183.92,652.18,1,-1,-1,-1
45,1,726.45,339.29,883.20,708.66,1,-1,-1,-1
46,3,1096.08,422.72,1185.05,650.48,1,-1,-1,-1
46,1,731.98,329.39,891.46,704.43,1,-1,-1,-1
47,1,738.10,320.44,899.57,700.25,1,-1,-1,-1
48,1,749.59,316.47,911.65,698.73,1,-1,-1,-1
49,3,1108.15,414.82,1198.08,642.41,1,-1,-1,-1
49,1,760.74,320.98,917.76,691.66,1,-1,-1,-1
50,3,1109.72,411.88,1200.04,640.45,1,-1,-1,-1
50,1,765.23,317.54,920.13,683.72,1,-1,-1,-1
51,1,771.23,307.04,925.64,674.21,1,-1,-1,-1
52,3,1098.66,403.45,1186.92,625.90,1,-1,-1,-1
52,1,770.66,302.56,920.91,661.52,1,-1,-1,-1
53,3,1098.90,400.27,1187.25,622.93,1,-1,-1,-1
53,1,769.50,298.35,918.94,657.57,1,-1,-1,-1
54,3,1081.59,400.19,1167.24,615.23,1,-1,-1,-1
54,1,764.42,291.60,913.99,654.27,1,-1,-1,-1
55,3,1076.57,397.10,1163.78,616.05,1,-1,-1,-1
55,1,757.80,288.54,907.39,653.87,1,-1,-1,-1
56,3,1069.14,392.75,1159.06,618.98,1,-1,-1,-1
56,1,749.22,288.86,900.91,659.82,1,-1,-1,-1
57,3,1066.20,391.20,1156.93,620.16,1,-1,-1,-1
57,1,744.12,285.16,900.25,666.80,1,-1,-1,-1
58,3,1065.51,390.73,1156.51,620.70,1,-1,-1,-1
58,1,741.95,283.87,900.21,670.18,1,-1,-1,-1
59,3,1065.76,391.32,1156.69,620.99,1,-1,-1,-1
59,1,741.51,284.81,899.80,670.91,1,-1,-1,-1
60,3,1063.62,389.03,1154.88,619.54,1,-1,-1,-1
60,1,953.83,354.26,1070.04,639.06,1,-1,-1,-1
61,1,1036.76,382.79,1136.36,627.50,1,-1,-1,-1
62,1,1054.51,390.94,1149.07,624.26,1,-1,-1,-1
63,1,1053.71,391.10,1148.61,625.55,1,-1,-1,-1
63,26,718.83,293.58,882.87,674.77,1,-1,-1,-1
64,1,1048.29,396.51,1142.40,628.90,1,-1,-1,-1
64,26,718.08,298.85,879.19,672.72,1,-1,-1,-1
65,1,1043.48,394.64,1141.20,635.13,1,-1,-1,-1
65,26,729.55,302.66,888.35,671.31,1,-1,-1,-1
66,1,846.41,338.38,979.05,663.74,1,-1,-1,-1
66,26,731.13,305.75,888.27,670.55,1,-1,-1,-1
67,3,1050.47,416.79,1143.38,649.00,1,-1,-1,-1
67,1,787.40,322.89,932.63,678.30,1,-1,-1,-1
68,3,1049.53,422.82,1143.99,657.12,1,-1,-1,-1
68,1,761.76,320.48,912.64,688.38,1,-1,-1,-1
69,3,1043.97,424.13,1140.78,661.76,1,-1,-1,-1
69,1,757.73,322.23,908.20,690.50,1,-1,-1,-1
70,3,1038.06,431.78,1133.68,664.08,1,-1,-1,-1
70,1,752.21,321.85,903.60,691.80,1,-1,-1,-1
71,3,1030.63,432.66,1127.66,666.85,1,-1,-1,-1
71,1,749.24,318.63,903.13,695.37,1,-1,-1,-1
72,3,1027.04,428.30,1125.10,664.50,1,-1,-1,-1
72,1,743.59,311.72,900.06,695.35,1,-1,-1,-1
72,30,1869.77,443.85,1999.61,753.41,1,-1,-1,-1
73,3,1026.28,421.97,1125.06,658.91,1,-1,-1,-1
73,1,745.03,301.44,904.57,693.28,1,-1,-1,-1
73,30,1868.52,432.85,2005.13,758.09,1,-1,-1,-1
74,3,1032.11,422.16,1128.38,652.10,1,-1,-1,-1
74,1,745.41,291.79,908.07,689.78,1,-1,-1,-1
74,30,1872.35,431.45,2009.25,757.31,1,-1,-1,-1
75,3,1048.20,417.53,1143.43,646.11,1,-1,-1,-1
75,1,755.93,290.75,918.00,685.08,1,-1,-1,-1
75,30,1872.63,430.90,2010.47,759.02,1,-1,-1,-1
76,3,1052.77,407.17,1151.12,643.23,1,-1,-1,-1
76,1,768.27,282.75,932.90,681.82,1,-1,-1,-1
77,3,1055.52,404.65,1153.56,640.21,1,-1,-1,-1
77,1,769.07,281.14,933.98,678.57,1,-1,-1,-1
78,3,1056.40,403.22,1154.63,639.23,1,-1,-1,-1
78,1,948.22,353.18,1071.45,651.14,1,-1,-1,-1
79,1,1013.37,383.19,1119.71,640.28,1,-1,-1,-1
79,26,751.26,287.40,918.53,672.92,1,-1,-1,-1
80,1,824.60,315.57,969.44,662.59,1,-1,-1,-1
80,26,752.85,286.68,920.45,672.95,1,-1,-1,-1
81,3,1028.52,391.04,1131.90,640.45,1,-1,-1,-1
81,1,771.47,301.98,926.85,670.63,1,-1,-1,-1
82,3,1024.74,392.32,1129.59,645.33,1,-1,-1,-1
82,1,754.19,303.99,911.84,674.78,1,-1,-1,-1
82,30,1866.84,386.21,2017.44,746.72,1,-1,-1,-1
82,33,1808.10,365.34,2008.60,813.22,1,-1,-1,-1
83,3,1022.56,390.49,1128.14,645.28,1,-1,-1,-1
83,1,752.13,302.60,913.21,678.31,1,-1,-1,-1
83,30,1865.51,376.49,2021.50,752.87,1,-1,-1,-1
83,33,1788.95,358.97,1998.81,827.59,1,-1,-1,-1
84,3,1022.99,394.31,1128.65,647.36,1,-1,-1,-1
84,1,756.94,304.22,917.85,677.65,1,-1,-1,-1
84,30,1867.39,380.28,2018.61,747.80,1,-1,-1,-1
84,33,1770.29,361.64,1978.86,827.36,1,-1,-1,-1
85,3,1022.45,393.68,1129.73,649.86,1,-1,-1,-1
85,1,766.43,311.60,922.59,674.03,1,-1,-1,-1
85,30,1868.62,381.36,2016.94,745.15,1,-1,-1,-1
85,33,1748.17,353.32,1959.43,825.48,1,-1,-1,-1
86,3,1022.31,393.47,1130.09,650.08,1,-1,-1,-1
86,1,769.58,310.70,926.29,673.86,1,-1,-1,-1
86,30,1868.31,377.85,2017.79,744.51,1,-1,-1,-1
86,33,1819.84,368.42,1996.49,767.39,1,-1,-1,-1
87,3,1017.27,393.43,1125.48,650.16,1,-1,-1,-1
87,1,757.98,307.53,916.62,675.18,1,-1,-1,-1
87,33,1048.89,325.82,1213.97,698.67,1,-1,-1,-1
88,3,1015.62,394.77,1122.90,648.86,1,-1,-1,-1
88,30,1868.81,376.02,2015.70,739.67,1,-1,-1,-1
88,33,808.00,317.50,965.67,674.31,1,-1,-1,-1
89,3,1014.78,395.33,1122.25,649.67,1,-1,-1,-1
89,30,1870.23,381.23,2014.71,741.64,1,-1,-1,-1
89,33,730.78,307.33,892.12,673.23,1,-1,-1,-1
90,3,1015.14,400.17,1122.11,652.60,1,-1,-1,-1
90,1,767.16,306.77,932.41,689.54,1,-1,-1,-1
90,30,1870.08,379.09,2015.14,740.95,1,-1,-1,-1
90,33,1459.78,360.92,1617.43,722.55,1,-1,-1,-1
91,3,1015.32,402.03,1122.81,655.03,1,-1,-1,-1
91,1,767.32,304.13,936.48,695.34,1,-1,-1,-1
91,33,1738.02,385.94,1890.29,738.74,1,-1,-1,-1
92,3,1014.01,402.21,1121.74,655.76,1,-1,-1,-1
92,1,772.93,309.09,942.05,698.64,1,-1,-1,-1
92,30,1877.98,404.53,2009.68,735.71,1,-1,-1,-1
92,33,1264.44,404.59,1384.92,683.74,1,-1,-1,-1
93,1,767.43,307.43,938.44,701.34,1,-1,-1,-1
93,30,1878.60,405.37,2009.54,734.64,1,-1,-1,-1
93,33,1547.57,354.83,1734.17,784.45,1,-1,-1,-1
94,3,1051.83,409.68,1158.45,660.41,1,-1,-1,-1
94,1,790.34,309.03,962.85,704.01,1,-1,-1,-1
94,33,1617.64,343.78,1820.84,808.72,1,-1,-1,-1
95,3,1062.31,410.18,1168.72,661.15,1,-1,-1,-1
95,1,809.29,311.25,981.46,704.22,1,-1,-1,-1
95,33,1647.79,335.65,1861.91,822.51,1,-1,-1,-1
96,3,1064.66,403.05,1173.40,660.06,1,-1,-1,-1
96,1,808.86,310.28,982.52,706.66,1,-1,-1,-1
96,26,942.83,317.42,1106.78,696.68,1,-1,-1,-1
96,33,1655.78,336.21,1871.73,823.34,1,-1,-1,-1
97,3,1065.67,395.80,1175.46,655.06,1,-1,-1,-1
97,11,1402.34,342.05,1619.13,800.02,1,-1,-1,-1
97,26,953.35,319.00,1117.18,697.98,1,-1,-1,-1
97,33,1654.44,335.99,1868.72,816.10,1,-1,-1,-1
98,3,1070.55,393.03,1180.01,651.79,1,-1,-1,-1
98,11,1391.99,333.62,1615.06,799.49,1,-1,-1,-1
98,33,1648.38,336.71,1861.86,810.86,1,-1,-1,-1
99,3,1082.46,393.98,1189.88,648.57,1,-1,-1,-1
99,11,1384.98,331.10,1609.38,799.76,1,-1,-1,-1
99,26,870.50,310.86,1032.00,681.19,1,-1,-1,-1
99,33,1642.17,346.21,1852.22,808.51,1,-1,-1,-1
100,3,1091.23,393.06,1199.02,649.34,1,-1,-1,-1
100,26,868.96,311.09,1029.56,676.68,1,-1,-1,-1
100,33,1635.51,353.95,1841.12,803.33,1,-1,-1,-1
101,3,1099.19,392.74,1206.69,648.98,1,-1,-1,-1
101,26,877.82,310.49,1038.22,674.51,1,-1,-1,-1
101,33,1623.37,341.76,1836.35,806.36,1,-1,-1,-1
102,3,1104.23,391.97,1211.90,648.60,1,-1,-1,-1
102,26,889.82,304.23,1051.40,672.41,1,-1,-1,-1
102,33,1607.44,330.13,1825.98,806.07,1,-1,-1,-1
103,3,1107.11,388.71,1217.42,651.94,1,-1,-1,-1
103,26,892.15,303.69,1053.37,671.05,1,-1,-1,-1
103,33,1152.78,312.09,1338.12,718.27,1,-1,-1,-1
104,3,1108.11,387.90,1219.40,653.32,1,-1,-1,-1
104,11,1564.18,326.47,1783.95,787.88,1,-1,-1,-1
104,33,969.51,296.67,1143.65,681.81,1,-1,-1,-1
105,3,1112.23,386.30,1224.71,655.13,1,-1,-1,-1
105,11,1559.90,310.13,1786.49,794.71,1,-1,-1,-1
105,33,912.94,288.84,1084.34,671.68,1,-1,-1,-1
106,3,1113.41,380.50,1227.45,653.19,1,-1,-1,-1
106,11,1571.40,306.77,1799.49,794.57,1,-1,-1,-1
106,33,900.79,288.27,1068.29,665.65,1,-1,-1,-1
107,3,1117.79,377.02,1232.73,652.45,1,-1,-1,-1
107,33,898.29,287.66,1064.82,664.50,1,-1,-1,-1
108,3,1124.02,375.09,1239.69,652.16,1,-1,-1,-1
108,11,1523.92,305.89,1752.30,804.97,1,-1,-1,-1
108,33,904.30,287.65,1070.60,664.39,1,-1,-1,-1
108,45,1815.82,547.08,1943.17,824.92,1,-1,-1,-1
108,46,1320.49,311.58,1548.13,774.42,1,-1,-1,-1
109,3,1132.21,377.04,1246.03,650.08,1,-1,-1,-1
109,1,934.11,291.14,1099.84,669.49,1,-1,-1,-1
109,11,1519.44,309.81,1741.58,803.26,1,-1,-1,-1
109,33,1164.04,297.20,1361.58,740.95,1,-1,-1,-1
109,45,1820.97,550.23,1949.18,830.00,1,-1,-1,-1
109,46,1318.77,315.12,1542.93,770.88,1,-1,-1,-1
110,3,1139.17,376.54,1253.48,650.61,1,-1,-1,-1
110,1,936.94,292.85,1104.68,674.50,1,-1,-1,-1
110,11,1511.64,306.58,1733.96,806.63,1,-1,-1,-1
110,33,1249.27,296.14,1462.58,772.42,1,-1,-1,-1
110,45,1823.44,553.61,1951.02,832.31,1,-1,-1,-1
111,3,1147.22,382.97,1259.72,652.78,1,-1,-1,-1
111,1,941.64,291.26,1112.87,678.53,1,-1,-1,-1
111,11,1513.41,304.38,1737.13,807.58,1,-1,-1,-1
111,33,1291.66,305.92,1506.65,784.10,1,-1,-1,-1
111,45,1825.07,564.75,1951.28,840.76,1,-1,-1,-1
112,3,1160.92,393.43,1269.56,654.95,1,-1,-1,-1
112,1,946.96,294.03,1121.15,685.35,1,-1,-1,-1
112,33,1310.63,324.22,1521.95,791.74,1,-1,-1,-1
112,45,1827.04,567.72,1953.79,844.89,1,-1,-1,-1
113,3,1172.88,392.04,1284.71,662.45,1,-1,-1,-1
113,1,958.82,301.76,1132.44,689.94,1,-1,-1,-1
113,33,1319.17,340.60,1525.64,795.71,1,-1,-1,-1
114,3,1183.19,397.42,1294.51,667.13,1,-1,-1,-1
114,1,971.60,303.39,1147.14,694.99,1,-1,-1,-1
114,33,1320.79,343.53,1527.60,799.57,1,-1,-1,-1
115,3,1194.86,397.49,1307.78,671.52,1,-1,-1,-1
115,1,985.15,303.98,1161.84,697.50,1,-1,-1,-1
115,33,1317.35,362.91,1512.62,790.98,1,-1,-1,-1
116,3,1202.08,385.02,1318.66,668.53,1,-1,-1,-1
116,1,1000.85,303.52,1174.69,689.79,1,-1,-1,-1
116,33,1444.38,350.11,1644.92,789.94,1,-1,-1,-1
116,45,1874.20,589.33,2000.57,865.71,1,-1,-1,-1
117,3,1210.56,382.87,1325.68,662.80,1,-1,-1,-1
117,1,1018.10,305.99,1186.79,681.44,1,-1,-1,-1
117,33,1352.29,347.45,1549.88,777.69,1,-1,-1,-1
117,45,1877.64,580.48,2004.77,858.85,1,-1,-1,-1
118,3,1208.07,371.52,1324.87,654.57,1,-1,-1,-1
118,1,1029.72,305.55,1194.00,671.59,1,-1,-1,-1
118,33,1438.49,337.00,1634.61,764.09,1,-1,-1,-1
118,45,1883.79,583.01,2011.25,862.09,1,-1,-1,-1
119,3,1206.89,366.62,1324.33,650.80,1,-1,-1,-1
119,1,1040.26,306.09,1203.58,670.00,1,-1,-1,-1
119,33,1178.18,312.46,1351.94,693.83,1,-1,-1,-1
120,3,1204.65,356.29,1325.38,648.72,1,-1,-1,-1
120,11,1439.77,319.72,1632.37,752.33,1,-1,-1,-1
120,33,1076.18,296.74,1242.10,663.19,1,-1,-1,-1
120,46,1258.32,331.10,1450.02,725.03,1,-1,-1,-1
121,3,1198.47,351.15,1321.68,649.91,1,-1,-1,-1
121,11,1430.11,320.00,1622.81,750.44,1,-1,-1,-1
121,33,1185.92,309.26,1363.90,702.99,1,-1,-1,-1
121,46,1253.30,332.87,1442.16,720.96,1,-1,-1,-1
122,3,1192.19,351.87,1314.67,648.45,1,-1,-1,-1
122,1,1044.17,296.34,1200.78,650.70,1,-1,-1,-1
122,11,1425.10,320.26,1616.19,747.09,1,-1,-1,-1
122,33,1217.27,323.45,1394.57,715.50,1,-1,-1,-1
122,45,1813.07,568.28,1935.08,836.54,1,-1,-1,-1
123,3,1178.18,347.71,1304.10,651.84,1,-1,-1,-1
123,1,1034.12,293.13,1190.79,650.67,1,-1,-1,-1
123,11,1385.18,316.11,1580.78,753.54,1,-1,-1,-1
123,33,1212.53,321.80,1396.45,727.93,1,-1,-1,-1
123,45,1791.17,566.73,1912.12,832.51,1,-1,-1,-1
124,3,1179.29,344.75,1306.31,651.55,1,-1,-1,-1
124,1,1016.34,291.41,1173.40,651.31,1,-1,-1,-1
124,11,1375.66,315.81,1570.47,751.46,1,-1,-1,-1
124,33,1293.41,308.08,1491.58,746.99,1,-1,-1,-1
124,45,1765.20,562.20,1885.49,827.20,1,-1,-1,-1
125,1,995.54,290.80,1152.33,650.98,1,-1,-1,-1
125,33,1308.35,308.67,1506.64,748.42,1,-1,-1,-1
125,45,1736.90,559.88,1856.89,823.95,1,-1,-1,-1
126,1,972.01,282.65,1132.07,650.94,1,-1,-1,-1
126,33,1300.67,326.61,1487.06,739.75,1,-1,-1,-1
126,45,1707.42,549.05,1828.44,816.13,1,-1,-1,-1
127,1,952.07,275.05,1116.64,654.28,1,-1,-1,-1
127,33,1278.51,329.69,1459.93,731.54,1,-1,-1,-1
127,45,1679.81,543.72,1798.14,806.00,1,-1,-1,-1
128,1,936.34,274.18,1100.86,653.64,1,-1,-1,-1
128,33,1251.68,328.12,1429.61,721.82,1,-1,-1,-1
128,45,1655.51,541.79,1772.23,800.25,1,-1,-1,-1
128,46,1061.17,324.71,1245.10,704.58,1,-1,-1,-1
129,1,915.40,271.97,1081.73,654.77,1,-1,-1,-1
129,33,1223.24,328.19,1399.28,717.57,1,-1,-1,-1
129,45,1629.76,543.17,1743.71,796.24,1,-1,-1,-1
129,46,1042.97,324.76,1225.40,701.53,1,-1,-1,-1
130,1,898.05,270.56,1065.95,656.55,1,-1,-1,-1
130,33,1192.50,320.17,1370.95,715.38,1,-1,-1,-1
130,45,1606.15,540.43,1718.29,790.21,1,-1,-1,-1
131,1,878.94,274.04,1044.77,653.98,1,-1,-1,-1
131,33,1185.77,319.57,1363.80,713.85,1,-1,-1,-1
131,45,1582.68,537.48,1695.52,789.46,1,-1,-1,-1
131,46,980.71,333.52,1155.03,695.06,1,-1,-1,-1
132,1,867.41,275.47,1032.33,653.69,1,-1,-1,-1
132,45,1555.58,531.14,1669.56,786.65,1,-1,-1,-1
132,46,954.73,326.48,1130.37,691.99,1,-1,-1,-1
133,1,859.71,281.34,1023.12,656.26,1,-1,-1,-1
133,45,1532.07,528.85,1646.10,785.06,1,-1,-1,-1
133,46,933.31,326.50,1107.46,688.90,1,-1,-1,-1
134,1,847.30,282.94,1010.70,657.92,1,-1,-1,-1
134,45,1510.68,530.07,1622.81,782.61,1,-1,-1,-1
135,1,840.77,289.51,998.69,653.27,1,-1,-1,-1
135,45,1488.89,528.64,1601.50,783.83,1,-1,-1,-1
136,1,833.24,294.02,990.77,658.88,1,-1,-1,-1
136,45,1473.84,536.11,1583.34,785.03,1,-1,-1,-1
137,1,825.81,295.00,983.83,661.61,1,-1,-1,-1
137,45,1459.27,536.38,1569.89,788.96,1,-1,-1,-1
138,1,818.10,294.00,977.58,664.63,1,-1,-1,-1
138,45,1449.77,541.79,1559.61,793.76,1,-1,-1,-1
139,1,809.14,294.74,968.57,665.25,1,-1,-1,-1
139,45,1431.74,541.65,1541.29,792.97,1,-1,-1,-1
140,1,1290.15,490.65,1409.33,768.81,1,-1,-1,-1
140,11,1866.85,367.47,2025.40,732.86,1,-1,-1,-1
141,1,1333.06,512.07,1448.00,780.34,1,-1,-1,-1
141,11,1876.78,370.07,2032.53,731.89,1,-1,-1,-1
141,45,1411.39,552.07,1519.17,800.38,1,-1,-1,-1
142,11,1900.63,372.85,2054.64,730.64,1,-1,-1,-1
142,33,1848.22,378.58,2007.14,734.19,1,-1,-1,-1
142,45,1397.68,553.69,1505.58,802.91,1,-1,-1,-1
143,3,917.52,328.53,1071.98,698.39,1,-1,-1,-1
143,33,1873.02,385.67,2029.99,738.61,1,-1,-1,-1
143,45,1384.04,552.91,1492.81,805.09,1,-1,-1,-1
143,46,694.71,317.21,904.26,750.92,1,-1,-1,-1
144,3,904.66,327.56,1060.49,700.69,1,-1,-1,-1
144,33,1877.51,387.22,2035.76,741.99,1,-1,-1,-1
144,45,1370.67,557.86,1478.25,807.86,1,-1,-1,-1
144,46,671.61,316.57,883.13,754.35,1,-1,-1,-1
144,50,903.06,335.41,1040.35,664.91,1,-1,-1,-1
145,33,1876.91,385.65,2038.22,745.19,1,-1,-1,-1
145,45,1356.35,560.37,1462.77,808.23,1,-1,-1,-1
145,50,878.95,328.16,1019.43,665.85,1,-1,-1,-1
146,3,903.52,337.71,1045.36,679.81,1,-1,-1,-1
146,33,1872.62,382.27,2037.96,748.31,1,-1,-1,-1
146,45,1341.57,561.26,1447.69,809.00,1,-1,-1,-1
146,50,805.93,300.55,951.73,651.04,1,-1,-1,-1
146,52,1004.24,374.49,1126.88,669.52,1,-1,-1,-1
147,3,893.94,340.78,1032.50,675.70,1,-1,-1,-1
147,33,1849.78,380.89,2017.18,750.08,1,-1,-1,-1
147,45,1326.72,560.22,1433.97,810.59,1,-1,-1,-1
147,52,991.19,382.53,1111.19,671.44,1,-1,-1,-1
148,3,888.48,335.67,1030.70,680.48,1,-1,-1,-1
148,33,1840.84,387.54,2006.78,752.00,1,-1,-1,-1
148,45,1313.13,561.76,1419.45,810.49,1,-1,-1,-1
148,52,980.55,381.37,1102.22,675.02,1,-1,-1,-1
149,3,881.76,336.47,1025.97,687.48,1,-1,-1,-1
149,33,1835.82,389.99,2001.87,753.30,1,-1,-1,-1
149,45,1304.33,561.64,1410.92,811.75,1,-1,-1,-1
149,52,978.02,383.02,1099.02,675.45,1,-1,-1,-1
150,3,874.54,335.46,1020.39,691.46,1,-1,-1,-1
150,33,1832.56,388.82,2000.82,755.71,1,-1,-1,-1
150,45,1297.39,566.18,1403.19,814.83,1,-1,-1,-1
150,52,972.12,380.71,1094.74,678.32,1,-1,-1,-1
151,3,871.08,333.77,1019.04,695.57,1,-1,-1,-1
151,33,1829.05,379.72,2001.74,756.55,1,-1,-1,-1
151,45,1292.25,559.24,1401.97,817.29,1,-1,-1,-1
151,52,971.27,385.98,1092.57,681.34,1,-1,-1,-1
152,3,866.29,333.79,1014.13,695.77,1,-1,-1,-1
152,33,1827.87,377.55,2000.50,753.54,1,-1,-1,-1
152,45,1286.69,557.29,1396.67,816.22,1,-1,-1,-1
152,52,971.20,383.79,1091.56,677.60,1,-1,-1,-1
153,3,863.92,331.84,1012.81,697.09,1,-1,-1,-1
153,33,1822.17,366.13,1995.69,745.05,1,-1,-1,-1
153,45,1281.77,558.48,1389.30,812.47,1,-1,-1,-1
153,52,970.15,379.53,1092.75,679.54,1,-1,-1,-1
154,3,859.67,333.74,1007.01,695.57,1,-1,-1,-1
154,33,1820.66,359.19,1992.54,735.23,1,-1,-1,-1
154,45,1275.78,554.95,1382.37,807.01,1,-1,-1,-1
154,46,532.16,321.56,734.83,736.04,1,-1,-1,-1
154,52,965.47,379.82,1088.40,680.65,1,-1,-1,-1
155,3,852.38,333.49,1000.30,696.73,1,-1,-1,-1
155,1,858.84,347.20,1001.50,683.67,1,-1,-1,-1
155,33,1827.79,357.70,1999.95,734.37,1,-1,-1,-1
155,45,1269.75,552.96,1375.78,803.64,1,-1,-1,-1
155,46,522.09,311.76,729.63,735.31,1,-1,-1,-1
156,1,849.11,334.66,995.79,683.02,1,-1,-1,-1
156,33,1820.09,347.48,1990.06,718.32,1,-1,-1,-1
156,45,1262.52,546.26,1369.80,800.39,1,-1,-1,-1
156,46,516.73,320.94,719.64,731.77,1,-1,-1,-1
157,1,827.00,327.42,975.03,678.98,1,-1,-1,-1
157,33,1825.70,345.09,1995.65,715.89,1,-1,-1,-1
157,45,1259.68,544.42,1367.02,798.54,1,-1,-1,-1
157,46,509.25,321.75,713.54,733.81,1,-1,-1,-1
157,50,831.13,319.29,979.71,677.13,1,-1,-1,-1
158,1,846.55,331.10,992.84,680.14,1,-1,-1,-1
158,45,1256.02,544.43,1362.75,797.20,1,-1,-1,-1
158,46,501.14,319.37,708.35,737.23,1,-1,-1,-1
158,50,811.20,312.34,961.54,674.44,1,-1,-1,-1
158,53,1818.51,348.15,1983.49,710.37,1,-1,-1,-1
159,1,848.24,326.79,997.39,684.01,1,-1,-1,-1
159,45,1253.46,543.81,1360.37,796.74,1,-1,-1,-1
159,46,490.94,307.87,705.32,739.84,1,-1,-1,-1
159,53,1818.09,347.13,1983.91,710.36,1,-1,-1,-1
160,1,829.94,320.34,980.43,680.77,1,-1,-1,-1
160,45,1245.63,542.86,1352.55,795.82,1,-1,-1,-1
160,46,491.25,315.34,700.84,737.53,1,-1,-1,-1
160,50,852.30,338.35,995.31,683.02,1,-1,-1,-1
160,53,1405.29,489.24,1534.27,772.63,1,-1,-1,-1
161,46,487.15,318.99,694.70,736.60,1,-1,-1,-1
161,50,856.58,340.83,999.63,685.47,1,-1,-1,-1
161,53,1260.31,546.21,1371.14,790.20,1,-1,-1,-1
162,1,849.21,334.19,996.74,687.20,1,-1,-1,-1
162,45,1246.63,551.13,1353.30,802.45,1,-1,-1,-1
162,46,488.25,325.02,690.63,731.59,1,-1,-1,-1
162,50,847.18,338.76,990.76,684.72,1,-1,-1,-1
162,53,1678.64,411.50,1828.76,740.89,1,-1,-1,-1
163,1,857.90,336.71,1004.46,687.70,1,-1,-1,-1
163,45,1242.47,552.43,1348.83,802.80,1,-1,-1,-1
163,46,481.82,317.22,687.52,730.37,1,-1,-1,-1
163,53,1703.01,406.52,1854.74,739.44,1,-1,-1,-1
164,1,845.80,332.88,993.12,685.68,1,-1,-1,-1
164,45,1240.91,548.89,1346.85,797.61,1,-1,-1,-1
164,46,477.18,318.98,679.92,725.97,1,-1,-1,-1
164,50,870.99,341.79,1013.04,685.60,1,-1,-1,-1
164,53,1827.47,375.56,1991.99,733.35,1,-1,-1,-1
165,3,984.70,356.25,1114.88,674.01,1,-1,-1,-1
165,45,1235.47,548.68,1341.25,797.01,1,-1,-1,-1
165,46,482.44,323.66,679.51,719.66,1,-1,-1,-1
165,50,868.92,320.12,1021.41,689.18,1,-1,-1,-1
165,53,1859.50,367.59,2027.54,731.07,1,-1,-1,-1
166,3,991.36,357.72,1120.47,672.84,1,-1,-1,-1
166,45,1235.19,542.63,1340.91,789.83,1,-1,-1,-1
166,46,477.88,315.34,677.94,717.35,1,-1,-1,-1
166,50,873.07,312.91,1028.90,690.37,1,-1,-1,-1
166,53,1871.09,363.56,2042.01,731.60,1,-1,-1,-1
167,3,998.59,358.21,1126.25,671.12,1,-1,-1,-1
167,45,1233.71,540.58,1340.49,788.85,1,-1,-1,-1
167,46,477.96,315.60,676.01,713.90,1,-1,-1,-1
167,50,879.80,310.89,1036.14,690.18,1,-1,-1,-1
167,53,1873.33,362.33,2045.52,731.88,1,-1,-1,-1
168,3,1000.42,357.79,1128.34,672.04,1,-1,-1,-1
168,45,1228.97,540.53,1336.08,788.52,1,-1,-1,-1
168,46,475.27,319.72,668.62,708.67,1,-1,-1,-1
168,50,882.16,308.98,1039.39,691.41,1,-1,-1,-1
168,53,1870.92,360.88,2045.28,734.68,1,-1,-1,-1
169,3,1006.47,358.92,1133.54,671.08,1,-1,-1,-1
169,1,760.26,295.49,926.59,690.76,1,-1,-1,-1
169,45,1227.32,545.18,1333.97,791.09,1,-1,-1,-1
169,46,470.55,322.63,660.74,704.79,1,-1,-1,-1
169,50,888.59,310.34,1044.36,689.26,1,-1,-1,-1
169,53,1898.90,354.13,2075.88,733.55,1,-1,-1,-1
170,1,760.06,291.39,925.33,684.02,1,-1,-1,-1
170,45,1227.30,547.63,1333.61,791.44,1,-1,-1,-1
170,46,469.88,325.70,657.23,702.10,1,-1,-1,-1
170,50,886.36,309.71,1042.50,689.74,1,-1,-1,-1
170,53,1873.16,374.01,2044.55,742.86,1,-1,-1,-1
171,1,763.18,286.06,931.27,684.86,1,-1,-1,-1
171,45,1226.68,547.89,1333.76,792.27,1,-1,-1,-1
171,46,466.03,328.83,650.63,698.53,1,-1,-1,-1
171,50,882.99,299.06,1044.33,691.89,1,-1,-1,-1
171,53,1895.66,369.96,2068.90,742.79,1,-1,-1,-1
172,1,763.24,281.60,935.23,687.81,1,-1,-1,-1
172,45,1226.80,548.65,1333.71,791.27,1,-1,-1,-1
172,46,458.18,327.27,644.99,700.67,1,-1,-1,-1
172,50,892.40,299.02,1052.54,688.81,1,-1,-1,-1
172,53,1875.90,385.58,2037.97,739.02,1,-1,-1,-1
173,3,1021.36,352.87,1147.94,664.25,1,-1,-1,-1
173,1,764.70,278.75,935.99,681.85,1,-1,-1,-1
173,45,1222.91,545.61,1329.28,786.27,1,-1,-1,-1
173,46,448.00,317.35,640.62,702.20,1,-1,-1,-1
173,50,895.12,291.96,1056.76,685.62,1,-1,-1,-1
173,53,1875.46,384.55,2033.47,733.36,1,-1,-1,-1
174,3,1016.89,350.91,1144.16,664.38,1,-1,-1,-1
174,1,755.61,273.83,928.48,680.63,1,-1,-1,-1
174,45,1217.32,542.48,1322.01,777.77,1,-1,-1,-1
174,46,435.79,314.31,629.99,702.17,1,-1,-1,-1
174,50,896.94,290.70,1057.53,682.45,1,-1,-1,-1
174,53,1874.16,371.51,2033.46,725.42,1,-1,-1,-1
175,3,1020.94,350.76,1147.83,663.27,1,-1,-1,-1
175,1,754.07,275.91,926.13,679.86,1,-1,-1,-1
175,45,1206.06,537.29,1309.98,769.27,1,-1,-1,-1
175,46,421.77,312.50,616.65,702.23,1,-1,-1,-1
175,50,888.07,289.72,1048.91,681.91,1,-1,-1,-1
175,53,1872.35,364.14,2029.98,715.28,1,-1,-1,-1
176,1,745.98,271.89,921.65,682.93,1,-1,-1,-1
176,45,1192.32,538.75,1296.67,770.89,1,-1,-1,-1
176,46,407.27,306.58,602.83,698.34,1,-1,-1,-1
176,50,884.64,290.13,1045.01,681.08,1,-1,-1,-1
176,53,1871.00,358.82,2030.04,713.49,1,-1,-1,-1
177,1,737.76,269.19,916.39,685.33,1,-1,-1,-1
177,45,1183.12,541.32,1286.21,769.58,1,-1,-1,-1
177,46,392.64,304.37,588.19,696.93,1,-1,-1,-1
177,50,877.52,287.77,1040.13,683.42,1,-1,-1,-1
177,53,1869.89,356.30,2029.85,713.57,1,-1,-1,-1
178,1,735.56,269.61,914.61,685.62,1,-1,-1,-1
178,45,1177.48,540.92,1279.82,767.53,1,-1,-1,-1
178,46,383.88,304.92,577.91,694.47,1,-1,-1,-1
178,50,874.89,286.97,1038.28,684.33,1,-1,-1,-1
178,53,1868.64,355.49,2029.15,714.37,1,-1,-1,-1
179,1,726.36,276.49,904.52,687.71,1,-1,-1,-1
179,45,1166.84,540.11,1271.90,771.41,1,-1,-1,-1
179,46,374.69,303.20,570.01,695.59,1,-1,-1,-1
179,50,869.69,288.09,1032.66,683.37,1,-1,-1,-1
179,53,1868.14,353.34,2030.83,716.73,1,-1,-1,-1
180,1,717.21,277.28,897.64,691.16,1,-1,-1,-1
180,45,1160.67,539.68,1265.31,770.03,1,-1,-1,-1
180,46,363.05,303.92,558.05,695.40,1,-1,-1,-1
180,50,869.18,297.18,1028.49,683.02,1,-1,-1,-1
180,53,1875.18,350.08,2038.65,715.20,1,-1,-1,-1
181,1,713.59,280.95,895.71,697.72,1,-1,-1,-1
181,45,1145.52,534.32,1252.53,768.14,1,-1,-1,-1
181,46,348.48,301.60,545.87,698.03,1,-1,-1,-1
181,50,857.05,294.08,1021.03,690.22,1,-1,-1,-1
182,1,706.76,280.45,891.77,702.16,1,-1,-1,-1
182,45,1131.80,536.49,1240.63,772.30,1,-1,-1,-1
182,46,332.96,303.40,532.90,704.97,1,-1,-1,-1
182,50,852.71,293.62,1018.25,693.53,1,-1,-1,-1
182,53,1167.35,508.67,1283.78,763.30,1,-1,-1,-1
183,1,694.15,279.00,882.41,705.78,1,-1,-1,-1
183,45,1124.04,535.86,1232.78,771.47,1,-1,-1,-1
183,46,322.22,302.81,523.66,708.28,1,-1,-1,-1
183,50,849.69,289.55,1018.74,698.06,1,-1,-1,-1
183,53,1103.76,521.60,1215.87,766.78,1,-1,-1,-1
184,1,694.24,278.50,883.58,706.46,1,-1,-1,-1
184,45,1107.87,534.27,1220.72,777.93,1,-1,-1,-1
184,46,307.12,298.69,513.54,714.79,1,-1,-1,-1
184,50,842.03,284.13,1015.83,704.32,1,-1,-1,-1
184,53,1010.00,534.94,1123.45,778.70,1,-1,-1,-1
185,1,687.32,277.16,877.91,707.93,1,-1,-1,-1
185,45,1098.83,539.85,1211.73,783.28,1,-1,-1,-1
185,46,298.29,299.11,504.30,714.63,1,-1,-1,-1
185,50,922.22,328.84,1070.04,685.90,1,-1,-1,-1
185,53,942.43,547.92,1051.99,783.35,1,-1,-1,-1
186,33,1858.16,381.65,2025.71,747.66,1,-1,-1,-1
186,45,1094.91,545.20,1208.82,791.17,1,-1,-1,-1
186,46,287.58,298.04,494.57,715.54,1,-1,-1,-1
186,50,493.19,308.16,661.37,706.15,1,-1,-1,-1
187,3,972.46,365.69,1099.03,676.51,1,-1,-1,-1
187,33,1858.90,383.22,2026.36,749.06,1,-1,-1,-1
187,45,1086.75,545.68,1201.02,792.43,1,-1,-1,-1
187,46,285.13,286.16,498.47,717.65,1,-1,-1,-1
187,50,446.53,308.25,615.58,708.29,1,-1,-1,-1
188,3,970.72,365.50,1097.01,677.03,1,-1,-1,-1
188,1,826.59,285.32,1014.24,712.92,1,-1,-1,-1
188,33,1857.10,380.96,2025.03,750.09,1,-1,-1,-1
188,45,1086.57,546.04,1202.42,796.25,1,-1,-1,-1
188,46,281.14,293.30,490.61,716.90,1,-1,-1,-1
188,65,982.54,549.21,1105.99,793.05,1,-1,-1,-1
189,3,961.75,363.46,1085.49,670.58,1,-1,-1,-1
189,1,841.48,286.41,1023.73,703.80,1,-1,-1,-1
189,33,1857.48,382.10,2025.52,751.45,1,-1,-1,-1
189,45,1072.01,540.82,1188.18,792.57,1,-1,-1,-1
189,46,271.35,292.69,478.06,710.64,1,-1,-1,-1
189,65,972.92,542.10,1097.81,789.35,1,-1,-1,-1
190,3,958.86,363.96,1082.32,670.39,1,-1,-1,-1
190,1,846.11,280.08,1027.88,698.06,1,-1,-1,-1
190,45,1063.90,540.71,1180.56,793.55,1,-1,-1,-1
190,46,264.00,289.19,468.42,702.98,1,-1,-1,-1
190,50,871.13,348.50,1004.79,668.38,1,-1,-1,-1
190,65,966.37,539.33,1092.20,788.44,1,-1,-1,-1
191,1,847.51,272.48,1029.23,692.65,1,-1,-1,-1
191,46,256.60,281.97,460.86,696.13,1,-1,-1,-1
191,50,928.96,341.57,1062.26,663.79,1,-1,-1,-1
191,65,952.54,534.39,1076.55,780.29,1,-1,-1,-1
192,1,848.24,269.66,1028.97,689.30,1,-1,-1,-1
192,46,254.41,276.01,457.41,687.65,1,-1,-1,-1
192,50,949.52,335.84,1081.66,657.67,1,-1,-1,-1
192,65,944.53,529.60,1067.08,772.20,1,-1,-1,-1
193,1,852.29,263.36,1033.11,685.42,1,-1,-1,-1
193,46,255.92,277.15,455.14,681.19,1,-1,-1,-1
193,50,957.80,335.05,1087.58,652.86,1,-1,-1,-1
193,65,943.05,528.80,1063.18,767.50,1,-1,-1,-1
194,1,853.14,259.07,1034.89,685.32,1,-1,-1,-1
194,46,249.57,283.02,442.58,673.52,1,-1,-1,-1
194,50,953.28,323.17,1086.67,653.94,1,-1,-1,-1
194,65,935.73,519.73,1058.99,765.99,1,-1,-1,-1
195,1,849.00,256.88,1031.03,685.99,1,-1,-1,-1
195,46,243.62,287.33,432.73,669.43,1,-1,-1,-1
195,50,951.25,318.86,1085.54,653.74,1,-1,-1,-1
195,65,928.62,515.70,1052.19,762.59,1,-1,-1,-1
196,1,846.16,253.50,1029.75,688.27,1,-1,-1,-1
196,46,236.79,288.95,424.27,667.38,1,-1,-1,-1
196,50,949.34,315.26,1085.37,655.11,1,-1,-1,-1
196,65,918.40,514.31,1039.08,756.67,1,-1,-1,-1
197,1,846.30,254.93,1027.75,686.54,1,-1,-1,-1
197,46,224.77,289.56,412.47,667.42,1,-1,-1,-1
197,50,947.67,311.97,1086.30,658.35,1,-1,-1,-1
197,65,909.68,510.88,1031.74,757.12,1,-1,-1,-1
198,1,841.01,252.94,1023.41,689.21,1,-1,-1,-1
198,46,214.84,287.13,405.50,670.22,1,-1,-1,-1
198,50,954.10,310.34,1092.85,657.02,1,-1,-1,-1
198,65,901.74,509.08,1024.31,757.31,1,-1,-1,-1
199,1,839.26,252.92,1020.68,688.93,1,-1,-1,-1
199,46,209.68,296.83,394.99,668.70,1,-1,-1,-1
199,65,890.10,510.52,1011.55,756.83,1,-1,-1,-1
200,1,836.99,244.43,1021.04,689.49,1,-1,-1,-1
200,46,197.99,300.55,382.09,669.58,1,-1,-1,-1
200,65,875.42,507.89,999.70,759.43,1,-1,-1,-1
201,1,829.02,244.57,1009.87,685.14,1,-1,-1,-1
201,46,190.08,301.64,372.78,667.88,1,-1,-1,-1
201,65,870.17,502.40,994.91,756.53,1,-1,-1,-1
202,1,820.33,238.14,1001.14,681.50,1,-1,-1,-1
202,46,175.81,300.58,360.66,671.56,1,-1,-1,-1
202,65,870.54,504.36,990.74,750.89,1,-1,-1,-1
203,1,822.01,235.80,1002.09,678.84,1,-1,-1,-1
203,46,165.56,312.65,343.70,668.80,1,-1,-1,-1
203,65,859.95,491.92,982.72,744.82,1,-1,-1,-1
204,1,818.04,229.08,998.54,675.24,1,-1,-1,-1
204,46,156.77,314.77,333.22,667.52,1,-1,-1,-1
204,65,852.30,488.08,974.05,741.34,1,-1,-1,-1
205,1,820.94,225.33,1002.02,674.58,1,-1,-1,-1
205,65,849.37,486.11,970.73,740.79,1,-1,-1,-1
206,1,820.93,215.48,1005.15,675.69,1,-1,-1,-1
206,65,845.03,485.50,965.38,740.02,1,-1,-1,-1
207,1,826.78,214.46,1009.63,672.24,1,-1,-1,-1
207,65,837.78,482.31,958.49,737.59,1,-1,-1,-1
208,1,831.01,219.50,1008.74,664.38,1,-1,-1,-1
208,65,841.72,495.35,951.97,729.59,1,-1,-1,-1
209,1,828.62,218.27,1003.71,658.12,1,-1,-1,-1
209,46,289.44,339.13,423.32,608.35,1,-1,-1,-1
209,50,912.75,313.49,1034.10,616.62,1,-1,-1,-1
209,65,835.60,493.85,945.15,726.58,1,-1,-1,-1
210,1,832.88,218.57,1005.96,654.54,1,-1,-1,-1
210,46,296.58,342.49,425.78,602.30,1,-1,-1,-1
210,50,908.16,303.56,1032.90,615.36,1,-1,-1,-1
211,1,834.30,218.78,1006.30,653.30,1,-1,-1,-1
211,50,901.36,297.41,1028.56,617.53,1,-1,-1,-1
212,1,839.52,216.94,1011.65,653.60,1,-1,-1,-1
212,50,903.15,293.85,1032.01,619.74,1,-1,-1,-1
213,1,843.37,203.76,1021.64,657.76,1,-1,-1,-1
213,50,903.21,274.08,1043.37,629.26,1,-1,-1,-1
214,1,856.65,193.68,1040.82,663.28,1,-1,-1,-1
214,50,901.79,269.85,1043.51,628.96,1,-1,-1,-1
215,1,867.05,191.86,1051.89,664.15,1,-1,-1,-1
216,1,873.60,185.43,1063.23,670.40,1,-1,-1,-1
217,1,870.10,179.21,1064.19,676.04,1,-1,-1,-1
218,1,870.73,183.42,1061.64,673.02,1,-1,-1,-1
219,1,877.28,190.52,1062.50,666.56,1,-1,-1,-1
220,1,879.69,192.04,1063.93,665.41,1,-1,-1,-1
221,1,880.98,193.34,1063.83,663.67,1,-1,-1,-1
222,1,877.78,185.30,1066.57,671.64,1,-1,-1,-1
222,46,121.79,277.49,286.23,608.63,1,-1,-1,-1
223,1,879.95,183.01,1069.76,672.01,1,-1,-1,-1
223,46,111.34,273.74,277.28,607.91,1,-1,-1,-1
224,1,865.83,169.36,1066.03,687.53,1,-1,-1,-1
224,33,1702.86,326.19,1844.88,634.33,1,-1,-1,-1
225,1,861.19,171.88,1058.65,684.55,1,-1,-1,-1
225,33,1697.86,324.25,1838.96,630.38,1,-1,-1,-1
226,1,861.12,169.02,1060.23,685.99,1,-1,-1,-1
226,50,855.42,182.96,1043.40,661.06,1,-1,-1,-1
227,50,853.91,179.41,1043.25,663.63,1,-1,-1,-1
228,50,844.32,176.91,1034.30,665.21,1,-1,-1,-1
229,50,837.40,180.01,1025.11,661.89,1,-1,-1,-1
230,50,833.42,174.86,1023.71,663.36,1,-1,-1,-1
234,50,670.71,151.34,876.24,678.00,1,-1,-1,-1
235,50,1385.53,254.31,1544.85,651.80,1,-1,-1,-1
236,50,1434.93,258.58,1592.40,651.45,1,-1,-1,-1
236,59,624.35,149.34,833.94,682.11,1,-1,-1,-1
237,59,637.01,218.88,806.98,650.83,1,-1,-1,-1
238,50,1562.40,310.12,1695.58,628.97,1,-1,-1,-1
238,59,630.28,174.57,823.89,666.00,1,-1,-1,-1
239,1,624.18,219.07,787.51,639.44,1,-1,-1,-1
239,50,1566.20,313.07,1698.47,620.73,1,-1,-1,-1
239,59,618.68,160.18,817.10,663.66,1,-1,-1,-1
240,1,610.10,221.41,771.56,636.99,1,-1,-1,-1
240,50,1562.76,315.47,1695.01,617.00,1,-1,-1,-1
240,59,603.41,147.98,809.11,668.66,1,-1,-1,-1
241,1,584.09,213.80,748.37,633.24,1,-1,-1,-1
241,50,1550.59,318.06,1682.01,613.09,1,-1,-1,-1
241,59,584.34,140.22,792.20,664.62,1,-1,-1,-1
242,1,568.65,214.93,731.45,630.63,1,-1,-1,-1
242,50,1530.58,320.71,1660.67,609.80,1,-1,-1,-1
242,59,562.54,135.49,773.07,664.34,1,-1,-1,-1
243,50,1506.54,319.97,1637.94,610.19,1,-1,-1,-1
243,59,541.28,135.89,752.28,662.90,1,-1,-1,-1
244,50,1492.38,319.51,1624.06,610.46,1,-1,-1,-1
244,59,520.04,141.56,731.04,664.98,1,-1,-1,-1
245,50,816.62,202.58,1018.59,650.66,1,-1,-1,-1
245,59,502.38,137.86,715.00,665.30,1,-1,-1,-1
246,50,1146.89,267.08,1312.34,634.00,1,-1,-1,-1
246,59,490.74,144.15,707.97,678.36,1,-1,-1,-1
247,33,1444.88,333.85,1576.93,621.77,1,-1,-1,-1
247,50,1527.62,327.76,1673.72,649.41,1,-1,-1,-1
247,59,479.97,158.63,692.28,677.33,1,-1,-1,-1
248,33,1433.52,334.23,1565.18,621.29,1,-1,-1,-1
248,50,1659.99,347.74,1800.77,656.23,1,-1,-1,-1
248,59,476.19,169.30,686.78,680.25,1,-1,-1,-1
249,33,1432.95,338.06,1566.56,629.61,1,-1,-1,-1
249,50,1701.27,360.68,1840.05,662.57,1,-1,-1,-1
249,65,282.02,474.96,407.48,739.88,1,-1,-1,-1
249,59,474.83,173.26,685.79,682.60,1,-1,-1,-1
250,33,1422.71,338.80,1556.18,630.06,1,-1,-1,-1
250,50,1713.68,361.27,1855.26,667.44,1,-1,-1,-1
250,65,267.15,474.63,393.14,740.66,1,-1,-1,-1
250,59,473.56,176.71,687.88,690.06,1,-1,-1,-1
251,50,1520.48,338.80,1662.08,645.86,1,-1,-1,-1
251,59,472.71,176.64,689.92,694.11,1,-1,-1,-1
252,50,1446.65,329.53,1588.46,638.20,1,-1,-1,-1
252,59,462.34,177.69,680.18,696.64,1,-1,-1,-1
253,50,1607.89,344.60,1750.04,652.53,1,-1,-1,-1
253,59,479.93,195.28,682.62,678.81,1,-1,-1,-1
254,33,1410.44,335.56,1547.98,635.66,1,-1,-1,-1
254,50,1669.11,349.69,1812.69,659.28,1,-1,-1,-1
254,59,483.14,198.72,683.23,675.57,1,-1,-1,-1
255,33,1408.93,333.18,1548.61,639.56,1,-1,-1,-1
255,50,1696.49,352.24,1840.46,662.42,1,-1,-1,-1
255,59,490.03,207.25,686.46,675.17,1,-1,-1,-1
256,33,1413.21,337.62,1552.52,644.17,1,-1,-1,-1
256,50,1706.87,356.47,1851.76,668.16,1,-1,-1,-1
256,59,498.02,211.61,692.12,675.02,1,-1,-1,-1
257,33,1411.00,339.97,1549.79,644.57,1,-1,-1,-1
257,50,1715.80,359.34,1859.62,668.26,1,-1,-1,-1
257,65,197.61,482.42,332.19,758.31,1,-1,-1,-1
257,59,494.75,203.68,692.08,674.97,1,-1,-1,-1
258,1,248.39,271.74,399.53,643.63,1,-1,-1,-1
258,33,1410.30,336.89,1549.06,640.04,1,-1,-1,-1
258,50,1716.50,351.08,1864.55,668.86,1,-1,-1,-1
258,65,185.49,482.86,320.69,760.01,1,-1,-1,-1
258,59,494.57,203.32,690.62,670.98,1,-1,-1,-1
259,1,229.06,275.01,379.04,644.05,1,-1,-1,-1
259,33,1405.44,337.08,1544.45,640.77,1,-1,-1,-1
259,50,1523.59,334.24,1668.76,646.14,1,-1,-1,-1
259,59,493.67,196.41,691.22,666.81,1,-1,-1,-1
260,50,1453.21,323.03,1596.89,631.91,1,-1,-1,-1
260,59,492.66,187.81,692.34,661.96,1,-1,-1,-1
261,46,346.70,232.62,538.72,638.78,1,-1,-1,-1
261,50,1432.92,320.65,1576.73,629.81,1,-1,-1,-1
261,59,1113.38,277.14,1264.82,633.73,1,-1,-1,-1
262,46,357.46,232.30,550.23,640.03,1,-1,-1,-1
262,65,158.66,465.85,298.83,738.77,1,-1,-1,-1
262,59,1371.95,305.62,1506.91,621.62,1,-1,-1,-1
262,92,1717.01,336.46,1868.77,651.07,1,-1,-1,-1
263,50,403.61,249.15,571.19,610.71,1,-1,-1,-1
263,65,156.70,466.29,297.92,733.85,1,-1,-1,-1
263,59,765.91,212.04,946.53,635.03,1,-1,-1,-1
263,92,1725.10,342.88,1875.54,654.23,1,-1,-1,-1
264,50,1035.75,288.19,1185.81,612.82,1,-1,-1,-1
264,65,167.22,464.42,305.82,726.21,1,-1,-1,-1
264,59,602.41,188.25,793.90,635.98,1,-1,-1,-1
264,92,1729.14,344.89,1879.36,655.80,1,-1,-1,-1
265,50,983.86,283.44,1134.68,609.73,1,-1,-1,-1
265,65,161.59,468.46,300.12,726.80,1,-1,-1,-1
265,59,1138.94,263.91,1293.95,624.44,1,-1,-1,-1
266,46,356.74,230.07,540.31,629.27,1,-1,-1,-1
266,65,151.25,459.96,296.79,729.09,1,-1,-1,-1
266,59,1376.07,295.63,1516.93,621.86,1,-1,-1,-1
267,46,339.25,222.85,526.05,636.01,1,-1,-1,-1
267,65,132.39,456.21,284.07,738.47,1,-1,-1,-1
267,59,1443.61,311.46,1575.78,615.46,1,-1,-1,-1
268,46,330.94,229.82,514.54,638.15,1,-1,-1,-1
268,50,215.13,436.04,354.09,737.03,1,-1,-1,-1
268,65,124.07,454.49,276.72,738.56,1,-1,-1,-1
268,59,797.60,222.04,977.90,638.12,1,-1,-1,-1
268,92,1722.15,342.47,1869.05,645.74,1,-1,-1,-1
269,33,1417.22,313.72,1556.41,617.86,1,-1,-1,-1
269,46,332.44,229.59,516.44,638.83,1,-1,-1,-1
269,50,107.29,446.52,245.74,746.40,1,-1,-1,-1
269,59,738.12,213.41,922.47,638.84,1,-1,-1,-1
269,92,1710.48,340.87,1858.77,646.44,1,-1,-1,-1
270,33,1416.48,312.19,1555.76,616.53,1,-1,-1,-1
270,46,294.13,233.00,475.45,639.11,1,-1,-1,-1
270,50,1137.93,335.85,1281.41,648.54,1,-1,-1,-1
270,59,538.39,192.37,732.47,641.36,1,-1,-1,-1
270,92,1698.82,343.75,1844.57,642.60,1,-1,-1,-1
271,33,1400.10,309.34,1542.23,619.81,1,-1,-1,-1
271,46,276.25,233.74,456.21,639.24,1,-1,-1,-1
271,50,441.82,427.68,578.37,727.29,1,-1,-1,-1
271,59,474.36,186.73,674.15,649.87,1,-1,-1,-1
271,92,1691.30,347.51,1833.85,637.82,1,-1,-1,-1
272,33,1397.82,307.68,1540.31,618.94,1,-1,-1,-1
272,46,259.87,247.32,431.71,635.27,1,-1,-1,-1
272,50,1056.02,352.25,1194.50,654.46,1,-1,-1,-1
272,59,448.01,186.69,647.83,650.52,1,-1,-1,-1
272,92,1681.73,340.70,1826.77,635.44,1,-1,-1,-1
273,46,242.33,243.64,414.77,633.75,1,-1,-1,-1
273,50,1272.46,317.60,1414.80,628.08,1,-1,-1,-1
273,59,437.39,185.77,634.22,644.27,1,-1,-1,-1
273,92,1673.55,334.22,1819.15,629.94,1,-1,-1,-1
274,46,234.62,244.78,406.50,633.60,1,-1,-1,-1
274,50,1344.10,306.71,1486.06,615.69,1,-1,-1,-1
274,59,424.44,179.89,624.16,647.63,1,-1,-1,-1
274,92,1661.37,335.79,1807.08,631.95,1,-1,-1,-1
275,50,1359.88,301.46,1503.08,612.50,1,-1,-1,-1
275,59,407.37,177.22,608.54,648.88,1,-1,-1,-1
275,92,1646.99,331.09,1793.46,629.46,1,-1,-1,-1
276,1,7.34,243.65,170.80,628.17,1,-1,-1,-1
276,50,1354.98,300.37,1498.20,611.51,1,-1,-1,-1
276,59,394.17,177.12,594.45,648.04,1,-1,-1,-1
276,92,1631.87,333.33,1779.30,633.89,1,-1,-1,-1
277,1,-6.12,242.30,157.58,627.37,1,-1,-1,-1
277,50,1345.34,300.86,1491.14,619.95,1,-1,-1,-1
277,59,381.45,176.06,582.50,648.97,1,-1,-1,-1
277,92,1619.48,343.47,1763.32,636.28,1,-1,-1,-1
278,50,1334.69,312.31,1475.93,621.30,1,-1,-1,-1
278,59,368.65,175.89,570.36,649.95,1,-1,-1,-1
278,92,1610.92,358.07,1751.81,644.60,1,-1,-1,-1
279,50,1329.71,322.37,1467.53,624.69,1,-1,-1,-1
279,59,356.85,177.35,557.65,648.98,1,-1,-1,-1
279,92,1598.08,362.10,1739.11,649.04,1,-1,-1,-1
279,72,-73.73,281.68,99.75,656.02,1,-1,-1,-1
280,50,1322.23,325.55,1458.72,626.74,1,-1,-1,-1
280,59,344.88,178.12,545.83,649.24,1,-1,-1,-1
280,92,1588.19,362.84,1730.21,651.98,1,-1,-1,-1
280,72,-71.47,211.42,114.70,613.16,1,-1,-1,-1
281,50,1316.11,331.44,1447.40,622.93,1,-1,-1,-1
281,59,332.12,177.94,533.36,649.31,1,-1,-1,-1
281,92,1573.60,359.06,1719.88,657.02,1,-1,-1,-1
281,72,-116.48,207.67,75.78,623.70,1,-1,-1,-1
282,50,1307.99,329.01,1437.71,618.90,1,-1,-1,-1
282,59,328.44,178.67,529.44,648.65,1,-1,-1,-1
282,92,1564.07,357.58,1711.44,658.21,1,-1,-1,-1
282,72,-126.62,195.10,67.99,618.62,1,-1,-1,-1
283,50,1308.22,325.46,1438.66,619.51,1,-1,-1,-1
283,59,328.20,179.10,529.40,648.38,1,-1,-1,-1
283,92,1560.58,356.29,1708.82,659.26,1,-1,-1,-1
283,72,-134.56,180.07,67.00,620.99,1,-1,-1,-1
284,50,1304.62,330.13,1433.31,621.79,1,-1,-1,-1
284,59,325.63,181.36,525.58,646.28,1,-1,-1,-1
284,92,1555.72,357.73,1702.84,658.95,1,-1,-1,-1
284,72,-137.57,180.44,65.58,627.27,1,-1,-1,-1
285,50,1296.66,329.28,1426.91,626.07,1,-1,-1,-1
285,59,321.68,184.31,520.06,644.81,1,-1,-1,-1
285,92,1551.48,366.83,1694.43,658.77,1,-1,-1,-1
285,72,-145.65,144.02,65.99,609.53,1,-1,-1,-1
286,50,1288.41,328.31,1420.06,629.68,1,-1,-1,-1
286,59,316.81,190.15,514.00,646.90,1,-1,-1,-1
286,92,1543.72,366.22,1688.83,662.64,1,-1,-1,-1
286,72,-136.61,189.06,63.31,632.52,1,-1,-1,-1
287,50,1281.07,333.22,1411.95,633.71,1,-1,-1,-1
287,59,316.05,198.38,511.72,651.01,1,-1,-1,-1
287,92,1542.24,373.20,1685.17,665.35,1,-1,-1,-1
287,72,-142.81,161.93,63.44,619.43,1,-1,-1,-1
288,50,1278.01,335.11,1408.63,635.92,1,-1,-1,-1
288,59,316.70,202.17,511.54,653.20,1,-1,-1,-1
288,92,1538.21,377.12,1679.33,665.65,1,-1,-1,-1
289,50,1271.07,337.79,1403.62,642.69,1,-1,-1,-1
289,59,318.34,210.21,510.78,655.99,1,-1,-1,-1
289,92,1530.94,375.84,1674.17,668.36,1,-1,-1,-1
290,50,1268.52,339.45,1401.46,645.22,1,-1,-1,-1
290,59,321.19,215.87,510.26,655.01,1,-1,-1,-1
290,92,1528.26,375.95,1672.01,669.33,1,-1,-1,-1
291,50,1272.94,341.37,1404.94,644.83,1,-1,-1,-1
291,59,327.82,219.26,514.35,653.93,1,-1,-1,-1
291,92,1521.83,377.70,1665.47,670.85,1,-1,-1,-1
291,72,1373.00,344.72,1515.42,657.03,1,-1,-1,-1
292,50,1279.61,344.05,1409.70,642.65,1,-1,-1,-1
292,59,335.68,220.45,520.77,653.50,1,-1,-1,-1
292,72,1546.96,370.65,1681.14,662.53,1,-1,-1,-1
293,50,1286.92,345.03,1416.50,641.78,1,-1,-1,-1
293,59,338.78,219.48,524.42,654.65,1,-1,-1,-1
293,72,1592.26,371.51,1725.43,658.93,1,-1,-1,-1
294,50,1294.36,346.02,1423.42,640.77,1,-1,-1,-1
294,59,346.14,225.68,529.44,655.73,1,-1,-1,-1
294,92,1556.04,375.91,1693.91,657.32,1,-1,-1,-1
294,72,1711.87,373.45,1842.41,655.21,1,-1,-1,-1
295,50,1299.59,341.70,1432.63,644.36,1,-1,-1,-1
295,59,880.52,379.19,994.40,638.12,1,-1,-1,-1
295,92,1554.71,376.98,1691.95,657.12,1,-1,-1,-1
295,72,1621.92,371.76,1755.13,657.69,1,-1,-1,-1
296,1,355.44,230.87,535.84,654.60,1,-1,-1,-1
296,50,1302.67,343.36,1435.37,643.06,1,-1,-1,-1
296,59,1111.44,445.28,1195.31,630.43,1,-1,-1,-1
296,72,1615.16,368.14,1752.12,660.59,1,-1,-1,-1
297,1,364.50,230.75,546.84,655.97,1,-1,-1,-1
297,50,1312.16,343.31,1445.63,643.18,1,-1,-1,-1
297,59,1164.67,460.49,1242.60,627.98,1,-1,-1,-1
297,72,1613.30,362.14,1756.44,666.36,1,-1,-1,-1
298,1,380.24,232.03,566.18,663.02,1,-1,-1,-1
298,50,1324.63,343.27,1458.80,643.88,1,-1,-1,-1
298,59,1243.63,484.84,1309.06,625.45,1,-1,-1,-1
298,72,1619.52,359.26,1766.20,669.86,1,-1,-1,-1
299,1,383.71,229.25,574.81,668.91,1,-1,-1,-1
299,50,1340.12,350.50,1471.77,644.78,1,-1,-1,-1
299,72,1627.05,374.04,1769.71,672.54,1,-1,-1,-1
300,1,388.96,224.93,581.48,667.17,1,-1,-1,-1
300,50,1349.45,347.23,1482.08,643.77,1,-1,-1,-1
300,72,1633.41,375.74,1779.47,677.63,1,-1,-1,-1
301,1,398.06,229.21,585.52,658.53,1,-1,-1,-1
301,50,1362.49,345.99,1495.07,642.06,1,-1,-1,-1
301,72,1638.72,371.68,1786.86,675.48,1,-1,-1,-1
302,1,403.61,222.25,593.52,654.44,1,-1,-1,-1
302,50,1377.23,341.52,1508.83,635.44,1,-1,-1,-1
302,72,1643.63,365.47,1793.44,670.01,1,-1,-1,-1
303,1,416.13,219.70,603.02,645.00,1,-1,-1,-1
303,50,1386.36,334.51,1518.45,629.63,1,-1,-1,-1
303,72,1650.96,368.40,1797.39,662.64,1,-1,-1,-1
304,1,420.08,213.46,606.27,637.41,1,-1,-1,-1
304,50,1389.69,327.93,1522.22,623.51,1,-1,-1,-1
304,72,1649.13,360.13,1799.28,659.17,1,-1,-1,-1
305,1,429.84,204.56,617.50,631.96,1,-1,-1,-1
305,50,1395.57,326.15,1527.64,619.93,1,-1,-1,-1
305,72,1656.75,357.12,1808.69,658.60,1,-1,-1,-1
306,1,443.22,202.61,630.31,627.99,1,-1,-1,-1
306,50,1406.02,324.21,1539.38,620.64,1,-1,-1,-1
306,72,1668.20,356.01,1820.73,659.10,1,-1,-1,-1
307,1,458.20,203.97,642.83,623.26,1,-1,-1,-1
307,50,1419.41,327.49,1552.91,623.61,1,-1,-1,-1
307,72,1680.47,359.60,1833.90,663.29,1,-1,-1,-1
308,1,466.46,197.94,652.59,620.91,1,-1,-1,-1
308,50,1428.72,325.49,1562.41,621.49,1,-1,-1,-1
308,72,1696.17,368.26,1844.49,658.32,1,-1,-1,-1
309,1,472.93,193.13,661.29,622.10,1,-1,-1,-1
309,50,1431.11,322.79,1566.47,622.06,1,-1,-1,-1
309,72,1701.57,373.62,1846.64,654.42,1,-1,-1,-1
309,112,1208.08,436.76,1304.99,604.41,1,-1,-1,-1
310,1,484.00,190.28,672.69,620.00,1,-1,-1,-1
310,50,1427.82,323.80,1562.39,620.34,1,-1,-1,-1
310,59,478.15,207.77,670.77,626.68,1,-1,-1,-1
310,72,1697.35,369.49,1843.14,649.66,1,-1,-1,-1
310,112,1199.41,433.90,1299.37,606.94,1,-1,-1,-1
311,50,1424.83,322.25,1561.21,622.38,1,-1,-1,-1
311,59,446.85,194.08,645.56,629.92,1,-1,-1,-1
311,72,1692.22,371.30,1834.93,644.64,1,-1,-1,-1
311,112,1193.62,437.36,1289.83,604.14,1,-1,-1,-1
312,50,1419.13,324.99,1556.39,626.47,1,-1,-1,-1
312,59,431.44,187.16,633.65,633.46,1,-1,-1,-1
312,72,1689.42,371.96,1830.50,642.17,1,-1,-1,-1
312,112,1191.46,437.91,1287.11,603.87,1,-1,-1,-1
313,50,1421.14,322.78,1558.50,624.10,1,-1,-1,-1
313,59,426.08,184.18,629.61,635.58,1,-1,-1,-1
313,72,1689.19,374.86,1828.40,639.33,1,-1,-1,-1
313,112,1187.07,439.49,1281.05,602.40,1,-1,-1,-1
314,50,1422.08,321.97,1559.42,622.55,1,-1,-1,-1
314,59,882.07,333.95,1014.12,616.70,1,-1,-1,-1
314,72,1694.61,379.28,1829.87,635.01,1,-1,-1,-1
314,112,1183.29,440.08,1276.52,601.68,1,-1,-1,-1
315,50,1426.85,320.38,1564.28,621.98,1,-1,-1,-1
315,59,1100.24,408.94,1195.68,607.13,1,-1,-1,-1
315,72,1696.44,382.22,1829.63,632.16,1,-1,-1,-1
316,1,444.94,203.19,641.41,648.52,1,-1,-1,-1
316,50,1424.50,321.13,1560.73,620.47,1,-1,-1,-1
316,59,1160.06,434.81,1241.76,599.85,1,-1,-1,-1
316,72,1690.29,376.46,1826.13,628.52,1,-1,-1,-1
317,1,447.47,202.78,644.68,649.77,1,-1,-1,-1
317,50,1596.18,345.94,1725.41,625.22,1,-1,-1,-1
317,59,1165.29,442.01,1244.90,597.88,1,-1,-1,-1
317,72,1697.75,377.04,1831.83,625.84,1,-1,-1,-1
318,1,427.58,202.86,627.92,654.94,1,-1,-1,-1
318,33,1422.40,322.88,1554.28,617.95,1,-1,-1,-1
318,50,1618.08,348.00,1746.32,625.13,1,-1,-1,-1
318,59,1163.99,440.48,1247.71,601.74,1,-1,-1,-1
318,72,1676.07,372.38,1813.81,627.78,1,-1,-1,-1
319,1,421.74,212.90,617.90,653.50,1,-1,-1,-1
319,33,1423.56,323.68,1555.16,618.13,1,-1,-1,-1
319,59,1334.77,359.04,1464.22,612.82,1,-1,-1,-1
319,72,1671.54,376.17,1809.85,633.32,1,-1,-1,-1
320,1,414.31,215.19,610.91,654.94,1,-1,-1,-1
320,59,1392.82,333.21,1535.86,618.12,1,-1,-1,-1
320,72,1665.35,376.86,1804.90,636.01,1,-1,-1,-1
320,112,1135.53,437.24,1233.98,607.62,1,-1,-1,-1
321,1,414.29,208.74,614.22,655.43,1,-1,-1,-1
321,59,1570.74,358.49,1713.28,641.67,1,-1,-1,-1
321,72,1667.36,377.30,1806.23,635.19,1,-1,-1,-1
321,112,1129.32,437.21,1227.95,607.90,1,-1,-1,-1
322,1,417.53,216.81,612.91,652.28,1,-1,-1,-1
322,33,1416.59,339.79,1549.10,641.02,1,-1,-1,-1
322,59,1642.52,375.46,1785.03,657.73,1,-1,-1,-1
323,1,417.61,217.91,613.63,654.34,1,-1,-1,-1
323,33,1412.82,349.07,1541.81,646.81,1,-1,-1,-1
323,59,1664.01,384.71,1807.70,669.78,1,-1,-1,-1
323,112,1119.36,454.80,1217.84,625.85,1,-1,-1,-1
324,1,408.81,218.95,604.22,653.76,1,-1,-1,-1
324,33,1402.60,355.58,1528.58,647.37,1,-1,-1,-1
324,59,1662.58,390.61,1805.29,673.77,1,-1,-1,-1
324,112,1108.66,458.88,1205.55,627.94,1,-1,-1,-1
325,1,400.56,214.67,595.69,648.86,1,-1,-1,-1
325,33,1400.32,359.52,1525.90,650.42,1,-1,-1,-1
325,59,1498.22,364.47,1644.34,659.12,1,-1,-1,-1
325,72,1622.53,401.89,1762.86,664.95,1,-1,-1,-1
325,112,1095.44,459.60,1192.33,628.64,1,-1,-1,-1
326,1,404.55,213.03,594.78,637.07,1,-1,-1,-1
326,59,1432.05,344.98,1582.11,653.32,1,-1,-1,-1
326,72,1615.42,392.54,1761.68,669.77,1,-1,-1,-1
326,112,1090.23,453.86,1188.17,625.53,1,-1,-1,-1
327,1,411.85,209.71,598.18,626.59,1,-1,-1,-1
327,59,1410.08,336.21,1560.57,650.27,1,-1,-1,-1
327,72,1617.45,389.42,1765.20,671.43,1,-1,-1,-1
327,112,1086.94,443.77,1188.41,623.00,1,-1,-1,-1
328,1,411.45,209.46,596.87,624.29,1,-1,-1,-1
328,59,783.03,249.69,965.16,633.65,1,-1,-1,-1
328,72,1623.26,401.17,1763.08,668.08,1,-1,-1,-1
328,112,1087.47,442.54,1187.08,618.77,1,-1,-1,-1
329,33,1387.33,340.80,1519.63,647.25,1,-1,-1,-1
329,59,547.18,216.20,740.08,626.84,1,-1,-1,-1
329,72,1619.73,403.04,1758.32,668.63,1,-1,-1,-1
329,112,1078.79,442.06,1178.30,617.06,1,-1,-1,-1
330,33,1382.11,341.07,1513.80,646.20,1,-1,-1,-1
330,59,1175.17,313.44,1335.58,653.88,1,-1,-1,-1
330,72,1617.51,405.00,1755.96,670.31,1,-1,-1,-1
330,112,1072.61,441.70,1172.39,617.18,1,-1,-1,-1
331,1,398.77,198.26,591.76,630.43,1,-1,-1,-1
331,33,1373.84,339.17,1507.67,649.13,1,-1,-1,-1
331,59,1457.80,357.85,1603.71,667.36,1,-1,-1,-1
332,1,397.22,196.97,590.34,629.42,1,-1,-1,-1
332,33,1366.44,339.11,1501.34,649.52,1,-1,-1,-1
332,59,739.33,253.59,923.90,647.08,1,-1,-1,-1
332,72,1591.70,392.06,1735.12,669.72,1,-1,-1,-1
333,1,383.71,198.29,582.35,641.45,1,-1,-1,-1
333,33,1363.67,343.03,1499.13,652.25,1,-1,-1,-1
333,59,1229.38,323.13,1388.89,664.55,1,-1,-1,-1
333,72,1587.27,392.33,1731.21,671.00,1,-1,-1,-1
334,1,380.39,202.43,580.69,647.93,1,-1,-1,-1
334,33,1361.12,337.91,1500.08,652.58,1,-1,-1,-1
334,59,1471.46,359.83,1617.21,671.48,1,-1,-1,-1
335,1,378.47,202.63,580.90,652.90,1,-1,-1,-1
335,33,1357.58,337.84,1497.17,653.90,1,-1,-1,-1
335,59,1402.39,336.30,1550.63,654.93,1,-1,-1,-1
335,72,1589.04,370.20,1739.08,665.50,1,-1,-1,-1
336,1,373.98,204.69,575.73,653.43,1,-1,-1,-1
336,59,1526.36,353.03,1669.14,660.27,1,-1,-1,-1
336,72,1585.50,368.33,1736.76,666.02,1,-1,-1,-1
336,112,1035.48,449.40,1132.78,620.82,1,-1,-1,-1
337,1,373.05,207.47,572.49,651.60,1,-1,-1,-1
337,59,1424.68,331.79,1569.09,644.28,1,-1,-1,-1
337,112,1029.29,449.83,1126.54,621.18,1,-1,-1,-1
338,1,373.15,208.53,571.67,650.86,1,-1,-1,-1
338,59,1528.95,345.81,1671.63,653.52,1,-1,-1,-1
338,112,1021.22,443.66,1119.47,616.31,1,-1,-1,-1
339,1,372.10,206.94,571.98,651.87,1,-1,-1,-1
339,33,1374.97,320.71,1511.21,629.06,1,-1,-1,-1
339,59,1579.27,349.49,1718.53,650.50,1,-1,-1,-1
339,112,1018.60,441.78,1117.51,615.37,1,-1,-1,-1
340,1,376.27,205.67,577.56,652.88,1,-1,-1,-1
340,33,1386.62,317.65,1522.72,627.22,1,-1,-1,-1
340,59,1598.16,350.35,1736.29,648.69,1,-1,-1,-1
340,112,1018.48,442.45,1116.21,613.72,1,-1,-1,-1
340,117,1760.00,373.57,1899.20,669.44,1,-1,-1,-1
341,1,387.75,206.51,588.35,651.92,1,-1,-1,-1
341,33,1390.80,317.31,1526.65,627.28,1,-1,-1,-1
341,59,1610.37,354.10,1745.60,646.04,1,-1,-1,-1
341,112,1019.04,442.72,1116.27,613.10,1,-1,-1,-1
341,117,1758.91,371.16,1900.01,671.95,1,-1,-1,-1
342,1,401.89,206.83,601.92,650.86,1,-1,-1,-1
342,33,1397.77,322.53,1531.91,629.32,1,-1,-1,-1
342,59,1617.29,357.60,1753.78,651.77,1,-1,-1,-1
342,112,1014.41,442.49,1111.52,612.67,1,-1,-1,-1
342,117,1755.90,379.98,1893.47,672.81,1,-1,-1,-1
343,1,412.79,208.94,610.71,648.46,1,-1,-1,-1
343,33,1399.30,321.72,1533.40,628.47,1,-1,-1,-1
343,59,1483.29,343.68,1619.64,639.97,1,-1,-1,-1
343,117,1742.63,383.86,1883.26,682.47,1,-1,-1,-1
344,1,422.28,211.06,617.80,646.87,1,-1,-1,-1
344,59,1579.35,376.83,1712.42,663.31,1,-1,-1,-1
344,112,1020.05,452.18,1114.97,617.06,1,-1,-1,-1
344,117,1732.55,388.62,1875.79,691.98,1,-1,-1,-1
345,1,431.00,212.50,624.40,646.27,1,-1,-1,-1
345,59,1465.68,354.72,1602.40,650.83,1,-1,-1,-1
345,112,1023.25,457.85,1113.22,613.58,1,-1,-1,-1
345,117,1728.32,389.58,1874.02,697.34,1,-1,-1,-1
346,1,439.32,213.03,630.86,645.38,1,-1,-1,-1
346,59,1428.43,345.36,1567.42,647.59,1,-1,-1,-1
346,72,1618.35,374.17,1766.56,669.07,1,-1,-1,-1
346,112,1020.91,459.21,1109.93,613.30,1,-1,-1,-1
346,117,1717.40,391.19,1863.58,697.80,1,-1,-1,-1
347,1,454.14,203.25,648.49,645.72,1,-1,-1,-1
347,59,1419.81,343.78,1557.95,643.74,1,-1,-1,-1
347,72,1630.87,383.92,1768.92,659.90,1,-1,-1,-1
347,117,1713.09,391.02,1859.65,696.42,1,-1,-1,-1
348,1,466.27,202.22,658.06,642.57,1,-1,-1,-1
348,59,1420.23,336.00,1560.57,640.30,1,-1,-1,-1
348,72,1632.85,384.63,1770.27,659.36,1,-1,-1,-1
348,112,1035.75,451.65,1126.41,608.65,1,-1,-1,-1
348,117,1710.88,380.82,1859.26,688.38,1,-1,-1,-1
349,1,471.34,202.52,661.48,640.71,1,-1,-1,-1
349,59,1425.93,329.86,1566.37,634.44,1,-1,-1,-1
349,112,1037.91,446.50,1128.62,602.51,1,-1,-1,-1
349,117,1705.83,380.89,1854.88,689.85,1,-1,-1,-1
350,1,477.69,201.33,667.13,640.03,1,-1,-1,-1
350,59,1429.45,329.60,1567.83,628.97,1,-1,-1,-1
350,112,1038.56,444.03,1129.51,599.05,1,-1,-1,-1
350,117,1705.96,355.10,1863.94,683.22,1,-1,-1,-1
351,1,480.37,198.26,668.54,635.17,1,-1,-1,-1
351,59,1435.85,329.63,1573.14,626.29,1,-1,-1,-1
351,72,1663.69,352.83,1804.13,640.00,1,-1,-1,-1
351,112,1041.37,436.47,1135.95,597.82,1,-1,-1,-1
351,117,1701.50,352.13,1861.16,683.73,1,-1,-1,-1
352,1,487.94,202.42,671.32,628.73,1,-1,-1,-1
352,59,1444.07,331.73,1579.61,624.04,1,-1,-1,-1
352,72,1668.14,349.94,1808.81,637.58,1,-1,-1,-1
352,112,1042.70,433.70,1138.68,597.40,1,-1,-1,-1
352,117,1705.46,347.48,1865.17,682.50,1,-1,-1,-1
353,1,495.06,203.37,676.96,626.34,1,-1,-1,-1
353,59,1451.24,331.28,1587.58,625.28,1,-1,-1,-1
353,72,1677.94,342.28,1822.27,643.70,1,-1,-1,-1
353,112,1046.26,430.08,1145.16,599.27,1,-1,-1,-1
353,117,1701.79,344.34,1863.16,682.84,1,-1,-1,-1
354,1,495.65,199.73,680.70,629.52,1,-1,-1,-1
354,59,1458.99,331.84,1594.87,624.49,1,-1,-1,-1
354,72,1682.62,336.97,1832.97,656.68,1,-1,-1,-1
354,112,1047.17,428.28,1146.50,598.20,1,-1,-1,-1
355,1,494.85,195.75,683.44,633.38,1,-1,-1,-1
355,59,1462.92,334.11,1596.73,622.28,1,-1,-1,-1
355,72,1678.56,331.85,1833.55,665.23,1,-1,-1,-1
355,112,1044.04,430.73,1141.93,597.80,1,-1,-1,-1
356,1,495.20,196.90,682.81,632.26,1,-1,-1,-1
356,59,1463.76,333.69,1597.44,621.51,1,-1,-1,-1
356,72,1667.13,328.04,1824.66,669.87,1,-1,-1,-1
356,112,1037.93,429.79,1136.98,598.96,1,-1,-1,-1
357,1,494.89,196.72,682.61,632.52,1,-1,-1,-1
357,59,1460.13,331.58,1592.35,616.64,1,-1,-1,-1
357,72,1648.18,327.32,1807.59,671.66,1,-1,-1,-1
357,112,1037.77,428.46,1137.14,598.18,1,-1,-1,-1
358,1,495.57,198.66,681.44,630.66,1,-1,-1,-1
358,59,1458.39,329.50,1590.15,614.22,1,-1,-1,-1
358,72,1636.06,341.44,1787.21,665.84,1,-1,-1,-1
358,112,1029.83,430.13,1128.10,598.64,1,-1,-1,-1
359,1,499.74,197.43,686.07,631.97,1,-1,-1,-1
359,59,1455.52,332.74,1583.61,609.40,1,-1,-1,-1
359,72,1614.66,339.87,1767.65,662.81,1,-1,-1,-1
359,112,1018.72,430.38,1117.09,598.67,1,-1,-1,-1
360,1,501.93,198.30,686.94,631.16,1,-1,-1,-1
360,59,1453.24,330.67,1582.40,610.37,1,-1,-1,-1
360,72,1591.39,342.64,1747.63,667.62,1,-1,-1,-1
360,112,1010.93,435.78,1107.83,600.67,1,-1,-1,-1
361,1,504.59,205.93,685.84,630.87,1,-1,-1,-1
361,59,1451.62,328.61,1582.15,612.11,1,-1,-1,-1
361,72,1578.84,347.02,1734.20,665.48,1,-1,-1,-1
361,112,1008.33,434.52,1104.17,597.46,1,-1,-1,-1
362,1,510.70,210.82,688.70,630.12,1,-1,-1,-1
362,59,1448.43,331.83,1576.14,609.53,1,-1,-1,-1
362,72,1567.98,360.05,1716.94,662.64,1,-1,-1,-1
362,112,1002.24,438.05,1098.16,600.94,1,-1,-1,-1
363,1,512.89,213.29,688.96,630.53,1,-1,-1,-1
363,59,1442.54,333.10,1569.29,608.63,1,-1,-1,-1
363,72,1552.07,360.96,1703.88,666.27,1,-1,-1,-1
363,112,995.22,439.38,1091.57,602.91,1,-1,-1,-1
364,1,514.48,218.82,688.72,634.03,1,-1,-1,-1
364,59,1438.69,330.93,1567.87,612.35,1,-1,-1,-1
364,72,1540.91,359.27,1695.63,669.56,1,-1,-1,-1
364,112,987.15,439.21,1084.85,604.32,1,-1,-1,-1
365,1,510.43,220.17,683.74,635.35,1,-1,-1,-1
365,50,1646.60,350.04,1787.27,650.99,1,-1,-1,-1
365,59,1432.31,332.77,1563.20,618.37,1,-1,-1,-1
365,72,1529.20,365.21,1682.10,672.76,1,-1,-1,-1
365,112,978.42,441.12,1079.03,610.78,1,-1,-1,-1
366,1,502.74,215.97,679.25,640.49,1,-1,-1,-1
366,50,1640.22,352.29,1782.20,656.61,1,-1,-1,-1
366,59,1488.78,357.80,1624.27,652.24,1,-1,-1,-1
366,72,1521.14,366.36,1673.99,673.82,1,-1,-1,-1
366,112,970.28,441.83,1072.14,613.86,1,-1,-1,-1
367,1,497.22,209.10,678.81,646.99,1,-1,-1,-1
367,50,1637.98,354.01,1778.98,658.54,1,-1,-1,-1
367,59,1498.03,362.71,1640.05,670.91,1,-1,-1,-1
367,112,964.08,444.05,1064.38,613.69,1,-1,-1,-1
368,1,491.21,207.77,674.03,648.13,1,-1,-1,-1
368,50,1637.44,355.36,1778.30,659.90,1,-1,-1,-1
368,59,1452.63,356.78,1585.76,647.63,1,-1,-1,-1
368,112,956.87,448.19,1057.40,617.54,1,-1,-1,-1
369,1,489.62,209.88,671.41,647.20,1,-1,-1,-1
369,50,1634.68,355.60,1775.99,661.08,1,-1,-1,-1
369,59,1577.80,356.88,1714.74,655.99,1,-1,-1,-1
369,72,1481.76,358.44,1641.23,684.99,1,-1,-1,-1
369,112,952.99,443.78,1056.29,618.29,1,-1,-1,-1
370,1,487.28,206.72,672.16,650.75,1,-1,-1,-1
370,33,1433.29,342.84,1557.80,630.90,1,-1,-1,-1
370,59,1180.52,411.78,1283.73,632.19,1,-1,-1,-1
370,72,1474.49,358.83,1631.03,684.26,1,-1,-1,-1
370,112,947.90,444.18,1051.70,619.55,1,-1,-1,-1
371,1,487.42,207.50,672.11,650.08,1,-1,-1,-1
371,33,1435.66,350.29,1557.39,631.72,1,-1,-1,-1
371,50,1637.99,362.74,1778.06,663.91,1,-1,-1,-1
371,59,1011.72,436.87,1099.08,619.44,1,-1,-1,-1
371,72,1470.23,364.24,1620.12,679.36,1,-1,-1,-1
372,1,493.32,211.76,674.83,645.81,1,-1,-1,-1
372,33,1438.48,347.87,1564.06,636.75,1,-1,-1,-1
372,50,1643.33,365.25,1783.22,663.67,1,-1,-1,-1
372,59,962.24,440.91,1048.49,617.94,1,-1,-1,-1
372,72,1456.41,356.30,1609.04,678.76,1,-1,-1,-1
373,1,494.56,211.39,677.56,646.80,1,-1,-1,-1
373,33,1440.08,348.89,1565.60,637.64,1,-1,-1,-1
373,50,1647.58,361.44,1791.86,668.24,1,-1,-1,-1
373,59,948.55,443.44,1034.64,616.81,1,-1,-1,-1
373,72,1443.59,359.93,1594.78,680.49,1,-1,-1,-1
374,1,493.63,208.60,679.96,649.79,1,-1,-1,-1
374,50,1647.12,361.97,1791.84,669.70,1,-1,-1,-1
374,59,1430.00,383.70,1565.01,656.17,1,-1,-1,-1
374,72,1421.13,354.08,1579.29,689.04,1,-1,-1,-1
374,112,951.81,442.36,1055.40,617.71,1,-1,-1,-1
375,1,493.81,208.56,680.53,650.67,1,-1,-1,-1
375,59,1573.57,373.90,1719.12,667.73,1,-1,-1,-1
375,72,1395.97,355.14,1554.44,688.96,1,-1,-1,-1
375,112,943.16,442.83,1046.27,616.04,1,-1,-1,-1
376,1,498.87,208.12,685.46,650.35,1,-1,-1,-1
376,33,1449.73,319.69,1594.88,654.39,1,-1,-1,-1
376,59,1633.64,364.01,1785.38,670.36,1,-1,-1,-1
376,72,1372.66,355.58,1531.62,688.85,1,-1,-1,-1
376,112,936.81,448.98,1037.40,616.82,1,-1,-1,-1
377,1,500.34,208.69,686.35,649.69,1,-1,-1,-1
377,33,1446.10,311.83,1593.81,652.38,1,-1,-1,-1
377,59,1656.12,360.08,1810.13,670.54,1,-1,-1,-1
377,72,1355.03,357.08,1512.93,686.12,1,-1,-1,-1
377,112,932.98,445.24,1035.17,615.76,1,-1,-1,-1
378,1,501.51,209.55,686.65,648.11,1,-1,-1,-1
378,33,1445.39,309.55,1592.55,649.60,1,-1,-1,-1
378,59,1660.97,346.66,1819.30,665.30,1,-1,-1,-1
378,72,1341.36,347.08,1504.63,687.01,1,-1,-1,-1
378,112,928.17,445.17,1029.40,613.38,1,-1,-1,-1
379,1,507.71,213.19,689.54,644.20,1,-1,-1,-1
379,33,1442.50,308.80,1585.99,639.31,1,-1,-1,-1
379,59,1666.99,344.05,1824.23,659.90,1,-1,-1,-1
379,72,1328.45,345.32,1491.79,685.37,1,-1,-1,-1
379,112,925.46,439.15,1028.42,609.79,1,-1,-1,-1
380,1,514.74,209.23,695.17,639.38,1,-1,-1,-1
380,33,1446.66,306.66,1586.56,628.67,1,-1,-1,-1
380,59,1662.26,338.12,1820.07,654.31,1,-1,-1,-1
380,72,1315.13,340.76,1477.93,679.44,1,-1,-1,-1
380,112,918.09,434.93,1024.77,610.45,1,-1,-1,-1
381,1,519.51,212.39,695.02,633.61,1,-1,-1,-1
381,33,1444.14,306.63,1582.10,623.33,1,-1,-1,-1
381,59,1658.38,332.14,1815.73,646.86,1,-1,-1,-1
381,72,1299.41,330.51,1465.28,675.84,1,-1,-1,-1
381,112,912.63,437.28,1016.49,606.13,1,-1,-1,-1
382,1,517.62,214.91,689.79,629.46,1,-1,-1,-1
382,33,1442.56,302.07,1580.29,618.04,1,-1,-1,-1
382,59,1653.81,340.38,1805.74,641.89,1,-1,-1,-1
382,72,1287.98,319.52,1457.04,673.19,1,-1,-1,-1
382,112,908.46,436.72,1012.20,605.39,1,-1,-1,-1
383,1,516.34,214.50,687.62,628.64,1,-1,-1,-1
383,33,1437.88,301.78,1574.36,614.13,1,-1,-1,-1
383,59,1651.74,348.53,1797.70,634.55,1,-1,-1,-1
383,72,1276.63,313.45,1443.54,665.03,1,-1,-1,-1
383,112,898.06,429.76,1003.00,600.22,1,-1,-1,-1
384,1,507.10,205.01,685.52,637.04,1,-1,-1,-1
384,33,1436.39,303.12,1571.78,611.39,1,-1,-1,-1
384,59,1646.33,343.12,1794.36,631.70,1,-1,-1,-1
384,72,1263.67,310.59,1429.64,662.55,1,-1,-1,-1
384,112,894.50,427.49,1001.36,601.03,1,-1,-1,-1
385,1,502.98,200.19,685.42,642.13,1,-1,-1,-1
385,33,1434.92,301.71,1571.71,612.45,1,-1,-1,-1
385,59,1394.24,316.87,1565.15,655.01,1,-1,-1,-1
385,72,1250.04,307.02,1416.97,661.02,1,-1,-1,-1
385,112,888.10,425.39,996.81,602.64,1,-1,-1,-1
386,1,500.03,195.10,687.39,648.03,1,-1,-1,-1
386,33,1434.67,299.81,1571.55,610.76,1,-1,-1,-1
386,50,1639.34,341.58,1778.98,632.21,1,-1,-1,-1
386,59,1413.21,311.57,1574.03,632.56,1,-1,-1,-1
386,72,1244.78,303.87,1413.95,666.07,1,-1,-1,-1
386,112,885.61,423.99,995.47,603.94,1,-1,-1,-1
387,1,500.79,202.30,686.90,650.27,1,-1,-1,-1
387,50,1638.83,340.44,1778.08,630.22,1,-1,-1,-1
387,59,1565.70,323.60,1722.84,637.59,1,-1,-1,-1
387,72,1233.90,307.45,1402.18,670.40,1,-1,-1,-1
387,112,880.93,422.55,991.36,603.44,1,-1,-1,-1
388,1,505.85,209.78,691.19,654.40,1,-1,-1,-1
388,33,1438.55,308.69,1579.21,627.37,1,-1,-1,-1
388,59,1345.02,317.18,1514.26,659.88,1,-1,-1,-1
388,72,1221.18,304.64,1390.59,670.06,1,-1,-1,-1
388,112,888.65,427.20,1000.72,611.48,1,-1,-1,-1
389,1,505.38,208.01,695.19,661.19,1,-1,-1,-1
389,33,1440.62,318.87,1578.93,630.62,1,-1,-1,-1
389,59,1538.16,331.92,1695.75,650.95,1,-1,-1,-1
389,72,1208.52,319.74,1372.40,674.57,1,-1,-1,-1
389,112,885.19,426.38,997.97,611.83,1,-1,-1,-1
390,1,503.93,205.38,697.95,666.97,1,-1,-1,-1
390,33,1440.93,322.47,1579.24,633.10,1,-1,-1,-1
390,59,1619.86,343.10,1772.01,650.96,1,-1,-1,-1
390,72,1189.09,325.03,1353.30,681.71,1,-1,-1,-1
390,112,887.23,437.57,994.43,614.37,1,-1,-1,-1
391,1,503.55,205.03,698.78,667.15,1,-1,-1,-1
391,33,1441.03,324.44,1579.34,633.99,1,-1,-1,-1
391,59,1319.24,333.99,1486.26,674.23,1,-1,-1,-1
391,72,1175.61,324.65,1340.39,682.58,1,-1,-1,-1
391,112,882.41,439.34,989.45,615.67,1,-1,-1,-1
392,1,513.00,202.28,707.83,661.87,1,-1,-1,-1
392,33,1441.00,324.48,1580.07,633.63,1,-1,-1,-1
392,50,1664.97,359.42,1806.12,651.04,1,-1,-1,-1
392,59,1203.08,331.36,1374.41,681.30,1,-1,-1,-1
392,112,879.27,439.83,986.41,616.31,1,-1,-1,-1
393,1,516.26,199.27,712.24,659.78,1,-1,-1,-1
393,33,1449.06,316.51,1590.78,632.13,1,-1,-1,-1
393,50,1665.67,353.26,1810.76,649.87,1,-1,-1,-1
393,59,1151.25,323.31,1326.29,682.04,1,-1,-1,-1
394,1,517.55,198.46,714.29,660.76,1,-1,-1,-1
394,33,1452.52,310.89,1594.31,626.31,1,-1,-1,-1
394,50,1674.25,346.59,1821.17,645.52,1,-1,-1,-1
394,59,729.30,239.12,933.97,661.57,1,-1,-1,-1
395,33,1454.05,310.17,1596.07,626.09,1,-1,-1,-1
395,50,1678.27,346.04,1824.80,641.89,1,-1,-1,-1
395,59,577.31,206.28,788.84,646.62,1,-1,-1,-1
395,72,1129.41,317.56,1291.55,669.63,1,-1,-1,-1
396,50,1678.67,344.53,1827.05,642.50,1,-1,-1,-1
396,59,517.87,178.97,736.21,637.59,1,-1,-1,-1
396,72,1120.51,311.34,1283.69,665.53,1,-1,-1,-1
397,50,1683.02,343.98,1832.07,642.74,1,-1,-1,-1
397,59,510.21,181.58,720.98,627.65,1,-1,-1,-1
397,72,1106.69,304.67,1273.85,668.17,1,-1,-1,-1
397,121,1465.16,312.00,1609.00,618.00,1,-1,-1,-1
398,50,1685.04,345.11,1833.38,641.52,1,-1,-1,-1
398,59,513.87,174.96,724.58,624.91,1,-1,-1,-1
398,72,1094.13,302.67,1261.95,667.61,1,-1,-1,-1
398,121,1186.06,305.89,1350.07,655.40,1,-1,-1,-1
399,50,1685.73,345.57,1834.36,641.06,1,-1,-1,-1
399,59,518.18,173.38,727.05,622.60,1,-1,-1,-1
399,121,1352.00,314.23,1499.25,628.29,1,-1,-1,-1
400,50,1679.91,339.13,1831.32,638.26,1,-1,-1,-1
400,59,519.08,175.79,724.18,618.52,1,-1,-1,-1
400,72,1074.37,303.15,1235.18,656.00,1,-1,-1,-1
400,121,1431.18,318.59,1569.90,614.96,1,-1,-1,-1
401,50,1677.46,336.07,1829.63,636.56,1,-1,-1,-1
401,59,519.30,183.03,717.89,611.76,1,-1,-1,-1
401,72,1055.10,294.27,1217.55,652.74,1,-1,-1,-1
401,121,1452.90,314.22,1589.55,606.88,1,-1,-1,-1
402,50,1671.83,326.39,1824.32,627.38,1,-1,-1,-1
402,59,512.59,171.72,717.51,614.52,1,-1,-1,-1
402,72,1038.04,294.62,1194.44,640.41,1,-1,-1,-1
402,121,1456.64,314.82,1590.19,601.40,1,-1,-1,-1
403,50,1666.24,324.08,1817.09,621.29,1,-1,-1,-1
403,59,503.81,162.50,716.21,621.41,1,-1,-1,-1
403,72,1015.37,289.51,1174.31,639.84,1,-1,-1,-1
403,121,1453.90,312.24,1584.77,593.31,1,-1,-1,-1
404,50,1664.53,320.65,1812.55,612.42,1,-1,-1,-1
404,59,494.77,153.39,714.88,629.28,1,-1,-1,-1
404,72,1000.95,287.11,1159.76,637.18,1,-1,-1,-1
404,121,1447.70,306.48,1577.70,586.42,1,-1,-1,-1
405,50,1659.77,318.78,1806.98,609.18,1,-1,-1,-1
405,59,487.37,148.82,711.67,633.65,1,-1,-1,-1
405,121,1440.54,303.07,1571.30,584.80,1,-1,-1,-1
406,50,1656.90,316.18,1805.39,610.07,1,-1,-1,-1
406,59,486.28,149.29,710.57,634.08,1,-1,-1,-1
406,121,1432.61,301.20,1564.30,585.04,1,-1,-1,-1
407,50,1650.98,315.28,1800.46,611.82,1,-1,-1,-1
407,59,488.34,155.66,710.88,636.82,1,-1,-1,-1
407,72,914.80,290.64,1078.43,647.66,1,-1,-1,-1
407,121,1425.96,307.27,1556.25,587.29,1,-1,-1,-1
408,50,1649.68,320.30,1798.41,615.86,1,-1,-1,-1
408,59,490.18,162.32,712.18,643.09,1,-1,-1,-1
408,72,893.52,288.41,1061.94,653.07,1,-1,-1,-1
408,121,1422.53,307.59,1554.46,590.98,1,-1,-1,-1
409,50,1652.10,320.31,1802.78,620.13,1,-1,-1,-1
409,59,494.63,175.54,710.73,644.14,1,-1,-1,-1
409,72,876.91,294.21,1045.88,657.55,1,-1,-1,-1
409,121,1420.78,311.06,1554.54,597.74,1,-1,-1,-1
410,50,1652.83,319.70,1804.70,622.42,1,-1,-1,-1
410,59,504.80,175.54,722.35,649.78,1,-1,-1,-1
410,72,867.43,297.79,1035.81,658.60,1,-1,-1,-1
410,121,1418.76,310.38,1555.53,602.98,1,-1,-1,-1
411,50,1652.22,322.13,1807.04,630.55,1,-1,-1,-1
411,59,510.72,178.24,725.63,648.56,1,-1,-1,-1
411,72,860.39,305.12,1026.96,661.63,1,-1,-1,-1
411,121,1417.94,314.73,1556.18,609.58,1,-1,-1,-1
412,50,1651.66,327.02,1808.31,638.21,1,-1,-1,-1
412,59,524.14,181.37,735.66,646.70,1,-1,-1,-1
412,72,844.06,305.70,1010.66,662.27,1,-1,-1,-1
412,121,1417.69,320.34,1557.25,616.70,1,-1,-1,-1
413,50,1655.21,326.95,1814.25,643.10,1,-1,-1,-1
413,59,533.19,175.35,745.26,645.28,1,-1,-1,-1
413,121,1417.61,323.11,1557.83,618.72,1,-1,-1,-1
414,50,1656.23,327.59,1816.22,644.26,1,-1,-1,-1
414,59,538.77,170.51,748.06,636.82,1,-1,-1,-1
414,121,1417.86,320.81,1557.95,614.80,1,-1,-1,-1
415,50,1652.14,328.49,1812.93,643.98,1,-1,-1,-1
415,59,544.79,160.82,755.30,632.24,1,-1,-1,-1
415,72,811.35,291.10,981.07,656.05,1,-1,-1,-1
415,121,1422.54,318.58,1562.82,612.60,1,-1,-1,-1
416,50,1659.12,322.26,1821.55,640.53,1,-1,-1,-1
416,59,553.11,159.88,761.66,627.90,1,-1,-1,-1
416,72,796.53,290.13,966.64,655.91,1,-1,-1,-1
416,121,1429.48,314.40,1568.84,605.79,1,-1,-1,-1
417,50,1666.62,315.32,1829.78,635.24,1,-1,-1,-1
417,59,555.43,155.69,766.14,628.91,1,-1,-1,-1
417,121,1431.32,311.48,1571.98,604.53,1,-1,-1,-1
418,50,1665.29,314.01,1827.20,631.89,1,-1,-1,-1
418,59,550.57,152.24,764.01,631.96,1,-1,-1,-1
418,121,1433.33,313.03,1571.83,601.42,1,-1,-1,-1
419,50,1655.14,312.90,1817.30,630.60,1,-1,-1,-1
419,59,546.55,155.62,756.47,628.56,1,-1,-1,-1
419,72,740.20,288.80,904.72,643.54,1,-1,-1,-1
419,121,1424.81,309.64,1562.43,595.60,1,-1,-1,-1
420,50,1648.40,311.22,1807.17,622.21,1,-1,-1,-1
420,59,541.86,161.03,747.80,624.62,1,-1,-1,-1
420,72,720.11,289.38,883.12,640.70,1,-1,-1,-1
420,121,1420.58,301.74,1559.96,591.46,1,-1,-1,-1
421,50,1650.07,305.31,1808.42,615.70,1,-1,-1,-1
421,59,545.76,169.16,748.54,625.17,1,-1,-1,-1
421,72,708.89,288.90,871.20,639.77,1,-1,-1,-1
421,121,1418.91,298.16,1559.20,589.97,1,-1,-1,-1
422,50,1650.32,302.50,1809.31,613.33,1,-1,-1,-1
422,59,546.47,169.57,750.56,628.75,1,-1,-1,-1
422,72,699.96,288.08,862.70,641.46,1,-1,-1,-1
422,121,1422.19,290.26,1564.32,587.48,1,-1,-1,-1
423,50,1654.38,299.53,1815.00,614.48,1,-1,-1,-1
423,59,542.77,175.70,746.23,632.75,1,-1,-1,-1
423,72,688.35,291.10,851.06,646.77,1,-1,-1,-1
423,121,1418.89,286.68,1561.67,585.94,1,-1,-1,-1
424,50,1651.93,299.80,1811.94,613.66,1,-1,-1,-1
424,59,540.87,176.03,745.34,635.60,1,-1,-1,-1
424,72,673.62,290.85,836.32,646.49,1,-1,-1,-1
424,121,1417.91,284.26,1561.06,584.29,1,-1,-1,-1
425,50,1650.68,299.32,1811.09,614.73,1,-1,-1,-1
425,59,542.07,181.43,742.66,632.70,1,-1,-1,-1
426,50,1646.29,300.52,1805.49,613.86,1,-1,-1,-1
426,59,542.96,184.13,741.48,630.91,1,-1,-1,-1
427,50,1644.59,301.05,1803.43,613.58,1,-1,-1,-1
427,59,539.63,187.76,735.58,628.25,1,-1,-1,-1
427,121,1404.78,291.99,1547.19,591.39,1,-1,-1,-1
428,50,1642.92,303.94,1803.09,618.81,1,-1,-1,-1
428,59,546.29,183.73,745.04,632.60,1,-1,-1,-1
428,121,1402.84,290.96,1545.49,590.86,1,-1,-1,-1
429,50,1642.34,305.06,1803.64,622.78,1,-1,-1,-1
429,59,543.72,180.22,744.44,635.54,1,-1,-1,-1
430,50,1637.68,310.77,1799.16,627.58,1,-1,-1,-1
430,59,542.47,176.89,744.60,638.62,1,-1,-1,-1
430,129,1403.81,306.13,1544.41,606.03,1,-1,-1,-1
431,50,1636.26,310.96,1797.99,628.24,1,-1,-1,-1
431,59,1266.24,267.54,1428.87,633.21,1,-1,-1,-1
431,129,1404.53,313.97,1544.20,612.06,1,-1,-1,-1
432,50,1641.14,318.81,1801.68,635.20,1,-1,-1,-1
432,59,1384.47,304.62,1525.78,620.75,1,-1,-1,-1
432,129,1404.41,317.64,1544.29,616.16,1,-1,-1,-1
433,1,578.01,168.99,781.99,660.08,1,-1,-1,-1
433,50,1641.47,318.58,1803.04,638.87,1,-1,-1,-1
433,59,1422.85,314.35,1558.69,617.58,1,-1,-1,-1
434,1,579.54,168.25,783.74,659.87,1,-1,-1,-1
434,50,1644.16,321.78,1802.28,636.20,1,-1,-1,-1
434,59,840.18,221.32,1022.15,631.53,1,-1,-1,-1
434,129,1410.69,315.00,1551.00,614.94,1,-1,-1,-1
435,1,591.26,175.21,779.71,631.54,1,-1,-1,-1
435,50,1649.89,319.64,1805.96,630.46,1,-1,-1,-1
435,59,803.23,216.04,987.91,632.36,1,-1,-1,-1
435,129,1421.85,309.11,1562.12,609.96,1,-1,-1,-1
436,1,594.00,175.43,780.81,627.79,1,-1,-1,-1
436,50,1655.28,315.48,1813.42,630.94,1,-1,-1,-1
436,59,624.67,178.04,825.41,633.80,1,-1,-1,-1
436,129,1424.51,296.24,1566.75,602.16,1,-1,-1,-1
437,50,1657.57,309.30,1815.87,625.84,1,-1,-1,-1
437,59,575.02,161.40,781.02,631.67,1,-1,-1,-1
437,129,1426.28,292.23,1567.43,596.61,1,-1,-1,-1
438,50,1658.41,302.33,1816.77,619.27,1,-1,-1,-1
438,59,555.68,146.87,766.63,630.18,1,-1,-1,-1
438,129,1427.62,288.11,1566.74,588.50,1,-1,-1,-1
439,50,1659.37,301.11,1817.87,618.34,1,-1,-1,-1
439,59,1248.74,241.86,1416.48,619.99,1,-1,-1,-1
439,129,1433.38,283.97,1570.37,580.14,1,-1,-1,-1
440,1,593.20,142.25,794.00,618.62,1,-1,-1,-1
440,50,1663.72,298.42,1823.12,617.09,1,-1,-1,-1
440,59,1265.01,241.16,1432.84,619.49,1,-1,-1,-1
440,129,1440.44,283.19,1575.99,576.45,1,-1,-1,-1
441,1,599.22,128.70,808.65,619.92,1,-1,-1,-1
441,50,1665.04,297.05,1824.65,616.12,1,-1,-1,-1
441,129,1610.77,289.71,1753.39,596.65,1,-1,-1,-1
442,1,602.90,129.24,812.19,613.83,1,-1,-1,-1
442,129,1526.39,277.73,1666.78,581.18,1,-1,-1,-1
443,1,608.85,130.33,818.70,610.95,1,-1,-1,-1
443,59,1669.89,280.40,1814.47,602.70,1,-1,-1,-1
443,129,1490.24,263.83,1633.68,575.14,1,-1,-1,-1
444,1,611.93,126.77,822.04,607.98,1,-1,-1,-1
444,59,1706.83,278.82,1850.81,597.21,1,-1,-1,-1
444,72,516.56,242.33,683.35,603.28,1,-1,-1,-1
444,129,1496.27,260.12,1640.36,572.86,1,-1,-1,-1
445,1,612.07,132.42,820.98,608.13,1,-1,-1,-1
445,59,1717.30,275.72,1863.39,597.66,1,-1,-1,-1
445,72,499.40,242.06,666.63,601.06,1,-1,-1,-1
445,129,1464.29,259.19,1607.29,570.90,1,-1,-1,-1
446,1,614.90,129.84,823.79,605.49,1,-1,-1,-1
446,59,1713.81,273.87,1862.08,599.24,1,-1,-1,-1
446,72,477.86,237.98,648.91,603.65,1,-1,-1,-1
446,129,1452.36,258.63,1595.32,570.91,1,-1,-1,-1
447,1,618.03,128.64,826.04,602.18,1,-1,-1,-1
447,59,1706.54,273.77,1855.34,598.56,1,-1,-1,-1
447,72,457.68,235.87,627.37,598.07,1,-1,-1,-1
447,129,1445.88,267.07,1584.69,569.63,1,-1,-1,-1
448,1,617.79,124.03,828.03,603.91,1,-1,-1,-1
448,59,1701.84,273.67,1851.50,598.38,1,-1,-1,-1
448,72,446.18,233.53,616.01,596.04,1,-1,-1,-1
448,112,557.97,360.08,672.24,553.07,1,-1,-1,-1
448,129,1441.65,262.40,1582.35,569.24,1,-1,-1,-1
449,1,620.28,121.36,830.72,601.69,1,-1,-1,-1
449,59,985.57,171.90,1184.04,605.06,1,-1,-1,-1
449,112,551.50,358.14,665.96,551.46,1,-1,-1,-1
449,129,1438.18,256.78,1582.78,571.78,1,-1,-1,-1
450,50,1672.31,264.66,1831.08,581.85,1,-1,-1,-1
450,59,743.27,132.11,961.40,611.45,1,-1,-1,-1
450,112,538.09,359.24,653.25,553.17,1,-1,-1,-1
450,129,1432.84,252.77,1577.85,566.90,1,-1,-1,-1
451,50,1662.16,261.96,1822.07,580.41,1,-1,-1,-1
451,59,587.64,267.58,732.38,575.12,1,-1,-1,-1
451,112,530.70,357.71,646.08,552.02,1,-1,-1,-1
451,129,1426.85,252.65,1570.72,563.10,1,-1,-1,-1
452,1,605.54,108.62,828.66,619.78,1,-1,-1,-1
452,50,1654.01,261.05,1814.79,580.58,1,-1,-1,-1
452,59,520.03,337.73,626.87,557.90,1,-1,-1,-1
452,129,1418.33,250.07,1564.43,564.38,1,-1,-1,-1
453,1,605.88,105.50,830.43,619.92,1,-1,-1,-1
453,50,1644.82,262.13,1808.99,588.66,1,-1,-1,-1
453,59,553.42,168.99,764.30,608.33,1,-1,-1,-1
453,129,1414.71,252.47,1562.64,570.17,1,-1,-1,-1
454,50,1640.12,265.89,1807.46,598.32,1,-1,-1,-1
454,59,547.67,135.14,779.03,621.98,1,-1,-1,-1
454,129,710.06,260.03,866.76,595.40,1,-1,-1,-1
455,50,1641.77,282.47,1804.20,604.67,1,-1,-1,-1
455,59,501.96,269.37,658.92,589.47,1,-1,-1,-1
455,129,1135.43,260.98,1288.65,588.78,1,-1,-1,-1
456,1,600.80,134.73,818.40,631.48,1,-1,-1,-1
456,50,1638.00,290.30,1798.21,606.47,1,-1,-1,-1
456,59,486.43,341.65,603.81,575.48,1,-1,-1,-1
456,129,1314.02,266.02,1465.80,590.64,1,-1,-1,-1
457,1,590.38,139.17,807.12,631.48,1,-1,-1,-1
457,50,1636.76,294.53,1795.30,605.77,1,-1,-1,-1
457,59,474.10,364.63,579.54,570.25,1,-1,-1,-1
457,129,1378.55,269.26,1528.37,589.32,1,-1,-1,-1
458,1,587.51,141.28,802.95,630.16,1,-1,-1,-1
458,50,1632.31,296.71,1789.68,604.14,1,-1,-1,-1
458,59,458.64,364.71,564.45,567.26,1,-1,-1,-1
458,129,1397.52,264.53,1547.81,585.46,1,-1,-1,-1
459,1,579.96,134.74,798.01,628.98,1,-1,-1,-1
459,50,1630.31,292.12,1788.10,600.17,1,-1,-1,-1
459,59,449.78,365.46,556.05,564.88,1,-1,-1,-1
459,129,1407.79,268.69,1552.41,577.39,1,-1,-1,-1
460,1,577.94,134.74,796.23,629.50,1,-1,-1,-1
460,50,1633.87,289.70,1792.02,600.02,1,-1,-1,-1
460,59,514.75,201.05,728.80,608.91,1,-1,-1,-1
460,129,1413.93,265.61,1560.27,578.98,1,-1,-1,-1
461,50,1635.62,293.39,1793.23,603.94,1,-1,-1,-1
461,59,476.48,273.61,646.38,594.14,1,-1,-1,-1
461,129,1416.42,269.76,1562.67,584.19,1,-1,-1,-1
462,1,577.27,145.10,795.58,638.53,1,-1,-1,-1
462,50,1634.51,294.30,1791.84,604.28,1,-1,-1,-1
462,59,445.95,330.84,584.06,589.68,1,-1,-1,-1
462,129,1561.46,287.86,1710.56,606.65,1,-1,-1,-1
463,1,576.57,150.15,795.39,646.12,1,-1,-1,-1
463,59,1244.09,306.22,1408.22,616.30,1,-1,-1,-1
463,112,507.17,385.26,621.79,585.24,1,-1,-1,-1
463,129,1581.57,290.17,1730.93,609.50,1,-1,-1,-1
464,1,576.73,155.19,794.93,654.00,1,-1,-1,-1
464,59,1499.62,300.70,1672.50,630.70,1,-1,-1,-1
464,112,503.92,386.74,618.79,587.17,1,-1,-1,-1
465,1,575.24,157.05,793.79,656.64,1,-1,-1,-1
465,59,958.77,210.34,1186.04,653.88,1,-1,-1,-1
466,59,754.37,186.11,992.64,659.32,1,-1,-1,-1
466,129,1626.95,312.92,1780.53,640.10,1,-1,-1,-1
466,135,404.12,399.11,527.11,602.67,1,-1,-1,-1
467,59,664.65,179.43,901.96,659.34,1,-1,-1,-1
467,129,1626.30,320.31,1781.41,647.73,1,-1,-1,-1
467,135,402.41,400.39,525.80,604.60,1,-1,-1,-1
468,59,619.85,183.31,848.27,653.31,1,-1,-1,-1
468,129,1469.60,315.57,1618.36,630.52,1,-1,-1,-1
468,135,392.94,408.97,511.91,606.06,1,-1,-1,-1
469,50,1604.47,311.50,1772.96,645.24,1,-1,-1,-1
469,59,594.75,180.28,822.13,655.44,1,-1,-1,-1
469,129,1408.53,310.24,1557.43,627.10,1,-1,-1,-1
469,135,389.17,412.19,507.29,607.87,1,-1,-1,-1
470,50,1604.26,315.10,1769.90,644.18,1,-1,-1,-1
470,59,579.46,175.23,808.27,659.85,1,-1,-1,-1
470,129,1388.15,312.17,1533.40,622.48,1,-1,-1,-1
471,50,1605.41,317.01,1768.33,641.77,1,-1,-1,-1
471,59,574.32,175.06,801.14,660.76,1,-1,-1,-1
471,129,1381.09,312.80,1524.37,619.29,1,-1,-1,-1
472,50,1604.32,315.67,1768.76,644.07,1,-1,-1,-1
472,59,575.13,171.94,802.99,665.29,1,-1,-1,-1
472,129,1378.86,313.62,1520.70,617.39,1,-1,-1,-1
472,135,445.46,416.38,562.02,611.15,1,-1,-1,-1
473,50,1604.51,321.68,1768.46,647.48,1,-1,-1,-1
473,59,574.93,182.70,795.55,664.32,1,-1,-1,-1
473,129,1377.39,311.84,1520.69,619.31,1,-1,-1,-1
473,135,449.62,414.71,567.89,613.60,1,-1,-1,-1
474,50,1602.37,319.95,1770.73,653.31,1,-1,-1,-1
474,59,572.45,185.88,794.35,673.96,1,-1,-1,-1
474,129,1378.22,313.11,1520.52,618.69,1,-1,-1,-1
474,135,448.04,420.88,564.04,617.09,1,-1,-1,-1
475,50,1597.68,324.47,1767.06,658.68,1,-1,-1,-1
475,59,572.61,190.05,791.83,675.58,1,-1,-1,-1
475,129,1371.62,314.57,1513.50,619.25,1,-1,-1,-1
475,135,443.33,425.79,556.11,617.64,1,-1,-1,-1
476,50,1595.51,326.43,1765.50,661.83,1,-1,-1,-1
476,59,576.62,193.50,796.22,683.08,1,-1,-1,-1
476,129,1555.33,323.06,1710.60,652.86,1,-1,-1,-1
476,135,441.20,430.88,553.16,621.82,1,-1,-1,-1
477,59,578.69,196.48,797.12,685.78,1,-1,-1,-1
477,129,1593.83,328.38,1754.41,665.54,1,-1,-1,-1
477,135,435.60,432.64,547.29,623.95,1,-1,-1,-1
478,59,584.64,198.01,801.11,685.30,1,-1,-1,-1
478,129,1616.93,331.62,1779.69,669.55,1,-1,-1,-1
478,135,435.02,435.17,543.46,621.32,1,-1,-1,-1
478,137,1235.05,449.19,1330.47,619.05,1,-1,-1,-1
479,59,597.87,198.26,809.70,677.05,1,-1,-1,-1
479,129,1379.94,402.71,1495.42,637.56,1,-1,-1,-1
479,135,433.50,425.20,543.19,614.84,1,-1,-1,-1
479,137,1236.02,452.39,1329.95,619.60,1,-1,-1,-1
480,59,608.49,199.31,817.02,672.33,1,-1,-1,-1
480,129,1372.20,412.13,1483.66,638.81,1,-1,-1,-1
480,135,436.42,414.88,548.21,609.80,1,-1,-1,-1
481,59,610.41,186.10,820.90,665.78,1,-1,-1,-1
481,129,1403.20,333.47,1541.74,616.19,1,-1,-1,-1
481,135,434.81,413.60,542.89,602.64,1,-1,-1,-1
482,59,613.88,182.60,819.30,652.77,1,-1,-1,-1
482,129,1401.80,321.26,1544.80,613.40,1,-1,-1,-1
482,135,435.55,413.34,543.21,601.67,1,-1,-1,-1
483,59,622.54,176.25,829.41,651.62,1,-1,-1,-1
483,129,1404.52,313.85,1551.48,614.99,1,-1,-1,-1
484,50,1650.85,314.17,1819.30,645.74,1,-1,-1,-1
484,59,634.82,167.49,843.56,648.56,1,-1,-1,-1
484,129,1409.85,309.83,1559.67,616.99,1,-1,-1,-1
485,50,1654.02,314.08,1822.59,645.86,1,-1,-1,-1
485,59,645.85,169.60,850.77,642.82,1,-1,-1,-1
485,129,1419.56,301.93,1572.84,616.53,1,-1,-1,-1
486,59,659.04,169.38,863.24,641.94,1,-1,-1,-1
486,129,1423.34,299.04,1578.53,616.39,1,-1,-1,-1
487,50,1671.08,310.56,1841.94,647.73,1,-1,-1,-1
487,59,653.36,167.51,858.98,644.29,1,-1,-1,-1
487,129,1419.37,296.79,1576.98,617.69,1,-1,-1,-1
487,137,1237.58,415.53,1342.33,602.19,1,-1,-1,-1
488,50,1664.53,311.41,1834.26,645.96,1,-1,-1,-1
488,59,647.81,174.20,851.10,645.86,1,-1,-1,-1
488,129,1414.19,302.60,1570.18,619.53,1,-1,-1,-1
488,137,1237.94,412.62,1343.43,600.60,1,-1,-1,-1
489,50,1656.56,310.38,1827.86,647.34,1,-1,-1,-1
489,59,641.69,178.93,842.33,645.17,1,-1,-1,-1
489,129,1407.04,300.43,1563.43,617.00,1,-1,-1,-1
489,135,321.48,394.73,435.47,592.12,1,-1,-1,-1
490,50,1648.94,309.34,1820.73,647.85,1,-1,-1,-1
490,59,636.01,184.82,832.77,641.60,1,-1,-1,-1
490,129,1399.19,302.35,1556.82,620.66,1,-1,-1,-1
490,135,304.10,393.04,420.96,593.68,1,-1,-1,-1
491,50,1635.99,309.63,1809.49,648.03,1,-1,-1,-1
491,59,628.38,185.14,825.74,642.95,1,-1,-1,-1
491,129,1395.50,298.59,1554.41,618.79,1,-1,-1,-1
491,135,293.43,396.39,412.08,597.49,1,-1,-1,-1
492,50,1635.34,309.27,1809.16,648.27,1,-1,-1,-1
492,59,624.62,188.62,823.30,648.77,1,-1,-1,-1
492,129,1548.86,303.82,1716.13,638.42,1,-1,-1,-1
492,135,286.06,399.69,402.84,597.01,1,-1,-1,-1
492,137,1188.35,422.63,1290.48,603.04,1,-1,-1,-1
493,59,616.89,185.34,820.05,654.94,1,-1,-1,-1
493,129,733.64,365.26,861.23,615.47,1,-1,-1,-1
493,135,276.77,399.03,393.66,596.55,1,-1,-1,-1
493,137,1184.48,421.53,1286.76,602.19,1,-1,-1,-1
494,50,1620.18,308.93,1789.82,636.30,1,-1,-1,-1
494,59,609.12,184.79,813.84,657.25,1,-1,-1,-1
494,129,1191.57,317.80,1338.81,606.81,1,-1,-1,-1
494,135,263.89,402.76,384.98,606.93,1,-1,-1,-1
495,50,1618.24,308.61,1787.53,635.29,1,-1,-1,-1
495,59,598.73,178.70,809.05,664.02,1,-1,-1,-1
495,129,1468.25,319.69,1625.73,624.32,1,-1,-1,-1
495,135,251.71,405.51,371.66,608.53,1,-1,-1,-1
496,59,587.98,180.99,796.53,661.98,1,-1,-1,-1
496,129,1568.48,324.44,1732.25,637.25,1,-1,-1,-1
496,135,236.83,405.21,357.89,610.41,1,-1,-1,-1
497,59,348.31,328.20,482.51,628.83,1,-1,-1,-1
497,129,1610.53,323.39,1775.86,639.18,1,-1,-1,-1
497,135,226.37,405.26,347.90,611.28,1,-1,-1,-1
498,59,510.78,223.98,702.84,656.24,1,-1,-1,-1
498,135,198.45,406.62,318.36,609.71,1,-1,-1,-1
499,59,315.16,334.30,453.05,634.50,1,-1,-1,-1
499,135,186.24,406.81,306.40,610.34,1,-1,-1,-1
500,1,540.99,184.09,746.99,659.22,1,-1,-1,-1
500,59,292.44,344.68,425.23,633.76,1,-1,-1,-1
500,135,160.37,406.21,281.00,610.21,1,-1,-1,-1
501,1,535.83,182.76,740.73,660.41,1,-1,-1,-1
501,135,133.43,404.08,255.74,610.92,1,-1,-1,-1
501,137,1056.94,431.29,1161.37,612.35,1,-1,-1,-1
502,1,518.66,175.57,725.20,658.05,1,-1,-1,-1
502,50,1536.62,325.18,1703.31,646.22,1,-1,-1,-1
502,72,1309.90,310.84,1452.82,618.90,1,-1,-1,-1
502,135,103.65,396.09,229.90,610.51,1,-1,-1,-1
502,137,1041.19,433.95,1144.55,610.84,1,-1,-1,-1
503,1,504.35,174.93,709.35,654.48,1,-1,-1,-1
503,50,1523.20,328.88,1687.90,644.11,1,-1,-1,-1
503,72,1305.72,313.06,1448.17,618.48,1,-1,-1,-1
503,135,86.76,401.54,209.11,609.04,1,-1,-1,-1
503,137,1020.26,426.78,1127.30,609.01,1,-1,-1,-1
504,1,492.79,172.70,699.86,655.20,1,-1,-1,-1
504,50,1517.89,328.76,1683.06,644.09,1,-1,-1,-1
504,72,1300.25,314.42,1442.10,616.98,1,-1,-1,-1
504,135,71.20,403.07,193.11,609.10,1,-1,-1,-1
504,137,1013.67,425.49,1119.82,606.37,1,-1,-1,-1
505,1,482.48,168.55,694.14,659.54,1,-1,-1,-1
505,50,1509.12,328.01,1671.33,635.43,1,-1,-1,-1
505,72,1291.35,308.43,1434.82,613.57,1,-1,-1,-1
505,135,59.73,405.63,184.03,616.40,1,-1,-1,-1
505,137,1005.80,423.68,1113.51,607.35,1,-1,-1,-1
506,1,476.66,179.69,683.83,658.51,1,-1,-1,-1
506,50,1503.27,323.64,1668.19,635.52,1,-1,-1,-1
506,72,1278.61,308.28,1421.13,609.58,1,-1,-1,-1
506,135,47.39,413.14,170.62,622.38,1,-1,-1,-1
506,137,995.13,424.34,1101.86,605.09,1,-1,-1,-1
507,1,468.90,185.36,677.40,665.53,1,-1,-1,-1
507,50,1494.88,312.74,1665.13,635.58,1,-1,-1,-1
507,72,1272.94,306.82,1416.21,608.84,1,-1,-1,-1
507,135,33.94,415.36,157.74,625.95,1,-1,-1,-1
507,137,985.96,423.29,1093.58,605.56,1,-1,-1,-1
508,1,459.03,182.75,672.52,672.77,1,-1,-1,-1
508,50,1487.64,309.96,1658.71,634.97,1,-1,-1,-1
508,72,1269.56,304.23,1414.70,610.66,1,-1,-1,-1
508,135,24.81,416.82,148.14,626.59,1,-1,-1,-1
508,137,973.01,422.26,1082.27,606.41,1,-1,-1,-1
509,1,451.52,183.08,666.40,674.78,1,-1,-1,-1
509,50,1487.19,316.83,1655.20,636.08,1,-1,-1,-1
509,72,1263.66,303.96,1409.16,610.70,1,-1,-1,-1
509,135,10.13,417.96,133.75,628.23,1,-1,-1,-1
509,137,962.09,418.60,1075.59,609.37,1,-1,-1,-1
510,1,448.57,182.52,664.75,676.14,1,-1,-1,-1
510,50,1481.95,312.86,1650.31,633.87,1,-1,-1,-1
510,72,1261.30,303.87,1407.04,611.41,1,-1,-1,-1
510,137,959.38,419.83,1072.27,609.19,1,-1,-1,-1
511,1,443.55,184.27,658.64,674.61,1,-1,-1,-1
511,50,1478.71,308.76,1649.55,635.71,1,-1,-1,-1
511,72,1259.64,303.19,1406.28,612.36,1,-1,-1,-1
511,137,954.63,421.02,1066.49,608.45,1,-1,-1,-1
512,1,441.90,185.59,655.94,673.30,1,-1,-1,-1
512,50,1473.68,307.24,1645.63,637.08,1,-1,-1,-1
512,72,1255.61,304.94,1400.71,610.07,1,-1,-1,-1
512,137,945.00,420.52,1057.18,608.50,1,-1,-1,-1
513,1,447.46,192.03,659.17,675.41,1,-1,-1,-1
513,50,1471.68,310.64,1644.02,642.21,1,-1,-1,-1
513,72,1253.69,304.95,1398.96,610.55,1,-1,-1,-1
514,1,443.14,189.11,658.62,681.48,1,-1,-1,-1
514,50,1466.75,316.57,1639.47,648.77,1,-1,-1,-1
514,72,1252.16,303.62,1398.48,612.73,1,-1,-1,-1
514,137,935.90,430.04,1044.16,610.62,1,-1,-1,-1
515,1,443.22,192.59,656.34,679.76,1,-1,-1,-1
515,50,1459.71,318.19,1633.46,651.90,1,-1,-1,-1
515,72,1247.90,309.08,1392.76,616.20,1,-1,-1,-1
515,137,927.28,430.57,1035.38,610.86,1,-1,-1,-1
516,1,445.31,198.53,653.82,674.38,1,-1,-1,-1
516,50,1456.38,318.14,1631.59,654.37,1,-1,-1,-1
516,72,1246.65,310.50,1390.93,618.19,1,-1,-1,-1
517,1,447.13,202.72,652.19,670.30,1,-1,-1,-1
517,50,1461.13,319.43,1635.10,653.94,1,-1,-1,-1
517,72,1246.29,311.67,1389.54,618.91,1,-1,-1,-1
517,137,913.85,435.37,1025.27,620.47,1,-1,-1,-1
518,1,447.57,203.54,652.10,668.76,1,-1,-1,-1
518,50,1466.50,317.28,1642.54,656.36,1,-1,-1,-1
518,72,1246.42,311.43,1389.50,619.83,1,-1,-1,-1
518,137,905.31,433.38,1020.35,623.92,1,-1,-1,-1
519,1,445.22,205.33,648.88,668.59,1,-1,-1,-1
519,50,1469.32,317.77,1644.78,655.92,1,-1,-1,-1
519,59,923.85,438.04,1014.27,619.00,1,-1,-1,-1
519,72,1247.31,312.64,1388.72,618.83,1,-1,-1,-1
519,137,897.09,433.98,1012.61,625.32,1,-1,-1,-1
520,1,453.84,199.17,657.06,662.59,1,-1,-1,-1
520,50,1482.31,323.22,1652.43,650.43,1,-1,-1,-1
520,59,953.29,443.36,1040.67,618.23,1,-1,-1,-1
520,72,1246.55,313.23,1387.89,619.27,1,-1,-1,-1
520,137,896.22,427.95,1011.64,618.43,1,-1,-1,-1
521,1,452.68,200.07,655.13,661.77,1,-1,-1,-1
521,50,1496.39,323.30,1665.83,649.62,1,-1,-1,-1
521,137,899.73,421.89,1015.61,613.61,1,-1,-1,-1
522,50,1511.54,319.99,1679.42,643.33,1,-1,-1,-1
522,137,893.39,421.21,1009.70,613.62,1,-1,-1,-1
522,139,1266.61,310.54,1406.58,609.81,1,-1,-1,-1
523,50,1526.11,317.39,1694.20,642.30,1,-1,-1,-1
523,137,920.46,424.77,1030.25,605.38,1,-1,-1,-1
523,139,1279.81,305.86,1422.71,611.04,1,-1,-1,-1
524,1,478.29,188.70,688.49,668.85,1,-1,-1,-1
524,50,1529.76,307.82,1702.00,641.26,1,-1,-1,-1
524,137,923.65,420.70,1037.80,608.32,1,-1,-1,-1
524,139,1283.57,305.18,1427.04,610.80,1,-1,-1,-1
525,1,481.29,188.75,691.52,668.99,1,-1,-1,-1
525,50,1535.49,308.83,1709.52,645.48,1,-1,-1,-1
525,137,931.28,427.23,1042.85,609.94,1,-1,-1,-1
525,139,1287.76,305.11,1435.33,618.60,1,-1,-1,-1
526,1,482.81,194.72,692.08,671.67,1,-1,-1,-1
526,50,1541.95,313.86,1717.02,651.05,1,-1,-1,-1
526,137,928.90,428.45,1041.00,611.92,1,-1,-1,-1
526,139,1289.25,307.24,1437.61,621.34,1,-1,-1,-1
527,1,487.79,197.64,696.33,672.68,1,-1,-1,-1
527,50,1547.94,309.23,1725.25,651.21,1,-1,-1,-1
527,137,927.05,427.57,1042.03,614.64,1,-1,-1,-1
527,139,1300.65,311.53,1446.00,618.86,1,-1,-1,-1
528,1,500.01,201.37,705.96,670.40,1,-1,-1,-1
528,50,1552.29,308.44,1730.28,651.72,1,-1,-1,-1
528,137,933.68,419.35,1053.57,615.66,1,-1,-1,-1
528,139,1487.89,314.54,1645.17,643.87,1,-1,-1,-1
529,1,503.24,202.26,708.87,670.55,1,-1,-1,-1
529,72,1321.70,311.23,1465.98,618.16,1,-1,-1,-1
529,137,936.21,415.60,1057.95,615.39,1,-1,-1,-1
529,139,860.85,244.78,1057.12,658.66,1,-1,-1,-1
530,50,1581.64,317.06,1758.05,652.96,1,-1,-1,-1
530,72,1330.09,312.47,1474.85,616.69,1,-1,-1,-1
530,137,941.67,414.17,1063.65,615.26,1,-1,-1,-1
530,139,629.26,216.52,840.83,666.06,1,-1,-1,-1
531,50,1585.82,312.95,1763.67,649.71,1,-1,-1,-1
531,72,1337.56,309.56,1481.77,611.55,1,-1,-1,-1
531,137,941.13,416.93,1059.33,611.93,1,-1,-1,-1
531,139,531.00,201.50,747.45,664.64,1,-1,-1,-1
532,50,1587.69,314.22,1764.45,645.31,1,-1,-1,-1
532,72,1343.39,309.40,1487.38,610.92,1,-1,-1,-1
532,137,941.43,416.18,1060.05,611.88,1,-1,-1,-1
532,139,495.29,197.00,710.17,660.59,1,-1,-1,-1
533,50,1584.01,316.71,1759.30,641.66,1,-1,-1,-1
533,139,487.11,198.22,694.21,649.14,1,-1,-1,-1
534,50,1582.67,319.64,1756.19,638.31,1,-1,-1,-1
534,72,1335.07,303.07,1478.15,602.31,1,-1,-1,-1
534,139,488.63,201.79,688.59,641.15,1,-1,-1,-1
534,140,922.95,422.85,1034.72,604.92,1,-1,-1,-1
535,50,1577.58,321.39,1750.55,636.42,1,-1,-1,-1
535,72,1328.55,304.84,1473.05,605.78,1,-1,-1,-1
535,139,485.82,198.96,685.53,641.86,1,-1,-1,-1
535,140,906.62,417.02,1024.88,610.19,1,-1,-1,-1
536,50,1568.07,321.35,1745.78,645.13,1,-1,-1,-1
536,72,1322.55,308.10,1465.79,606.30,1,-1,-1,-1
536,139,486.25,206.57,677.58,634.28,1,-1,-1,-1
536,140,898.22,418.05,1015.27,609.70,1,-1,-1,-1
537,50,1559.57,320.66,1740.35,650.32,1,-1,-1,-1
537,72,1319.93,312.66,1463.25,611.18,1,-1,-1,-1
537,139,487.14,205.33,678.48,636.48,1,-1,-1,-1
537,140,892.98,414.95,1014.37,614.43,1,-1,-1,-1
538,50,1560.85,324.32,1742.83,656.90,1,-1,-1,-1
538,72,1318.38,313.70,1462.76,615.01,1,-1,-1,-1
538,139,489.15,209.63,679.73,641.85,1,-1,-1,-1
538,140,888.69,421.42,1008.10,617.41,1,-1,-1,-1
539,50,1564.90,327.67,1749.39,666.61,1,-1,-1,-1
539,72,1317.83,318.69,1462.48,621.07,1,-1,-1,-1
539,139,490.84,208.88,682.53,646.48,1,-1,-1,-1
539,140,888.20,430.80,1004.77,621.86,1,-1,-1,-1
540,50,1572.61,341.34,1754.79,676.79,1,-1,-1,-1
540,72,1316.93,324.52,1463.00,629.29,1,-1,-1,-1
540,139,456.41,204.55,650.91,648.54,1,-1,-1,-1
540,140,882.76,431.47,1001.21,626.13,1,-1,-1,-1
541,50,1570.84,349.86,1752.91,685.89,1,-1,-1,-1
541,72,1321.10,335.24,1467.85,640.91,1,-1,-1,-1
541,139,489.06,207.75,686.68,660.91,1,-1,-1,-1
541,140,880.05,435.68,999.69,632.95,1,-1,-1,-1
542,50,1572.27,348.36,1758.55,694.47,1,-1,-1,-1
542,72,1322.84,340.57,1469.49,645.91,1,-1,-1,-1
542,139,490.31,216.70,685.38,664.67,1,-1,-1,-1
542,140,874.60,439.87,996.00,640.73,1,-1,-1,-1
543,50,1571.80,344.46,1762.25,700.85,1,-1,-1,-1
543,72,1323.34,346.44,1470.18,651.65,1,-1,-1,-1
543,139,486.48,223.36,681.29,670.58,1,-1,-1,-1
543,140,872.30,442.03,993.92,644.20,1,-1,-1,-1
544,50,1567.32,343.52,1758.12,702.51,1,-1,-1,-1
544,72,1313.85,348.55,1461.56,654.35,1,-1,-1,-1
544,139,482.83,218.72,683.50,680.58,1,-1,-1,-1
544,140,861.61,441.44,984.84,646.68,1,-1,-1,-1
545,50,1562.18,345.70,1750.64,701.01,1,-1,-1,-1
545,72,1306.11,350.55,1453.16,653.93,1,-1,-1,-1
545,139,477.47,217.00,679.66,683.61,1,-1,-1,-1
545,140,853.82,441.79,976.28,646.17,1,-1,-1,-1
546,50,1560.10,345.81,1747.79,699.60,1,-1,-1,-1
546,72,1303.15,346.54,1450.02,649.00,1,-1,-1,-1
546,139,472.81,214.45,673.83,678.11,1,-1,-1,-1
546,140,845.55,436.56,968.83,642.51,1,-1,-1,-1
547,50,1554.65,341.18,1742.14,694.99,1,-1,-1,-1
547,72,1295.88,342.29,1445.14,648.37,1,-1,-1,-1
547,139,455.31,212.66,658.44,681.16,1,-1,-1,-1
547,140,837.93,433.22,962.36,641.68,1,-1,-1,-1
548,50,1547.72,339.38,1735.00,693.80,1,-1,-1,-1
548,72,1293.83,341.28,1442.72,646.75,1,-1,-1,-1
548,140,827.34,434.54,948.99,638.65,1,-1,-1,-1
549,50,1540.23,338.01,1728.00,693.26,1,-1,-1,-1
549,72,1289.02,338.86,1436.06,640.78,1,-1,-1,-1
549,140,813.04,428.39,936.06,635.40,1,-1,-1,-1
550,50,1532.01,332.20,1720.95,689.70,1,-1,-1,-1
550,72,1287.45,337.89,1433.45,637.80,1,-1,-1,-1
550,140,807.13,429.38,931.58,638.75,1,-1,-1,-1
551,50,1528.63,328.68,1719.35,688.95,1,-1,-1,-1
551,72,1285.36,338.50,1431.16,637.98,1,-1,-1,-1
551,139,458.91,214.99,656.87,673.16,1,-1,-1,-1
551,140,801.09,431.07,925.02,639.99,1,-1,-1,-1
552,50,1527.32,331.95,1718.94,692.57,1,-1,-1,-1
552,139,462.56,222.40,657.44,674.14,1,-1,-1,-1
552,140,795.35,436.34,917.97,643.71,1,-1,-1,-1
553,50,1530.63,332.56,1723.74,695.23,1,-1,-1,-1
553,72,1293.50,343.34,1438.18,642.29,1,-1,-1,-1
553,139,464.64,227.43,656.47,673.14,1,-1,-1,-1
553,140,787.45,435.68,912.99,649.03,1,-1,-1,-1
554,50,1533.91,340.03,1725.00,698.16,1,-1,-1,-1
554,72,1294.81,344.10,1439.21,643.64,1,-1,-1,-1
554,139,456.22,227.88,648.31,674.16,1,-1,-1,-1
554,140,786.44,443.90,908.25,650.98,1,-1,-1,-1
555,50,1539.28,341.56,1730.11,700.55,1,-1,-1,-1
555,72,1294.14,345.05,1438.40,644.31,1,-1,-1,-1
555,140,780.32,443.76,904.25,654.96,1,-1,-1,-1
556,50,1542.26,342.77,1731.79,700.07,1,-1,-1,-1
556,140,778.40,445.64,901.43,655.72,1,-1,-1,-1
556,144,1300.21,344.78,1448.80,654.27,1,-1,-1,-1
557,50,1546.45,339.89,1737.99,703.13,1,-1,-1,-1
557,140,773.97,446.31,896.68,655.92,1,-1,-1,-1
557,144,1301.32,344.63,1450.66,656.59,1,-1,-1,-1
558,50,1549.71,341.42,1739.30,702.93,1,-1,-1,-1
558,140,773.29,451.79,894.34,658.57,1,-1,-1,-1
558,144,1300.46,343.19,1451.72,660.03,1,-1,-1,-1
559,50,1555.09,344.62,1744.87,708.72,1,-1,-1,-1
559,139,461.81,255.19,647.84,685.55,1,-1,-1,-1
559,140,773.88,460.45,891.76,661.48,1,-1,-1,-1
559,144,1299.85,346.66,1452.22,666.53,1,-1,-1,-1
560,50,1559.11,353.05,1745.58,713.48,1,-1,-1,-1
560,139,461.32,254.44,650.17,689.85,1,-1,-1,-1
560,140,766.93,458.28,889.74,668.51,1,-1,-1,-1
560,144,1299.74,353.28,1452.13,673.50,1,-1,-1,-1
561,50,1564.78,359.53,1750.23,720.51,1,-1,-1,-1
561,139,457.71,261.56,645.55,692.57,1,-1,-1,-1
561,140,763.98,456.81,889.58,673.64,1,-1,-1,-1
561,144,1299.97,360.39,1451.66,679.28,1,-1,-1,-1
562,50,1566.10,359.92,1752.69,725.71,1,-1,-1,-1
562,139,454.97,262.14,644.86,696.17,1,-1,-1,-1
562,140,762.62,455.52,889.43,676.18,1,-1,-1,-1
562,144,1299.97,362.98,1452.11,682.61,1,-1,-1,-1
563,50,1567.54,361.89,1754.64,728.68,1,-1,-1,-1
563,139,460.50,264.90,648.90,694.14,1,-1,-1,-1
563,140,763.72,456.27,888.74,675.09,1,-1,-1,-1
563,144,1308.33,362.52,1461.74,684.34,1,-1,-1,-1
564,50,1581.51,356.21,1772.33,731.15,1,-1,-1,-1
564,139,476.70,265.84,664.60,693.27,1,-1,-1,-1
564,140,772.18,454.53,897.90,675.86,1,-1,-1,-1
564,144,1320.43,360.94,1475.50,685.49,1,-1,-1,-1
565,50,1593.04,352.45,1787.06,735.36,1,-1,-1,-1
565,139,489.63,256.78,681.71,693.55,1,-1,-1,-1
565,140,775.93,449.25,902.31,672.81,1,-1,-1,-1
565,144,1329.52,359.59,1485.91,685.77,1,-1,-1,-1
566,50,1603.19,358.27,1795.44,738.80,1,-1,-1,-1
566,139,493.79,261.90,680.17,683.75,1,-1,-1,-1
566,140,778.40,448.52,903.12,669.60,1,-1,-1,-1
566,144,1336.91,358.36,1494.89,687.06,1,-1,-1,-1
567,50,1605.96,363.77,1799.42,746.57,1,-1,-1,-1
567,139,494.35,242.37,689.87,683.92,1,-1,-1,-1
567,140,779.86,448.23,903.06,667.63,1,-1,-1,-1
567,144,1341.01,359.45,1499.95,690.15,1,-1,-1,-1
568,50,1606.96,371.05,1801.32,752.67,1,-1,-1,-1
568,139,501.94,241.82,695.08,676.81,1,-1,-1,-1
568,140,781.32,449.43,902.23,664.87,1,-1,-1,-1
569,50,1619.11,380.34,1807.69,747.62,1,-1,-1,-1
569,139,511.84,231.72,708.54,675.36,1,-1,-1,-1
569,140,787.01,445.90,905.51,658.47,1,-1,-1,-1
570,50,1632.00,372.41,1820.83,738.81,1,-1,-1,-1
570,139,522.92,234.54,715.20,667.62,1,-1,-1,-1
570,140,789.57,443.90,907.70,657.40,1,-1,-1,-1
570,144,1376.02,347.98,1537.88,685.83,1,-1,-1,-1
571,50,1642.24,371.41,1829.79,732.84,1,-1,-1,-1
571,139,533.20,239.71,720.74,661.36,1,-1,-1,-1
571,140,796.05,445.16,911.59,655.02,1,-1,-1,-1
571,144,1382.23,347.69,1545.10,687.64,1,-1,-1,-1
572,50,1651.01,366.96,1837.08,724.54,1,-1,-1,-1
572,139,537.88,233.00,731.01,667.79,1,-1,-1,-1
572,140,798.66,445.65,912.92,654.14,1,-1,-1,-1
573,50,1656.99,357.92,1845.95,720.75,1,-1,-1,-1
573,139,534.62,228.61,731.00,671.48,1,-1,-1,-1
573,140,794.71,445.84,908.32,653.83,1,-1,-1,-1
574,50,1655.17,355.87,1843.63,717.38,1,-1,-1,-1
574,139,531.37,234.19,722.18,665.72,1,-1,-1,-1
574,140,782.61,442.59,899.24,656.40,1,-1,-1,-1
575,50,1653.30,348.48,1843.38,714.14,1,-1,-1,-1
575,139,524.25,233.10,715.56,666.19,1,-1,-1,-1
575,140,774.12,438.11,890.03,652.12,1,-1,-1,-1
575,144,1398.82,346.05,1553.99,671.34,1,-1,-1,-1
576,50,1649.27,343.10,1837.03,705.71,1,-1,-1,-1
576,139,519.35,224.13,714.55,667.06,1,-1,-1,-1
576,140,766.72,437.07,881.49,649.83,1,-1,-1,-1
576,144,1398.16,336.76,1555.22,669.63,1,-1,-1,-1
577,50,1653.00,341.33,1840.62,703.66,1,-1,-1,-1
577,139,511.97,233.25,701.92,663.48,1,-1,-1,-1
577,140,761.18,439.36,872.55,646.34,1,-1,-1,-1
577,144,1399.69,335.83,1554.16,665.78,1,-1,-1,-1
578,139,507.08,232.88,698.27,666.14,1,-1,-1,-1
578,140,753.80,438.93,865.34,646.40,1,-1,-1,-1
578,144,1395.72,331.55,1548.63,659.70,1,-1,-1,-1
578,146,1641.37,329.45,1817.36,701.89,1,-1,-1,-1
579,139,504.40,230.12,698.46,669.79,1,-1,-1,-1
579,140,750.96,440.12,861.02,645.13,1,-1,-1,-1
579,144,1394.37,330.66,1546.06,656.79,1,-1,-1,-1
579,146,1637.80,328.59,1815.08,699.22,1,-1,-1,-1
