26,15,469.93,106.17,604.05,396.52,1,-1,-1,-1
27,15,471.55,105.29,604.94,394.08,1,-1,-1,-1
28,15,469.57,92.56,605.01,384.89,1,-1,-1,-1
29,15,473.65,83.76,611.08,380.17,1,-1,-1,-1
30,15,473.90,74.70,613.42,375.24,1,-1,-1,-1
31,15,475.15,68.81,615.34,370.77,1,-1,-1,-1
49,15,630.66,-6.25,767.30,284.05,1,-1,-1,-1
50,15,633.19,-7.99,771.40,282.68,1,-1,-1,-1
51,15,632.62,-15.38,773.78,280.10,1,-1,-1,-1
52,15,632.27,-17.96,774.32,277.30,1,-1,-1,-1
53,15,627.59,-21.39,769.75,271.75,1,-1,-1,-1
54,15,625.33,-22.50,768.03,269.85,1,-1,-1,-1
55,15,625.16,-25.41,766.37,261.97,1,-1,-1,-1
56,15,624.71,-26.34,765.81,259.20,1,-1,-1,-1
57,15,627.57,-29.65,768.22,254.98,1,-1,-1,-1
73,15,658.79,-46.37,799.43,237.50,1,-1,-1,-1
74,15,658.55,-47.90,800.81,238.74,1,-1,-1,-1
75,15,658.43,-48.42,801.33,239.15,1,-1,-1,-1
76,15,660.50,-49.23,799.92,230.77,1,-1,-1,-1
77,15,661.15,-49.47,799.34,227.63,1,-1,-1,-1
78,15,661.29,-49.52,799.13,226.53,1,-1,-1,-1
79,15,662.97,-46.83,797.31,221.54,1,-1,-1,-1
80,15,663.46,-45.77,796.65,219.76,1,-1,-1,-1
81,15,662.99,-48.72,795.64,215.17,1,-1,-1,-1
82,15,663.82,-50.46,793.53,206.20,1,-1,-1,-1
83,15,664.76,-50.41,792.72,200.95,1,-1,-1,-1
84,15,664.83,-50.36,792.65,199.16,1,-1,-1,-1
85,15,664.60,-50.31,792.84,198.64,1,-1,-1,-1
86,15,664.29,-50.27,793.10,198.57,1,-1,-1,-1
87,15,656.65,-66.92,792.03,195.32,1,-1,-1,-1
88,15,653.93,-73.02,791.54,194.17,1,-1,-1,-1
89,15,652.97,-75.28,791.27,193.84,1,-1,-1,-1
90,15,652.70,-76.04,791.11,193.82,1,-1,-1,-1
91,15,652.19,-78.56,790.84,191.77,1,-1,-1,-1
95,15,659.78,-86.24,794.76,179.42,1,-1,-1,-1
96,15,660.06,-88.56,794.99,177.00,1,-1,-1,-1
114,15,657.26,-109.19,799.81,173.64,1,-1,-1,-1
115,15,655.65,-112.84,801.42,176.46,1,-1,-1,-1
116,15,655.37,-114.30,801.83,176.37,1,-1,-1,-1
117,48,913.69,-132.22,1055.32,103.99,1,-1,-1,-1
118,48,912.94,-133.40,1055.44,104.65,1,-1,-1,-1
119,48,914.83,-130.86,1054.22,102.67,1,-1,-1,-1
119,50,1021.17,-133.76,1166.95,108.56,1,-1,-1,-1
120,48,911.94,-124.96,1045.89,99.84,1,-1,-1,-1
120,50,1016.41,-125.62,1154.20,102.97,1,-1,-1,-1
121,48,898.39,-120.13,1046.38,128.98,1,-1,-1,-1
121,50,1011.64,-122.88,1146.87,101.45,1,-1,-1,-1
122,48,894.90,-117.57,1044.37,134.05,1,-1,-1,-1
124,48,877.42,-96.64,1024.92,156.02,1,-1,-1,-1
125,15,650.43,-85.49,780.55,175.99,1,-1,-1,-1
125,48,872.15,-85.79,1014.78,161.49,1,-1,-1,-1
126,15,650.58,-84.72,779.20,178.17,1,-1,-1,-1
126,48,867.02,-80.43,1010.27,167.93,1,-1,-1,-1
127,15,648.35,-84.44,780.33,187.54,1,-1,-1,-1
127,48,858.77,-72.65,1000.48,175.66,1,-1,-1,-1
128,15,646.01,-88.33,782.32,195.56,1,-1,-1,-1
128,48,859.19,-64.96,995.13,175.96,1,-1,-1,-1
129,15,645.82,-84.62,782.43,201.17,1,-1,-1,-1
129,48,861.13,-54.98,991.07,177.90,1,-1,-1,-1
130,15,646.43,-81.90,781.86,202.59,1,-1,-1,-1
130,48,856.90,-48.61,986.29,183.28,1,-1,-1,-1
131,15,647.21,-79.58,781.15,203.02,1,-1,-1,-1
132,15,647.46,-76.10,781.63,206.40,1,-1,-1,-1
132,48,842.29,-36.84,972.46,200.86,1,-1,-1,-1
133,15,647.39,-74.84,782.02,208.25,1,-1,-1,-1
133,48,839.29,-24.74,962.18,202.92,1,-1,-1,-1
134,15,647.43,-73.77,782.13,210.18,1,-1,-1,-1
134,48,834.37,-17.82,956.59,208.59,1,-1,-1,-1
135,15,647.81,-72.10,781.83,210.83,1,-1,-1,-1
136,15,648.54,-66.90,781.15,212.96,1,-1,-1,-1
137,15,652.05,-66.32,785.65,215.68,1,-1,-1,-1
138,15,648.26,-68.81,785.18,220.58,1,-1,-1,-1
138,50,903.66,-11.12,1065.31,261.65,1,-1,-1,-1
139,15,651.82,-63.26,787.85,224.32,1,-1,-1,-1
139,50,897.38,-4.89,1060.35,270.11,1,-1,-1,-1
140,15,659.02,-53.92,792.29,226.97,1,-1,-1,-1
141,15,660.77,-47.12,794.27,233.18,1,-1,-1,-1
142,15,658.21,-42.04,790.20,235.40,1,-1,-1,-1
143,15,656.56,-38.26,789.27,241.43,1,-1,-1,-1
144,15,656.47,-31.02,788.38,246.88,1,-1,-1,-1
145,15,655.62,-28.41,788.16,250.79,1,-1,-1,-1
145,50,862.77,57.80,1021.73,332.03,1,-1,-1,-1
146,15,656.32,-20.96,787.04,254.12,1,-1,-1,-1
146,50,855.88,77.01,1005.29,337.60,1,-1,-1,-1
147,15,656.55,-16.90,787.02,257.65,1,-1,-1,-1
147,50,847.35,72.51,1005.53,352.22,1,-1,-1,-1
148,50,840.86,79.35,1000.68,367.05,1,-1,-1,-1
149,50,836.55,95.34,991.96,376.39,1,-1,-1,-1
150,50,829.98,103.63,986.33,386.37,1,-1,-1,-1
153,15,657.30,2.29,798.10,299.82,1,-1,-1,-1
154,15,659.10,10.65,798.40,304.36,1,-1,-1,-1
155,15,659.42,14.72,799.26,309.56,1,-1,-1,-1
160,15,665.91,51.67,804.61,348.01,1,-1,-1,-1
160,70,867.24,56.47,930.77,202.51,1,-1,-1,-1
161,15,666.56,57.11,805.63,354.23,1,-1,-1,-1
161,70,866.69,62.28,932.93,214.50,1,-1,-1,-1
162,70,865.67,69.66,932.22,222.35,1,-1,-1,-1
163,70,865.91,76.83,932.77,229.69,1,-1,-1,-1
164,70,866.03,83.66,932.85,236.45,1,-1,-1,-1
166,70,868.02,106.74,932.77,253.52,1,-1,-1,-1
167,70,867.94,116.41,931.69,260.23,1,-1,-1,-1
168,70,866.82,126.32,931.76,271.94,1,-1,-1,-1
169,70,867.74,135.66,932.47,278.58,1,-1,-1,-1
170,70,868.03,144.81,932.11,285.41,1,-1,-1,-1
171,70,866.43,149.82,933.68,295.02,1,-1,-1,-1
172,70,866.62,158.11,933.65,302.86,1,-1,-1,-1
173,15,651.81,181.74,764.79,420.19,1,-1,-1,-1
174,15,651.11,190.88,762.45,425.87,1,-1,-1,-1
177,15,670.21,197.76,794.62,461.42,1,-1,-1,-1
178,15,671.99,202.87,798.86,471.71,1,-1,-1,-1
179,15,676.80,207.21,805.37,479.26,1,-1,-1,-1
180,15,682.63,213.20,812.24,487.75,1,-1,-1,-1
181,15,689.16,215.90,819.57,492.65,1,-1,-1,-1
182,15,691.02,217.36,824.73,500.78,1,-1,-1,-1
182,78,366.42,88.66,481.96,366.50,1,-1,-1,-1
183,15,694.75,217.07,830.63,504.93,1,-1,-1,-1
183,78,369.61,91.30,489.35,379.09,1,-1,-1,-1
184,15,703.02,229.15,835.61,509.50,1,-1,-1,-1
184,78,369.85,91.82,492.95,387.26,1,-1,-1,-1
185,15,707.47,240.88,837.28,514.21,1,-1,-1,-1
185,78,372.01,95.91,496.20,393.97,1,-1,-1,-1
186,15,712.15,244.38,843.23,518.36,1,-1,-1,-1
186,78,375.95,104.14,499.64,399.29,1,-1,-1,-1
187,15,715.90,250.33,847.26,524.90,1,-1,-1,-1
187,78,378.51,109.00,502.86,405.74,1,-1,-1,-1
188,15,725.03,256.84,856.87,532.66,1,-1,-1,-1
188,50,505.39,554.65,655.11,828.84,1,-1,-1,-1
189,15,731.72,261.60,865.30,541.13,1,-1,-1,-1
189,50,491.97,552.03,652.34,849.22,1,-1,-1,-1
190,15,739.11,269.80,871.72,545.37,1,-1,-1,-1
190,50,482.34,562.76,643.94,862.23,1,-1,-1,-1
191,15,744.03,275.92,876.86,551.95,1,-1,-1,-1
191,50,479.16,578.67,645.59,886.18,1,-1,-1,-1
192,50,470.54,590.18,638.67,900.84,1,-1,-1,-1
193,78,401.79,141.84,529.52,444.02,1,-1,-1,-1
194,78,405.14,147.04,533.37,450.43,1,-1,-1,-1
200,15,852.05,350.36,942.20,538.42,1,-1,-1,-1
201,15,851.57,347.56,949.65,554.39,1,-1,-1,-1
201,78,426.98,184.93,562.01,500.75,1,-1,-1,-1
202,15,859.70,353.76,956.36,557.61,1,-1,-1,-1
202,78,425.68,184.58,564.88,507.87,1,-1,-1,-1
203,15,842.74,343.11,960.90,594.74,1,-1,-1,-1
203,70,766.33,362.12,862.08,566.95,1,-1,-1,-1
203,78,428.57,189.36,568.67,514.73,1,-1,-1,-1
204,15,840.49,345.04,964.16,609.33,1,-1,-1,-1
204,70,762.78,368.54,859.55,575.53,1,-1,-1,-1
205,15,848.77,361.66,964.06,608.49,1,-1,-1,-1
206,15,851.16,372.20,964.26,612.80,1,-1,-1,-1
207,15,853.39,384.56,962.68,616.12,1,-1,-1,-1
208,15,853.36,391.61,963.23,622.39,1,-1,-1,-1
208,88,827.86,-80.71,913.14,49.71,1,-1,-1,-1
208,89,967.33,360.73,1112.99,650.38,1,-1,-1,-1
209,15,852.50,395.99,964.69,629.79,1,-1,-1,-1
209,88,828.60,-79.82,912.40,48.08,1,-1,-1,-1
209,89,971.79,359.51,1121.44,657.28,1,-1,-1,-1
210,15,852.46,390.15,973.98,640.90,1,-1,-1,-1
210,88,826.09,-83.82,914.91,51.82,1,-1,-1,-1
210,89,979.56,361.24,1128.61,657.88,1,-1,-1,-1
211,15,855.07,394.88,977.94,648.41,1,-1,-1,-1
211,88,825.15,-85.40,915.85,53.14,1,-1,-1,-1
211,89,983.34,361.52,1134.36,662.07,1,-1,-1,-1
212,50,219.21,833.88,388.46,1147.41,1,-1,-1,-1
212,88,827.13,-81.29,913.87,51.64,1,-1,-1,-1
213,50,206.81,846.04,376.22,1159.84,1,-1,-1,-1
213,88,826.20,-81.96,914.80,54.26,1,-1,-1,-1
214,88,825.65,-82.53,915.35,55.38,1,-1,-1,-1
214,89,992.19,358.36,1148.33,669.46,1,-1,-1,-1
215,89,993.22,358.03,1149.58,669.49,1,-1,-1,-1
216,89,994.79,356.58,1148.74,664.80,1,-1,-1,-1
217,89,1000.11,356.72,1152.06,661.61,1,-1,-1,-1
218,15,892.65,367.44,1030.82,652.74,1,-1,-1,-1
218,89,1003.26,356.36,1156.09,662.99,1,-1,-1,-1
219,15,901.77,367.20,1036.06,642.74,1,-1,-1,-1
220,15,904.11,364.47,1039.29,641.17,1,-1,-1,-1
221,15,908.43,364.34,1044.79,643.43,1,-1,-1,-1
221,88,837.69,-74.55,917.65,48.66,1,-1,-1,-1
221,89,1016.29,351.48,1165.59,650.14,1,-1,-1,-1
222,88,838.45,-74.13,918.08,48.57,1,-1,-1,-1
222,89,1020.40,351.62,1164.46,639.47,1,-1,-1,-1
223,89,1024.01,350.98,1167.65,637.99,1,-1,-1,-1
224,15,916.81,349.08,1054.75,629.85,1,-1,-1,-1
225,15,920.74,347.59,1059.62,630.26,1,-1,-1,-1
229,15,944.02,334.69,1081.05,613.79,1,-1,-1,-1
230,15,946.37,332.88,1083.66,612.19,1,-1,-1,-1
231,15,952.20,330.28,1086.87,605.02,1,-1,-1,-1
232,15,956.70,328.16,1091.50,603.18,1,-1,-1,-1
232,89,1076.01,323.61,1217.83,606.52,1,-1,-1,-1
233,89,1078.88,316.97,1220.17,600.45,1,-1,-1,-1
234,89,1081.90,309.45,1227.56,602.42,1,-1,-1,-1
235,89,1084.81,306.74,1228.29,596.03,1,-1,-1,-1
236,89,1091.50,304.53,1231.81,586.39,1,-1,-1,-1
237,89,1092.63,297.15,1234.12,580.88,1,-1,-1,-1
238,89,1096.91,293.62,1238.20,576.95,1,-1,-1,-1
239,89,1099.51,286.89,1241.24,572.22,1,-1,-1,-1
240,89,1101.09,282.33,1241.09,565.36,1,-1,-1,-1
241,89,1102.45,278.12,1240.74,557.02,1,-1,-1,-1
242,89,1107.52,278.71,1243.08,551.42,1,-1,-1,-1
243,89,1104.57,276.42,1241.15,551.54,1,-1,-1,-1
244,89,1103.98,277.01,1239.10,549.07,1,-1,-1,-1
245,89,1102.26,270.05,1239.59,547.00,1,-1,-1,-1
246,70,917.86,528.32,991.55,686.73,1,-1,-1,-1
246,89,1095.93,260.30,1236.10,545.03,1,-1,-1,-1
247,70,923.75,531.33,996.43,687.57,1,-1,-1,-1
247,89,1093.83,257.39,1233.73,542.44,1,-1,-1,-1
248,70,921.84,528.62,994.73,685.33,1,-1,-1,-1
248,89,1090.94,257.10,1226.24,533.71,1,-1,-1,-1
249,70,926.39,530.65,998.48,685.64,1,-1,-1,-1
249,89,1087.61,251.85,1225.52,533.88,1,-1,-1,-1
250,89,1086.66,247.38,1223.68,527.46,1,-1,-1,-1
251,70,932.09,524.99,1007.14,689.66,1,-1,-1,-1
251,89,1087.36,247.16,1222.58,523.18,1,-1,-1,-1
252,70,934.66,527.16,1006.83,686.71,1,-1,-1,-1
252,89,1086.51,240.59,1222.64,518.41,1,-1,-1,-1
253,70,934.39,524.47,1008.23,689.07,1,-1,-1,-1
253,89,1083.07,234.95,1217.88,510.82,1,-1,-1,-1
254,70,936.18,526.85,1007.36,685.88,1,-1,-1,-1
254,89,1083.99,235.63,1212.55,498.83,1,-1,-1,-1
255,70,936.38,526.40,1007.81,686.66,1,-1,-1,-1
255,89,1083.34,233.41,1211.60,495.88,1,-1,-1,-1
256,70,940.26,528.90,1010.71,686.94,1,-1,-1,-1
256,89,1079.25,227.36,1207.82,490.29,1,-1,-1,-1
257,70,942.82,529.48,1013.09,687.13,1,-1,-1,-1
257,89,1076.21,220.58,1206.00,486.40,1,-1,-1,-1
258,70,943.44,535.55,1011.99,688.65,1,-1,-1,-1
258,89,1069.80,213.55,1202.75,485.79,1,-1,-1,-1
259,70,945.79,536.78,1013.94,688.99,1,-1,-1,-1
259,89,1066.82,207.10,1200.88,482.43,1,-1,-1,-1
260,89,1060.18,200.20,1197.92,484.61,1,-1,-1,-1
261,89,1057.81,195.78,1195.47,480.99,1,-1,-1,-1
262,89,1057.07,193.62,1194.53,478.44,1,-1,-1,-1
263,89,1058.28,192.32,1192.18,469.72,1,-1,-1,-1
264,89,1059.12,191.37,1191.10,464.56,1,-1,-1,-1
265,89,1054.98,185.85,1187.31,460.79,1,-1,-1,-1
266,89,1052.78,179.30,1185.35,454.90,1,-1,-1,-1
267,89,1047.09,173.02,1182.36,454.16,1,-1,-1,-1
268,89,1045.44,169.48,1180.22,448.77,1,-1,-1,-1
269,89,1040.30,165.02,1174.18,441.59,1,-1,-1,-1
270,89,1037.68,162.19,1171.45,436.39,1,-1,-1,-1
271,89,1032.55,155.99,1167.46,431.96,1,-1,-1,-1
272,89,1030.60,150.52,1165.52,426.50,1,-1,-1,-1
273,89,1025.86,148.62,1159.76,422.62,1,-1,-1,-1
274,89,1023.70,145.44,1156.84,417.37,1,-1,-1,-1
275,89,1022.48,143.09,1156.40,415.58,1,-1,-1,-1
276,89,1017.69,137.72,1152.17,411.10,1,-1,-1,-1
277,70,843.23,535.16,927.60,721.82,1,-1,-1,-1
277,89,1011.69,136.51,1145.06,407.59,1,-1,-1,-1
278,70,838.22,535.18,923.35,723.52,1,-1,-1,-1
278,89,1004.99,134.90,1138.42,406.44,1,-1,-1,-1
279,70,834.64,533.56,921.17,723.56,1,-1,-1,-1
279,89,1003.06,132.44,1134.94,400.87,1,-1,-1,-1
280,70,832.96,534.47,919.26,724.39,1,-1,-1,-1
280,89,993.10,125.68,1125.22,395.60,1,-1,-1,-1
281,70,832.06,534.16,918.35,724.01,1,-1,-1,-1
281,89,984.54,121.96,1117.44,393.78,1,-1,-1,-1
282,70,827.78,534.11,914.70,725.35,1,-1,-1,-1
282,89,980.76,120.04,1114.06,392.59,1,-1,-1,-1
283,89,975.66,118.13,1107.58,387.66,1,-1,-1,-1
284,89,968.47,114.25,1102.14,387.28,1,-1,-1,-1
285,70,795.38,516.50,893.84,729.05,1,-1,-1,-1
285,89,962.92,112.90,1093.40,378.69,1,-1,-1,-1
286,70,791.66,519.59,891.20,732.10,1,-1,-1,-1
286,89,955.49,106.56,1086.52,372.91,1,-1,-1,-1
287,70,785.99,518.43,886.75,733.56,1,-1,-1,-1
287,89,949.08,101.01,1078.70,364.27,1,-1,-1,-1
288,89,941.21,96.40,1072.34,363.19,1,-1,-1,-1
289,89,938.61,95.47,1069.35,360.95,1,-1,-1,-1
290,89,932.83,89.98,1064.88,358.30,1,-1,-1,-1
291,70,771.86,526.55,870.04,730.07,1,-1,-1,-1
291,89,930.63,88.05,1062.94,356.78,1,-1,-1,-1
292,15,807.57,85.07,933.95,348.09,1,-1,-1,-1
292,70,766.99,526.42,865.57,730.78,1,-1,-1,-1
292,89,922.90,85.48,1052.36,349.09,1,-1,-1,-1
293,15,803.08,80.47,929.30,343.16,1,-1,-1,-1
293,70,766.01,530.86,861.84,727.89,1,-1,-1,-1
293,89,920.28,84.67,1047.82,345.01,1,-1,-1,-1
294,70,764.65,531.06,861.22,728.08,1,-1,-1,-1
294,89,918.21,79.84,1045.64,340.98,1,-1,-1,-1
295,70,763.92,531.12,861.34,728.80,1,-1,-1,-1
295,89,913.68,77.49,1041.00,338.96,1,-1,-1,-1
296,70,754.90,531.80,851.83,727.74,1,-1,-1,-1
296,89,907.65,71.43,1035.34,335.04,1,-1,-1,-1
297,15,791.17,80.83,907.64,322.08,1,-1,-1,-1
297,70,750.66,532.13,847.52,727.94,1,-1,-1,-1
297,89,905.54,69.94,1032.76,333.05,1,-1,-1,-1
298,15,789.10,79.61,906.01,320.64,1,-1,-1,-1
298,89,905.20,70.18,1031.05,329.80,1,-1,-1,-1
299,15,784.36,78.53,902.66,321.51,1,-1,-1,-1
299,89,899.35,65.75,1027.88,332.05,1,-1,-1,-1
300,15,781.07,76.18,901.98,323.33,1,-1,-1,-1
300,89,894.11,62.22,1022.14,329.04,1,-1,-1,-1
301,15,778.76,68.70,903.13,323.48,1,-1,-1,-1
301,89,892.14,61.00,1019.60,327.35,1,-1,-1,-1
302,15,777.14,64.66,903.25,322.97,1,-1,-1,-1
302,89,890.88,59.34,1018.84,327.48,1,-1,-1,-1
303,15,774.00,61.74,900.42,320.70,1,-1,-1,-1
303,89,890.50,55.53,1018.09,323.68,1,-1,-1,-1
304,89,891.75,56.17,1016.71,317.72,1,-1,-1,-1
305,15,766.80,55.14,891.04,308.41,1,-1,-1,-1
305,70,724.32,543.67,816.28,729.02,1,-1,-1,-1
305,89,893.63,55.88,1014.44,308.24,1,-1,-1,-1
306,15,763.60,52.14,887.80,305.33,1,-1,-1,-1
306,70,725.19,551.27,813.43,729.05,1,-1,-1,-1
306,89,890.19,53.87,1010.62,304.17,1,-1,-1,-1
307,15,759.91,49.03,883.49,299.66,1,-1,-1,-1
307,70,722.00,552.94,809.48,729.21,1,-1,-1,-1
307,89,887.13,47.87,1009.88,302.14,1,-1,-1,-1
308,15,757.79,46.69,882.55,298.14,1,-1,-1,-1
308,89,885.56,44.40,1010.23,302.17,1,-1,-1,-1
309,15,754.74,43.75,879.39,295.00,1,-1,-1,-1
309,89,885.98,45.83,1008.89,298.35,1,-1,-1,-1
310,15,755.70,40.18,881.67,293.53,1,-1,-1,-1
310,89,885.78,45.17,1008.98,297.05,1,-1,-1,-1
311,15,751.07,37.06,879.64,295.59,1,-1,-1,-1
311,89,879.76,39.03,1005.82,296.01,1,-1,-1,-1
312,15,750.24,37.30,878.17,294.37,1,-1,-1,-1
312,89,872.47,34.84,1001.27,297.03,1,-1,-1,-1
313,15,747.64,34.64,875.75,292.09,1,-1,-1,-1
313,89,870.05,34.00,999.36,296.20,1,-1,-1,-1
314,15,742.43,33.55,873.32,296.18,1,-1,-1,-1
314,89,866.37,32.47,993.05,289.39,1,-1,-1,-1
315,15,739.56,31.05,870.89,294.56,1,-1,-1,-1
315,89,865.10,32.00,990.76,286.90,1,-1,-1,-1
316,89,863.97,32.58,988.78,285.41,1,-1,-1,-1
317,15,734.61,26.01,865.37,291.05,1,-1,-1,-1
317,89,859.29,31.55,984.53,285.62,1,-1,-1,-1
318,15,729.91,25.88,859.55,290.49,1,-1,-1,-1
318,70,672.60,589.68,756.81,763.43,1,-1,-1,-1
318,89,859.03,34.54,980.99,281.81,1,-1,-1,-1
319,15,729.42,27.84,855.12,286.34,1,-1,-1,-1
319,70,668.37,592.60,752.30,765.80,1,-1,-1,-1
319,89,853.09,29.74,976.40,279.14,1,-1,-1,-1
320,15,728.81,24.01,853.45,281.51,1,-1,-1,-1
320,70,659.13,589.61,744.99,768.04,1,-1,-1,-1
320,89,850.23,28.07,973.17,276.70,1,-1,-1,-1
321,15,726.17,21.97,850.76,279.37,1,-1,-1,-1
321,70,654.38,591.95,740.24,770.39,1,-1,-1,-1
324,15,718.79,22.19,837.77,266.78,1,-1,-1,-1
325,15,716.23,20.77,834.57,264.05,1,-1,-1,-1
326,15,711.34,20.67,831.26,266.69,1,-1,-1,-1
326,89,823.69,13.26,948.15,264.85,1,-1,-1,-1
327,15,706.04,20.48,826.07,266.20,1,-1,-1,-1
327,89,821.49,11.06,946.79,264.26,1,-1,-1,-1
328,15,704.95,19.11,823.57,260.75,1,-1,-1,-1
328,89,818.00,8.98,943.31,262.21,1,-1,-1,-1
329,15,703.35,15.97,824.11,261.47,1,-1,-1,-1
330,15,702.47,14.85,823.45,261.14,1,-1,-1,-1
331,15,702.90,15.81,822.66,260.43,1,-1,-1,-1
332,15,698.30,13.57,820.04,262.23,1,-1,-1,-1
332,89,808.36,10.99,932.88,261.29,1,-1,-1,-1
333,15,696.56,14.09,817.91,260.98,1,-1,-1,-1
333,89,805.28,9.83,929.69,259.89,1,-1,-1,-1
334,15,696.30,15.00,817.57,260.55,1,-1,-1,-1
335,15,696.80,16.71,817.02,259.12,1,-1,-1,-1
336,15,697.85,19.38,816.14,257.30,1,-1,-1,-1
336,89,805.53,11.39,931.88,263.99,1,-1,-1,-1
337,15,698.52,21.07,815.69,256.00,1,-1,-1,-1
337,89,806.24,12.96,932.28,263.80,1,-1,-1,-1
338,15,696.30,17.69,816.78,258.91,1,-1,-1,-1
338,89,806.22,13.50,932.70,263.74,1,-1,-1,-1
339,15,696.26,18.43,816.48,258.69,1,-1,-1,-1
339,89,804.11,12.39,935.08,271.02,1,-1,-1,-1
340,15,697.06,19.39,816.34,257.32,1,-1,-1,-1
340,89,801.48,13.29,929.40,265.90,1,-1,-1,-1
341,15,696.16,19.28,815.10,256.52,1,-1,-1,-1
341,89,800.13,11.67,928.34,265.22,1,-1,-1,-1
342,15,695.29,15.90,817.66,259.85,1,-1,-1,-1
342,89,799.85,12.40,926.51,263.65,1,-1,-1,-1
343,15,691.20,15.82,813.17,259.16,1,-1,-1,-1
343,89,799.90,12.03,926.46,263.74,1,-1,-1,-1
344,15,689.96,15.40,811.95,258.76,1,-1,-1,-1
344,89,799.99,9.26,925.17,257.83,1,-1,-1,-1
345,89,799.79,7.56,925.03,255.62,1,-1,-1,-1
346,89,798.69,6.85,923.72,254.49,1,-1,-1,-1
347,89,796.00,8.38,920.09,253.86,1,-1,-1,-1
348,89,795.25,8.65,919.19,253.61,1,-1,-1,-1
349,89,794.97,8.75,918.94,253.54,1,-1,-1,-1
350,89,794.88,8.80,918.92,253.55,1,-1,-1,-1
351,89,794.86,8.84,918.99,253.58,1,-1,-1,-1
352,89,794.87,8.86,919.09,253.63,1,-1,-1,-1
353,15,681.11,14.89,804.69,263.72,1,-1,-1,-1
353,89,794.11,8.64,918.13,253.02,1,-1,-1,-1
354,15,676.27,16.97,800.10,267.41,1,-1,-1,-1
355,15,673.86,17.00,798.70,270.62,1,-1,-1,-1
356,15,672.35,15.70,798.87,274.43,1,-1,-1,-1
357,15,670.46,11.93,799.69,278.46,1,-1,-1,-1
358,15,669.91,10.50,799.26,279.32,1,-1,-1,-1
359,15,665.48,9.31,796.24,282.20,1,-1,-1,-1
360,15,663.85,12.79,794.44,285.86,1,-1,-1,-1
361,15,664.75,16.77,793.00,285.90,1,-1,-1,-1
362,15,667.19,22.27,790.47,281.88,1,-1,-1,-1
363,15,667.02,22.34,790.74,283.63,1,-1,-1,-1
364,15,671.36,23.66,793.76,283.58,1,-1,-1,-1
365,15,673.22,24.14,794.77,283.51,1,-1,-1,-1
366,15,668.20,24.29,793.63,292.06,1,-1,-1,-1
367,15,666.20,28.90,792.69,299.14,1,-1,-1,-1
368,15,665.49,30.65,792.32,301.80,1,-1,-1,-1
369,15,670.50,38.50,794.85,304.04,1,-1,-1,-1
370,15,672.42,41.45,795.86,304.79,1,-1,-1,-1
371,15,673.11,42.48,796.28,304.99,1,-1,-1,-1
372,15,674.69,49.42,797.11,309.62,1,-1,-1,-1
373,15,675.19,51.95,797.51,311.29,1,-1,-1,-1
374,15,675.29,52.81,797.73,311.83,1,-1,-1,-1
375,15,675.25,53.04,797.89,311.95,1,-1,-1,-1
376,15,675.16,53.04,798.00,311.92,1,-1,-1,-1
377,15,675.06,52.96,798.10,311.84,1,-1,-1,-1
378,15,674.96,52.87,798.19,311.75,1,-1,-1,-1
379,15,674.87,52.77,798.26,311.67,1,-1,-1,-1
380,15,674.78,52.68,798.33,311.59,1,-1,-1,-1
381,15,674.71,52.60,798.40,311.52,1,-1,-1,-1
382,15,674.64,52.53,798.45,311.46,1,-1,-1,-1
383,15,674.58,52.47,798.50,311.40,1,-1,-1,-1
384,15,674.52,52.41,798.55,311.36,1,-1,-1,-1
385,15,674.47,52.36,798.59,311.31,1,-1,-1,-1
386,15,692.91,82.06,815.84,338.38,1,-1,-1,-1
387,15,699.85,93.25,822.37,348.57,1,-1,-1,-1
388,15,702.35,97.29,824.75,352.26,1,-1,-1,-1
389,15,703.17,98.64,825.57,353.48,1,-1,-1,-1
390,15,703.36,98.97,825.80,353.79,1,-1,-1,-1
391,15,703.33,98.94,825.82,353.76,1,-1,-1,-1
392,15,703.23,98.79,825.76,353.62,1,-1,-1,-1
393,15,703.10,98.60,825.68,353.45,1,-1,-1,-1
394,15,705.06,114.96,832.79,380.41,1,-1,-1,-1
394,89,825.23,109.85,971.56,405.77,1,-1,-1,-1
395,15,705.38,119.68,836.42,391.68,1,-1,-1,-1
395,70,868.81,-111.71,970.81,84.29,1,-1,-1,-1
395,89,827.88,112.29,971.31,406.27,1,-1,-1,-1
396,15,705.40,121.35,837.80,395.85,1,-1,-1,-1
396,70,867.32,-120.23,975.37,84.74,1,-1,-1,-1
396,89,831.25,117.69,969.40,402.92,1,-1,-1,-1
396,141,737.01,-124.97,864.41,94.16,1,-1,-1,-1
397,15,704.70,120.53,839.55,399.84,1,-1,-1,-1
397,70,862.42,-123.57,972.34,85.28,1,-1,-1,-1
397,89,835.38,117.61,973.71,403.40,1,-1,-1,-1
397,141,730.70,-124.30,856.59,93.08,1,-1,-1,-1
398,15,709.62,122.69,843.38,399.88,1,-1,-1,-1
398,70,865.36,-134.65,976.30,76.13,1,-1,-1,-1
398,89,831.67,118.14,972.47,410.78,1,-1,-1,-1
398,141,721.77,-125.29,850.77,98.40,1,-1,-1,-1
399,15,713.23,131.26,843.68,400.98,1,-1,-1,-1
399,89,834.05,126.81,968.80,406.20,1,-1,-1,-1
399,141,711.11,-110.15,846.94,127.49,1,-1,-1,-1
400,15,721.27,142.34,846.25,400.51,1,-1,-1,-1
400,89,835.64,136.75,965.90,406.23,1,-1,-1,-1
400,141,709.58,-96.61,843.58,140.52,1,-1,-1,-1
401,15,728.89,147.66,851.18,401.47,1,-1,-1,-1
401,89,835.71,139.58,965.27,407.48,1,-1,-1,-1
401,141,709.02,-88.13,842.24,150.47,1,-1,-1,-1
402,15,730.70,152.12,853.11,407.04,1,-1,-1,-1
402,89,841.79,139.80,976.37,417.92,1,-1,-1,-1
402,141,705.49,-80.45,838.10,159.16,1,-1,-1,-1
403,15,731.54,153.61,854.80,410.96,1,-1,-1,-1
403,89,843.46,143.23,977.91,421.08,1,-1,-1,-1
403,141,701.39,-66.45,830.35,168.71,1,-1,-1,-1
404,15,732.63,158.63,855.81,414.94,1,-1,-1,-1
404,141,699.02,-58.03,827.29,178.59,1,-1,-1,-1
405,15,734.94,156.37,862.70,422.25,1,-1,-1,-1
405,141,691.84,-55.79,824.81,192.56,1,-1,-1,-1
406,15,742.19,164.57,867.90,424.87,1,-1,-1,-1
406,141,695.94,-41.46,824.45,201.46,1,-1,-1,-1
407,15,746.73,174.88,868.60,426.99,1,-1,-1,-1
407,141,690.90,-34.15,822.85,218.33,1,-1,-1,-1
408,15,750.66,175.88,874.41,430.95,1,-1,-1,-1
408,141,679.87,-27.69,814.02,231.53,1,-1,-1,-1
409,15,751.62,178.76,877.51,437.59,1,-1,-1,-1
409,141,677.21,-13.11,808.58,242.11,1,-1,-1,-1
410,15,756.70,181.01,882.30,437.98,1,-1,-1,-1
410,141,675.39,-4.46,807.00,253.61,1,-1,-1,-1
411,15,760.02,184.34,883.80,436.61,1,-1,-1,-1
411,141,673.24,11.64,798.96,260.89,1,-1,-1,-1
412,15,769.00,192.75,885.70,429.27,1,-1,-1,-1
412,141,666.91,19.46,793.12,271.78,1,-1,-1,-1
413,15,775.63,193.65,891.65,429.73,1,-1,-1,-1
413,141,665.07,28.03,790.02,280.13,1,-1,-1,-1
414,15,777.50,195.20,894.74,434.53,1,-1,-1,-1
414,141,660.31,39.52,783.36,289.48,1,-1,-1,-1
415,15,775.16,190.34,898.01,442.88,1,-1,-1,-1
415,141,654.75,48.82,776.33,297.89,1,-1,-1,-1
416,15,778.87,192.35,904.25,450.48,1,-1,-1,-1
416,141,646.05,52.64,771.35,311.92,1,-1,-1,-1
417,15,782.72,202.17,904.64,452.67,1,-1,-1,-1
417,141,638.77,62.97,765.29,325.37,1,-1,-1,-1
418,15,787.58,205.84,909.06,456.66,1,-1,-1,-1
418,89,912.90,197.96,1042.01,463.07,1,-1,-1,-1
418,141,636.32,72.51,760.99,333.43,1,-1,-1,-1
419,15,790.01,212.39,910.51,460.01,1,-1,-1,-1
419,89,917.12,201.87,1049.37,470.19,1,-1,-1,-1
419,141,627.06,84.36,750.97,344.62,1,-1,-1,-1
420,15,789.82,212.72,913.21,464.46,1,-1,-1,-1
420,89,917.61,200.52,1053.37,474.48,1,-1,-1,-1
420,141,619.36,95.11,742.52,351.77,1,-1,-1,-1
421,15,793.08,212.08,918.58,466.67,1,-1,-1,-1
421,89,917.55,199.24,1055.48,477.96,1,-1,-1,-1
421,141,615.81,92.86,748.32,369.93,1,-1,-1,-1
422,15,793.88,211.72,920.84,468.04,1,-1,-1,-1
422,89,923.59,202.58,1058.48,475.20,1,-1,-1,-1
422,141,606.15,101.58,741.59,384.83,1,-1,-1,-1
423,15,792.62,210.16,923.69,475.00,1,-1,-1,-1
423,89,925.07,202.40,1060.10,475.96,1,-1,-1,-1
423,141,607.59,109.87,743.10,394.80,1,-1,-1,-1
424,15,792.06,208.85,925.33,478.84,1,-1,-1,-1
424,89,925.41,200.93,1061.32,478.14,1,-1,-1,-1
424,141,599.81,124.49,734.24,404.08,1,-1,-1,-1
425,15,795.24,206.96,930.17,480.85,1,-1,-1,-1
425,89,925.77,199.64,1061.98,479.54,1,-1,-1,-1
425,141,597.24,135.04,730.78,412.43,1,-1,-1,-1
426,15,795.53,201.61,933.43,480.84,1,-1,-1,-1
426,89,928.63,197.10,1067.17,481.95,1,-1,-1,-1
426,141,591.17,142.66,726.36,421.77,1,-1,-1,-1
427,15,799.68,197.57,939.58,481.37,1,-1,-1,-1
427,89,930.81,197.40,1068.49,480.16,1,-1,-1,-1
427,141,585.93,151.43,722.04,432.43,1,-1,-1,-1
428,15,802.23,197.29,941.45,479.52,1,-1,-1,-1
428,89,931.53,197.47,1068.85,478.71,1,-1,-1,-1
428,141,589.61,163.91,722.40,439.93,1,-1,-1,-1
429,15,808.89,195.86,944.12,470.82,1,-1,-1,-1
429,89,936.70,194.82,1072.46,472.81,1,-1,-1,-1
429,141,580.07,171.66,713.04,448.73,1,-1,-1,-1
430,15,810.88,193.98,945.46,467.39,1,-1,-1,-1
430,89,939.47,195.11,1072.80,467.87,1,-1,-1,-1
430,141,576.78,178.90,709.12,456.33,1,-1,-1,-1
431,15,812.90,193.93,945.80,464.08,1,-1,-1,-1
431,89,940.81,190.53,1073.05,461.99,1,-1,-1,-1
431,141,571.98,187.71,704.84,466.23,1,-1,-1,-1
431,151,1532.15,-92.61,1642.85,70.80,1,-1,-1,-1
432,15,815.44,193.78,948.57,464.40,1,-1,-1,-1
432,89,944.48,186.16,1078.43,461.13,1,-1,-1,-1
432,151,1532.11,-91.74,1642.89,71.87,1,-1,-1,-1
433,89,947.76,183.87,1079.01,454.24,1,-1,-1,-1
433,141,579.39,207.58,702.29,468.32,1,-1,-1,-1
433,151,1531.00,-93.56,1644.00,73.65,1,-1,-1,-1
434,89,948.05,178.37,1081.28,454.30,1,-1,-1,-1
434,141,582.57,217.58,700.81,470.53,1,-1,-1,-1
434,151,1530.33,-94.49,1644.67,74.71,1,-1,-1,-1
435,89,951.00,173.07,1087.69,456.99,1,-1,-1,-1
435,141,570.95,217.43,694.70,483.42,1,-1,-1,-1
436,89,958.38,175.68,1092.83,453.47,1,-1,-1,-1
436,141,567.28,225.45,691.08,491.56,1,-1,-1,-1
437,89,961.70,174.13,1094.10,446.84,1,-1,-1,-1
438,89,966.72,172.27,1099.20,445.73,1,-1,-1,-1
438,141,561.67,242.76,682.29,502.06,1,-1,-1,-1
439,89,968.94,170.96,1101.20,444.71,1,-1,-1,-1
439,141,558.18,250.92,678.52,509.61,1,-1,-1,-1
440,89,976.41,172.51,1103.67,435.13,1,-1,-1,-1
441,89,979.49,171.82,1105.40,431.56,1,-1,-1,-1
442,89,983.11,162.91,1112.67,429.67,1,-1,-1,-1
443,89,989.43,160.33,1119.39,427.07,1,-1,-1,-1
443,141,535.34,273.85,655.17,528.04,1,-1,-1,-1
444,89,989.88,151.49,1123.63,425.52,1,-1,-1,-1
444,141,534.37,279.65,651.70,527.21,1,-1,-1,-1
445,89,995.45,146.94,1128.10,418.46,1,-1,-1,-1
445,141,527.81,282.21,648.07,534.99,1,-1,-1,-1
446,89,1001.29,143.33,1135.05,416.52,1,-1,-1,-1
446,141,523.67,288.80,643.62,540.94,1,-1,-1,-1
447,89,1006.14,142.73,1135.40,406.00,1,-1,-1,-1
448,89,1011.54,135.97,1140.94,399.44,1,-1,-1,-1
449,89,1013.10,128.27,1143.14,393.17,1,-1,-1,-1
450,89,1018.50,126.83,1147.46,388.98,1,-1,-1,-1
451,89,1019.60,123.12,1151.04,388.91,1,-1,-1,-1
452,89,1024.22,119.21,1155.82,385.06,1,-1,-1,-1
452,141,479.27,316.65,611.15,584.56,1,-1,-1,-1
453,89,1026.86,119.19,1156.45,380.44,1,-1,-1,-1
453,141,476.28,325.45,609.01,588.36,1,-1,-1,-1
454,89,1029.03,117.34,1155.83,372.87,1,-1,-1,-1
454,141,471.09,331.37,604.03,594.70,1,-1,-1,-1
455,89,1029.24,111.43,1156.56,368.20,1,-1,-1,-1
456,89,1031.72,104.71,1162.86,368.60,1,-1,-1,-1
457,89,1033.07,99.03,1164.60,363.63,1,-1,-1,-1
457,141,480.91,365.79,601.12,606.02,1,-1,-1,-1
458,89,1032.04,93.71,1166.55,363.86,1,-1,-1,-1
458,141,477.99,373.23,597.30,611.66,1,-1,-1,-1
459,89,1031.23,87.90,1166.87,361.45,1,-1,-1,-1
460,89,1031.16,85.83,1166.55,359.35,1,-1,-1,-1
461,89,1031.76,81.93,1165.61,352.76,1,-1,-1,-1
462,89,1032.11,79.29,1165.63,349.72,1,-1,-1,-1
463,89,1030.67,71.84,1167.07,348.05,1,-1,-1,-1
464,89,1031.33,65.89,1166.31,339.68,1,-1,-1,-1
465,89,1032.01,63.79,1166.12,335.94,1,-1,-1,-1
466,89,1033.64,63.17,1164.58,329.39,1,-1,-1,-1
467,89,1035.53,65.12,1162.61,323.09,1,-1,-1,-1
468,89,1041.15,68.02,1165.58,319.58,1,-1,-1,-1
469,89,1038.28,63.17,1162.79,314.43,1,-1,-1,-1
470,89,1041.92,62.81,1165.68,310.68,1,-1,-1,-1
471,89,1042.66,60.79,1167.98,310.81,1,-1,-1,-1
472,89,1042.69,59.46,1168.98,311.00,1,-1,-1,-1
473,89,1047.57,57.72,1173.03,306.57,1,-1,-1,-1
474,89,1050.54,58.50,1173.98,302.38,1,-1,-1,-1
475,89,1052.51,56.63,1175.11,298.86,1,-1,-1,-1
477,89,1048.35,45.30,1177.94,301.36,1,-1,-1,-1
478,89,1051.95,43.55,1182.95,302.30,1,-1,-1,-1
479,89,1054.40,44.28,1184.21,300.71,1,-1,-1,-1
480,89,1055.37,43.34,1185.19,300.19,1,-1,-1,-1
481,89,1056.80,41.24,1186.69,298.26,1,-1,-1,-1
482,89,1060.26,42.92,1190.50,299.18,1,-1,-1,-1
483,89,1059.94,37.69,1192.08,297.18,1,-1,-1,-1
484,89,1060.16,35.87,1193.58,297.15,1,-1,-1,-1
485,89,1059.43,34.59,1194.19,297.85,1,-1,-1,-1
486,89,1059.79,35.50,1193.68,296.86,1,-1,-1,-1
486,141,436.18,622.91,580.54,903.71,1,-1,-1,-1
487,89,1059.04,33.94,1194.26,297.85,1,-1,-1,-1
487,141,434.82,631.90,580.03,914.37,1,-1,-1,-1
488,89,1060.20,36.70,1192.96,295.64,1,-1,-1,-1
489,89,1061.50,39.16,1192.18,294.17,1,-1,-1,-1
490,89,1061.49,42.78,1191.64,296.33,1,-1,-1,-1
491,89,1061.53,44.82,1191.34,297.17,1,-1,-1,-1
492,89,1061.35,46.26,1191.36,298.18,1,-1,-1,-1
493,89,1061.44,47.46,1191.17,297.92,1,-1,-1,-1
494,89,1057.95,47.91,1187.27,297.17,1,-1,-1,-1
495,89,1054.48,44.74,1187.28,300.89,1,-1,-1,-1
496,89,1052.16,42.91,1187.00,302.94,1,-1,-1,-1
497,89,1052.15,43.52,1186.03,302.41,1,-1,-1,-1
498,89,1051.72,43.32,1185.80,302.58,1,-1,-1,-1
519,89,948.70,104.52,1078.73,354.65,1,-1,-1,-1
520,89,946.95,110.65,1076.62,359.86,1,-1,-1,-1
521,89,946.30,112.60,1075.89,361.51,1,-1,-1,-1
522,89,946.22,113.19,1075.82,362.02,1,-1,-1,-1
523,89,946.35,113.28,1075.99,362.09,1,-1,-1,-1
524,89,946.53,113.21,1076.22,362.03,1,-1,-1,-1
525,89,946.71,113.08,1076.43,361.92,1,-1,-1,-1
526,89,946.87,112.96,1076.63,361.81,1,-1,-1,-1
527,89,947.02,112.84,1076.80,361.72,1,-1,-1,-1
528,89,947.14,112.74,1076.95,361.63,1,-1,-1,-1
529,89,947.24,112.65,1077.08,361.55,1,-1,-1,-1
530,89,947.34,112.57,1077.19,361.48,1,-1,-1,-1
531,89,942.47,150.25,1072.96,399.17,1,-1,-1,-1
532,89,940.53,164.37,1071.58,413.31,1,-1,-1,-1
533,89,942.38,180.74,1067.93,417.77,1,-1,-1,-1
533,173,362.15,-56.42,511.96,89.34,1,-1,-1,-1
534,89,942.99,186.64,1066.81,419.14,1,-1,-1,-1
534,173,362.41,-53.75,510.48,90.07,1,-1,-1,-1
535,89,942.12,193.72,1064.99,424.43,1,-1,-1,-1
535,173,358.77,-41.89,507.09,102.22,1,-1,-1,-1
536,173,357.60,-38.21,506.06,106.10,1,-1,-1,-1
537,173,357.26,-37.21,505.79,107.24,1,-1,-1,-1
538,89,935.01,212.31,1061.30,448.09,1,-1,-1,-1
538,173,353.07,-17.02,499.51,124.76,1,-1,-1,-1
539,89,933.20,216.99,1062.63,458.15,1,-1,-1,-1
539,173,347.38,-9.26,499.47,138.51,1,-1,-1,-1
540,89,931.87,223.57,1061.26,464.65,1,-1,-1,-1
540,173,341.49,-5.34,496.07,145.24,1,-1,-1,-1
541,173,339.47,-4.17,494.75,147.47,1,-1,-1,-1
542,173,338.93,-4.02,494.24,148.01,1,-1,-1,-1
543,89,928.52,235.97,1067.09,493.74,1,-1,-1,-1
543,173,337.90,13.05,493.07,165.21,1,-1,-1,-1
544,89,928.09,237.28,1067.88,497.04,1,-1,-1,-1
544,173,337.68,19.26,492.63,171.45,1,-1,-1,-1
545,89,927.91,237.67,1068.21,498.12,1,-1,-1,-1
545,173,337.75,21.34,492.46,173.53,1,-1,-1,-1
545,176,1478.00,-121.00,1612.00,96.00,1,-1,-1,-1
545,177,338.00,-92.00,495.00,59.00,1,-1,-1,-1
546,89,925.75,244.18,1069.82,512.04,1,-1,-1,-1
546,173,331.53,34.44,490.18,191.25,1,-1,-1,-1
546,176,1461.05,-133.98,1609.10,105.92,1,-1,-1,-1
546,177,321.46,-96.58,490.16,65.87,1,-1,-1,-1
547,89,924.97,249.75,1071.08,522.32,1,-1,-1,-1
547,173,326.03,44.40,484.75,201.61,1,-1,-1,-1
547,176,1455.97,-137.45,1607.10,107.71,1,-1,-1,-1
547,177,316.06,-97.34,487.28,68.08,1,-1,-1,-1
548,89,924.08,253.67,1072.85,532.53,1,-1,-1,-1
548,173,327.23,59.77,478.84,210.53,1,-1,-1,-1
548,176,1464.40,-127.35,1605.50,101.22,1,-1,-1,-1
548,177,305.24,-101.01,485.78,75.02,1,-1,-1,-1
549,89,920.04,261.49,1068.20,539.45,1,-1,-1,-1
549,173,326.93,70.65,476.23,219.56,1,-1,-1,-1
549,176,1464.49,-128.90,1608.54,104.92,1,-1,-1,-1
549,177,296.16,-88.22,483.95,94.86,1,-1,-1,-1
550,89,917.30,267.58,1066.28,547.70,1,-1,-1,-1
550,173,323.31,79.03,470.28,225.93,1,-1,-1,-1
550,176,1464.12,-130.07,1610.06,107.51,1,-1,-1,-1
550,177,301.37,-66.03,474.95,102.33,1,-1,-1,-1
551,89,916.40,269.73,1065.47,550.58,1,-1,-1,-1
551,173,322.12,81.82,468.07,227.97,1,-1,-1,-1
551,176,1464.21,-130.45,1610.51,108.41,1,-1,-1,-1
551,177,303.85,-57.25,471.74,104.77,1,-1,-1,-1
552,89,917.68,278.20,1064.26,553.36,1,-1,-1,-1
552,173,319.95,99.85,461.19,240.42,1,-1,-1,-1
552,176,1462.32,-112.46,1606.00,122.05,1,-1,-1,-1
552,177,298.30,-50.18,468.46,113.59,1,-1,-1,-1
553,89,911.67,281.88,1061.79,564.02,1,-1,-1,-1
553,173,315.24,107.60,460.03,251.49,1,-1,-1,-1
553,176,1466.51,-92.16,1598.13,121.07,1,-1,-1,-1
553,177,298.23,-35.04,463.56,121.95,1,-1,-1,-1
554,89,911.00,295.52,1058.70,572.38,1,-1,-1,-1
554,173,313.06,115.48,459.55,260.59,1,-1,-1,-1
554,176,1466.42,-83.18,1597.70,128.10,1,-1,-1,-1
554,177,297.80,-24.15,461.88,129.51,1,-1,-1,-1
554,178,921.75,-84.03,1004.44,56.25,1,-1,-1,-1
555,89,909.74,302.53,1058.62,581.22,1,-1,-1,-1
555,173,313.54,133.33,451.00,267.67,1,-1,-1,-1
555,176,1468.84,-82.23,1603.31,133.17,1,-1,-1,-1
555,177,294.62,-18.42,463.89,138.09,1,-1,-1,-1
555,178,919.32,-88.27,1006.45,59.53,1,-1,-1,-1
555,179,110.67,-97.84,268.45,63.19,1,-1,-1,-1
556,89,910.78,307.59,1057.82,583.64,1,-1,-1,-1
556,173,306.97,141.66,445.92,276.66,1,-1,-1,-1
556,176,1465.60,-72.01,1600.17,142.92,1,-1,-1,-1
556,177,290.47,-9.22,459.14,143.67,1,-1,-1,-1
556,178,917.42,-91.78,1008.90,63.48,1,-1,-1,-1
556,179,108.57,-89.27,256.64,61.69,1,-1,-1,-1
557,89,905.98,313.23,1053.56,590.19,1,-1,-1,-1
557,173,301.26,146.40,447.66,287.67,1,-1,-1,-1
557,176,1467.41,-70.36,1605.36,149.78,1,-1,-1,-1
557,177,288.07,-0.69,458.46,150.81,1,-1,-1,-1
557,178,916.13,-93.68,1009.61,64.86,1,-1,-1,-1
557,179,97.86,-93.29,255.21,66.86,1,-1,-1,-1
558,89,902.84,321.73,1052.72,602.96,1,-1,-1,-1
558,173,302.90,161.69,442.72,295.46,1,-1,-1,-1
558,176,1466.17,-69.24,1609.24,160.11,1,-1,-1,-1
558,177,283.08,10.89,453.16,161.23,1,-1,-1,-1
558,178,913.96,-96.38,1010.81,68.05,1,-1,-1,-1
558,179,99.87,-70.99,248.26,77.67,1,-1,-1,-1
559,89,901.70,324.73,1052.44,607.55,1,-1,-1,-1
559,173,303.46,167.07,441.28,297.92,1,-1,-1,-1
559,176,1465.91,-68.95,1610.51,163.86,1,-1,-1,-1
559,177,281.07,14.88,451.60,164.81,1,-1,-1,-1
559,178,913.22,-97.32,1011.17,69.18,1,-1,-1,-1
559,179,100.17,-63.18,247.06,81.56,1,-1,-1,-1
560,89,901.34,325.63,1052.39,609.01,1,-1,-1,-1
560,173,303.46,168.68,441.16,298.51,1,-1,-1,-1
560,176,1465.99,-69.01,1610.82,165.09,1,-1,-1,-1
560,177,280.18,16.07,451.40,165.86,1,-1,-1,-1
560,178,913.01,-97.60,1011.22,69.54,1,-1,-1,-1
560,179,99.50,-60.92,247.75,82.72,1,-1,-1,-1
561,89,901.26,325.75,1052.42,609.29,1,-1,-1,-1
561,173,303.27,168.94,441.49,298.45,1,-1,-1,-1
561,176,1466.19,-69.18,1610.77,165.36,1,-1,-1,-1
561,177,279.71,16.22,451.69,165.99,1,-1,-1,-1
561,178,913.00,-97.64,1011.16,69.61,1,-1,-1,-1
561,179,98.50,-60.44,249.03,83.00,1,-1,-1,-1
562,89,889.36,339.42,1045.96,634.82,1,-1,-1,-1
562,173,291.62,186.11,435.30,320.22,1,-1,-1,-1
562,176,1458.01,-68.06,1611.12,183.02,1,-1,-1,-1
562,177,272.81,33.99,448.09,185.09,1,-1,-1,-1
562,178,907.48,-108.23,1016.64,78.88,1,-1,-1,-1
562,179,85.27,-46.75,232.24,91.96,1,-1,-1,-1
563,89,885.19,344.43,1043.31,644.25,1,-1,-1,-1
563,173,287.22,192.24,433.24,328.07,1,-1,-1,-1
563,176,1455.46,-67.68,1610.76,189.54,1,-1,-1,-1
563,177,269.82,40.41,447.33,192.03,1,-1,-1,-1
563,178,905.68,-112.11,1018.42,82.28,1,-1,-1,-1
563,179,80.10,-42.09,226.80,95.07,1,-1,-1,-1
564,89,884.12,352.00,1040.59,649.54,1,-1,-1,-1
564,173,280.21,202.13,429.46,339.97,1,-1,-1,-1
564,176,1459.51,-67.64,1613.97,191.25,1,-1,-1,-1
564,177,261.93,49.17,438.80,198.35,1,-1,-1,-1
564,178,907.84,-117.42,1025.85,86.77,1,-1,-1,-1
564,179,74.60,-37.28,222.72,100.16,1,-1,-1,-1
564,180,1201.69,-101.24,1303.00,71.68,1,-1,-1,-1
565,89,877.61,350.74,1037.28,654.52,1,-1,-1,-1
565,173,276.32,210.19,426.83,348.78,1,-1,-1,-1
565,176,1463.39,-63.83,1612.96,189.08,1,-1,-1,-1
565,177,258.58,57.50,435.50,204.42,1,-1,-1,-1
565,178,908.61,-120.71,1030.14,90.37,1,-1,-1,-1
565,179,71.79,-29.68,218.35,104.58,1,-1,-1,-1
565,180,1203.41,-101.74,1304.99,71.69,1,-1,-1,-1
566,89,875.26,350.10,1036.06,656.17,1,-1,-1,-1
566,173,274.85,212.93,426.06,351.82,1,-1,-1,-1
566,176,1465.28,-62.46,1612.20,187.99,1,-1,-1,-1
566,177,256.74,60.30,435.12,206.41,1,-1,-1,-1
566,178,909.08,-121.92,1031.64,91.72,1,-1,-1,-1
566,179,70.39,-27.19,217.56,106.03,1,-1,-1,-1
566,180,1203.94,-101.72,1305.39,71.54,1,-1,-1,-1
567,89,869.54,349.66,1030.79,657.83,1,-1,-1,-1
567,173,270.38,218.26,423.99,359.24,1,-1,-1,-1
567,176,1467.30,-55.44,1610.60,189.39,1,-1,-1,-1
567,177,249.12,61.07,439.49,216.88,1,-1,-1,-1
567,178,915.41,-119.07,1034.39,88.94,1,-1,-1,-1
567,179,70.27,-10.96,207.73,111.15,1,-1,-1,-1
567,180,1201.41,-105.87,1308.00,76.39,1,-1,-1,-1
568,89,865.41,352.59,1023.04,654.28,1,-1,-1,-1
568,173,268.85,225.27,421.28,364.40,1,-1,-1,-1
568,176,1468.21,-53.54,1610.50,190.41,1,-1,-1,-1
568,177,245.62,67.74,434.11,221.93,1,-1,-1,-1
568,178,919.57,-115.20,1033.73,84.44,1,-1,-1,-1
568,179,68.26,-3.92,201.00,112.13,1,-1,-1,-1
568,180,1201.69,-107.85,1310.49,78.16,1,-1,-1,-1
569,89,863.95,354.20,1019.52,651.96,1,-1,-1,-1
569,173,269.54,233.57,418.56,368.67,1,-1,-1,-1
569,176,1468.38,-53.59,1611.29,191.99,1,-1,-1,-1
569,177,242.00,68.72,433.22,225.53,1,-1,-1,-1
569,178,921.93,-112.29,1032.62,81.31,1,-1,-1,-1
569,179,64.22,-3.19,200.97,115.11,1,-1,-1,-1
570,89,863.98,355.31,1017.85,649.56,1,-1,-1,-1
570,173,266.44,237.03,413.81,370.61,1,-1,-1,-1
570,176,1467.59,-55.02,1611.76,193.78,1,-1,-1,-1
570,177,240.31,69.55,432.08,227.34,1,-1,-1,-1
570,178,923.80,-109.15,1031.12,78.75,1,-1,-1,-1
570,179,62.28,0.99,198.96,118.10,1,-1,-1,-1
571,89,864.68,357.58,1016.09,646.50,1,-1,-1,-1
571,173,265.88,243.38,409.67,373.74,1,-1,-1,-1
571,176,1467.04,-56.30,1612.18,195.00,1,-1,-1,-1
571,177,237.07,74.25,427.91,231.07,1,-1,-1,-1
571,178,925.81,-105.26,1029.84,77.09,1,-1,-1,-1
571,179,57.45,-0.48,201.34,122.44,1,-1,-1,-1
571,180,1195.95,-116.68,1313.32,83.95,1,-1,-1,-1
572,89,865.75,354.96,1015.52,640.52,1,-1,-1,-1
572,173,266.26,247.44,407.10,374.62,1,-1,-1,-1
572,176,1471.06,-56.86,1615.98,194.69,1,-1,-1,-1
572,177,236.11,77.15,426.26,232.26,1,-1,-1,-1
572,178,932.47,-101.10,1032.08,73.76,1,-1,-1,-1
572,179,52.24,-1.12,200.53,125.26,1,-1,-1,-1
572,180,1191.93,-113.55,1306.70,83.20,1,-1,-1,-1
573,89,866.06,353.19,1015.58,638.19,1,-1,-1,-1
573,173,262.22,252.02,404.52,380.07,1,-1,-1,-1
573,176,1471.25,-55.47,1616.85,197.26,1,-1,-1,-1
573,177,233.81,81.35,427.14,237.79,1,-1,-1,-1
573,178,935.49,-99.55,1032.95,71.84,1,-1,-1,-1
573,179,53.50,6.35,195.91,125.54,1,-1,-1,-1
573,180,1194.88,-105.10,1300.02,75.59,1,-1,-1,-1
574,89,868.23,357.09,1013.05,632.59,1,-1,-1,-1
574,173,259.05,252.82,404.09,383.22,1,-1,-1,-1
574,177,231.17,81.45,430.08,241.66,1,-1,-1,-1
574,178,941.96,-96.30,1035.88,69.12,1,-1,-1,-1
574,179,52.43,8.97,194.75,126.11,1,-1,-1,-1
574,180,1194.81,-103.15,1298.66,76.02,1,-1,-1,-1
575,89,863.58,355.77,1009.00,632.42,1,-1,-1,-1
575,173,256.81,252.25,404.50,384.87,1,-1,-1,-1
575,176,1468.38,-58.00,1613.24,195.34,1,-1,-1,-1
575,177,230.29,85.91,429.92,245.58,1,-1,-1,-1
575,178,944.87,-94.45,1036.99,68.14,1,-1,-1,-1
575,179,51.47,9.76,195.09,126.22,1,-1,-1,-1
575,180,1199.00,-104.47,1303.37,75.49,1,-1,-1,-1
576,89,862.63,356.55,1006.89,631.01,1,-1,-1,-1
576,173,253.52,249.85,407.29,387.94,1,-1,-1,-1
576,176,1469.06,-56.36,1610.85,192.30,1,-1,-1,-1
576,177,229.22,86.79,431.44,248.19,1,-1,-1,-1
576,178,945.33,-94.50,1037.16,67.81,1,-1,-1,-1
576,179,51.58,11.23,194.97,125.50,1,-1,-1,-1
576,180,1199.13,-104.83,1303.91,75.84,1,-1,-1,-1
577,89,861.66,351.43,1006.21,626.45,1,-1,-1,-1
577,173,252.47,252.72,407.63,392.21,1,-1,-1,-1
577,176,1469.07,-59.80,1609.58,187.89,1,-1,-1,-1
577,177,225.22,85.01,434.43,252.29,1,-1,-1,-1
577,178,944.70,-95.89,1037.89,69.06,1,-1,-1,-1
577,179,47.47,8.91,198.61,127.83,1,-1,-1,-1
578,89,860.06,342.82,1007.34,623.42,1,-1,-1,-1
578,173,251.18,253.00,408.82,394.98,1,-1,-1,-1
578,176,1470.67,-58.45,1606.85,182.25,1,-1,-1,-1
578,177,221.64,86.18,430.59,253.07,1,-1,-1,-1
578,178,945.26,-95.77,1038.58,69.54,1,-1,-1,-1
578,179,44.92,11.95,201.08,133.24,1,-1,-1,-1
579,89,860.41,340.91,1006.93,620.32,1,-1,-1,-1
579,173,251.05,253.62,409.04,395.88,1,-1,-1,-1
579,176,1472.22,-56.62,1604.87,177.41,1,-1,-1,-1
579,177,225.49,95.00,423.34,252.51,1,-1,-1,-1
579,178,944.43,-97.74,1039.76,71.07,1,-1,-1,-1
579,179,40.64,11.02,204.82,137.85,1,-1,-1,-1
