3,1,1588.17,386.38,1744.87,745.19,1,-1,-1,-1
3,2,1010.28,437.99,1112.77,681.09,1,-1,-1,-1
4,1,1586.19,372.44,1749.99,746.96,1,-1,-1,-1
4,2,1016.86,434.94,1119.98,679.75,1,-1,-1,-1
5,1,1588.09,362.96,1757.99,751.23,1,-1,-1,-1
5,2,1018.40,433.41,1122.51,680.90,1,-1,-1,-1
6,1,1588.90,360.67,1760.30,752.05,1,-1,-1,-1
6,2,1020.49,441.55,1121.35,681.38,1,-1,-1,-1
7,1,1587.72,357.49,1762.17,755.74,1,-1,-1,-1
7,2,1018.32,438.95,1123.36,688.69,1,-1,-1,-1
8,1,1582.90,360.65,1758.17,761.10,1,-1,-1,-1
8,2,1017.96,439.42,1123.54,690.54,1,-1,-1,-1
9,1,1587.13,366.81,1759.09,759.69,1,-1,-1,-1
9,2,1023.16,445.04,1127.47,693.21,1,-1,-1,-1
9,11,560.74,346.72,740.47,768.29,1,-1,-1,-1
10,1,1600.00,376.78,1767.54,760.40,1,-1,-1,-1
10,2,1025.12,447.17,1129.38,694.84,1,-1,-1,-1
10,11,561.85,346.65,741.72,768.55,1,-1,-1,-1
11,1,1610.26,381.29,1775.14,759.24,1,-1,-1,-1
11,2,1036.67,455.32,1137.87,696.05,1,-1,-1,-1
12,1,1620.10,391.07,1781.04,760.78,1,-1,-1,-1
12,2,1043.40,452.93,1147.87,701.86,1,-1,-1,-1
13,1,1638.75,396.06,1796.89,759.95,1,-1,-1,-1
13,2,1045.58,450.05,1152.90,705.90,1,-1,-1,-1
14,1,1645.07,397.18,1802.88,760.27,1,-1,-1,-1
14,2,1050.31,450.23,1158.49,708.68,1,-1,-1,-1
15,1,1650.24,400.22,1809.82,767.05,1,-1,-1,-1
15,2,1056.51,448.95,1165.12,709.00,1,-1,-1,-1
16,1,1662.25,398.64,1821.13,764.22,1,-1,-1,-1
16,2,1065.69,455.03,1169.72,704.43,1,-1,-1,-1
16,11,629.47,359.74,797.46,756.26,1,-1,-1,-1
17,1,1670.88,395.97,1830.76,764.42,1,-1,-1,-1
17,2,1073.05,453.99,1177.23,704.57,1,-1,-1,-1
17,11,635.40,364.70,797.96,750.62,1,-1,-1,-1
18,1,1678.23,399.57,1838.36,768.43,1,-1,-1,-1
18,2,1075.39,450.94,1180.73,705.25,1,-1,-1,-1
18,11,643.28,366.68,804.19,748.68,1,-1,-1,-1
19,1,1679.65,397.58,1842.68,773.22,1,-1,-1,-1
19,2,1075.67,446.48,1180.98,701.52,1,-1,-1,-1
20,1,1680.77,398.77,1843.26,773.65,1,-1,-1,-1
20,2,1074.05,436.20,1183.09,700.71,1,-1,-1,-1
21,1,1685.85,399.86,1847.51,773.09,1,-1,-1,-1
21,2,1075.35,436.25,1182.40,695.84,1,-1,-1,-1
22,1,1691.49,398.25,1854.18,774.14,1,-1,-1,-1
22,2,1079.06,433.04,1187.80,696.56,1,-1,-1,-1
23,1,1699.05,399.60,1860.73,773.17,1,-1,-1,-1
23,2,1087.15,441.05,1192.08,695.52,1,-1,-1,-1
24,1,1713.04,408.69,1870.14,772.08,1,-1,-1,-1
24,2,1095.54,447.55,1196.76,693.12,1,-1,-1,-1
25,1,1722.50,411.43,1878.32,772.96,1,-1,-1,-1
25,2,1099.83,447.92,1200.74,692.71,1,-1,-1,-1
26,1,1729.58,413.14,1885.01,773.78,1,-1,-1,-1
26,2,1096.05,442.54,1201.89,699.95,1,-1,-1,-1
27,1,1730.89,404.78,1888.56,770.99,1,-1,-1,-1
27,2,1094.56,438.09,1203.78,704.79,1,-1,-1,-1
28,1,1737.33,405.39,1894.91,771.41,1,-1,-1,-1
28,2,1094.21,437.13,1204.17,705.90,1,-1,-1,-1
29,1,1734.89,409.15,1888.09,764.10,1,-1,-1,-1
29,2,1096.70,436.38,1207.35,706.84,1,-1,-1,-1
29,11,682.60,329.89,862.27,756.56,1,-1,-1,-1
30,1,1740.41,410.09,1893.04,763.70,1,-1,-1,-1
30,2,1088.63,437.46,1198.16,704.86,1,-1,-1,-1
30,11,688.31,323.44,868.62,753.66,1,-1,-1,-1
30,15,1635.74,412.03,1784.16,754.83,1,-1,-1,-1
31,2,1086.56,432.24,1197.43,701.79,1,-1,-1,-1
31,11,697.93,326.83,873.02,746.69,1,-1,-1,-1
31,15,1746.42,400.62,1902.59,761.17,1,-1,-1,-1
32,1,1740.63,396.60,1893.74,750.15,1,-1,-1,-1
32,2,1082.82,432.38,1191.61,696.10,1,-1,-1,-1
32,11,708.57,334.19,875.92,736.76,1,-1,-1,-1
32,15,1880.64,391.66,2045.50,772.26,1,-1,-1,-1
33,1,1747.90,398.73,1897.78,744.03,1,-1,-1,-1
33,2,1081.75,429.16,1189.57,690.61,1,-1,-1,-1
33,11,701.58,317.71,878.20,743.04,1,-1,-1,-1
34,1,1746.83,398.80,1892.54,733.89,1,-1,-1,-1
34,2,1082.65,431.97,1186.80,684.59,1,-1,-1,-1
34,11,700.30,315.02,877.71,742.07,1,-1,-1,-1
35,1,1750.94,398.52,1895.43,730.80,1,-1,-1,-1
35,2,1077.90,432.42,1180.75,681.70,1,-1,-1,-1
35,11,694.84,314.09,872.23,741.08,1,-1,-1,-1
36,1,1736.24,395.67,1878.05,721.61,1,-1,-1,-1
36,2,1071.10,431.94,1174.19,681.36,1,-1,-1,-1
36,11,696.00,321.72,866.58,733.51,1,-1,-1,-1
37,1,1731.95,391.59,1876.06,722.76,1,-1,-1,-1
37,2,1066.93,427.80,1173.46,685.94,1,-1,-1,-1
37,11,704.54,338.77,865.35,726.65,1,-1,-1,-1
38,1,1733.19,390.60,1876.34,719.56,1,-1,-1,-1
38,2,1065.05,424.31,1174.23,688.99,1,-1,-1,-1
38,11,706.51,342.50,865.84,726.88,1,-1,-1,-1
39,2,1063.22,419.74,1176.38,694.10,1,-1,-1,-1
39,11,712.60,349.18,869.87,729.70,1,-1,-1,-1
40,2,1062.95,419.34,1176.19,694.12,1,-1,-1,-1
40,11,706.78,343.57,870.53,740.19,1,-1,-1,-1
41,2,1062.79,419.91,1175.61,693.46,1,-1,-1,-1
41,11,710.18,344.11,873.65,740.77,1,-1,-1,-1
42,2,1062.00,413.61,1176.85,692.55,1,-1,-1,-1
42,11,712.96,348.92,873.18,737.02,1,-1,-1,-1
43,2,1066.80,407.36,1181.40,685.67,1,-1,-1,-1
43,11,711.95,341.36,875.53,736.92,1,-1,-1,-1
44,2,1073.97,407.00,1185.77,679.09,1,-1,-1,-1
44,11,721.65,336.58,883.99,727.67,1,-1,-1,-1
45,2,1069.54,389.73,1188.00,677.93,1,-1,-1,-1
45,11,723.17,324.12,890.55,725.48,1,-1,-1,-1
46,2,1072.82,386.01,1191.00,673.65,1,-1,-1,-1
46,11,730.83,325.42,894.92,718.15,1,-1,-1,-1
47,2,1079.95,388.00,1195.49,669.40,1,-1,-1,-1
47,11,738.41,322.02,900.99,711.39,1,-1,-1,-1
48,2,1082.23,385.62,1198.95,670.49,1,-1,-1,-1
48,11,753.56,327.44,908.62,700.32,1,-1,-1,-1
49,2,1081.60,377.61,1200.99,669.63,1,-1,-1,-1
49,11,758.63,326.63,912.58,696.84,1,-1,-1,-1
49,15,821.52,328.53,976.27,689.47,1,-1,-1,-1
50,2,1084.54,382.48,1198.52,660.89,1,-1,-1,-1
50,15,769.52,323.18,920.10,678.38,1,-1,-1,-1
51,2,1080.19,378.59,1192.87,653.54,1,-1,-1,-1
51,15,750.69,314.66,901.38,673.39,1,-1,-1,-1
52,2,1070.23,358.63,1190.45,650.92,1,-1,-1,-1
52,15,745.66,301.45,896.97,664.16,1,-1,-1,-1
53,2,1063.52,355.89,1182.94,646.11,1,-1,-1,-1
53,15,744.65,303.84,889.60,652.75,1,-1,-1,-1
54,2,1051.17,353.09,1171.93,646.33,1,-1,-1,-1
54,15,739.40,296.11,885.43,649.59,1,-1,-1,-1
55,2,1040.48,348.25,1164.69,649.79,1,-1,-1,-1
55,15,739.34,300.38,883.13,648.69,1,-1,-1,-1
56,2,1035.32,343.95,1162.53,653.12,1,-1,-1,-1
56,15,732.57,295.43,881.76,656.15,1,-1,-1,-1
57,2,1035.48,347.63,1159.75,649.94,1,-1,-1,-1
57,15,723.57,289.76,878.81,663.63,1,-1,-1,-1
58,2,1034.79,345.99,1160.36,651.40,1,-1,-1,-1
58,15,721.14,287.76,879.19,666.56,1,-1,-1,-1
59,2,1034.56,346.14,1160.08,651.99,1,-1,-1,-1
59,15,721.40,289.82,879.47,666.45,1,-1,-1,-1
60,2,1035.83,350.26,1158.14,648.33,1,-1,-1,-1
60,15,727.29,294.10,883.58,663.81,1,-1,-1,-1
60,31,1838.19,317.52,2010.81,695.73,1,-1,-1,-1
61,2,1039.10,361.28,1155.49,644.99,1,-1,-1,-1
61,15,722.48,289.87,883.89,668.86,1,-1,-1,-1
61,31,1839.20,321.14,2009.03,692.66,1,-1,-1,-1
62,2,1025.97,351.39,1148.85,651.22,1,-1,-1,-1
62,15,711.77,292.31,875.07,674.02,1,-1,-1,-1
62,31,1841.23,325.95,2006.76,687.28,1,-1,-1,-1
63,2,1018.20,351.13,1141.16,650.83,1,-1,-1,-1
63,15,712.10,292.04,877.18,676.68,1,-1,-1,-1
63,31,1842.96,330.34,2004.97,683.43,1,-1,-1,-1
64,2,1025.08,372.19,1137.06,645.45,1,-1,-1,-1
64,15,713.84,294.64,877.70,676.38,1,-1,-1,-1
64,31,1841.99,328.82,2005.93,685.85,1,-1,-1,-1
65,2,1022.18,381.21,1133.32,652.99,1,-1,-1,-1
65,15,721.88,290.43,889.02,681.52,1,-1,-1,-1
65,31,1842.28,334.44,2005.64,689.55,1,-1,-1,-1
66,2,1016.55,373.60,1136.07,666.37,1,-1,-1,-1
66,15,733.65,301.96,894.01,678.87,1,-1,-1,-1
66,31,1843.11,352.88,2004.83,704.05,1,-1,-1,-1
67,2,1025.33,380.55,1144.43,672.49,1,-1,-1,-1
67,15,744.75,314.56,900.02,680.45,1,-1,-1,-1
67,31,1838.04,347.11,2010.58,721.65,1,-1,-1,-1
68,2,1032.47,400.41,1144.39,674.18,1,-1,-1,-1
68,15,748.35,321.25,903.74,688.39,1,-1,-1,-1
68,31,1842.09,373.31,2005.47,727.88,1,-1,-1,-1
69,2,1030.56,409.35,1139.74,675.38,1,-1,-1,-1
69,15,754.95,326.32,907.92,689.28,1,-1,-1,-1
69,31,1840.34,379.98,2007.48,742.98,1,-1,-1,-1
70,2,1027.73,411.77,1139.60,684.51,1,-1,-1,-1
70,15,751.61,322.83,907.46,693.55,1,-1,-1,-1
70,31,1840.49,386.61,2007.24,748.76,1,-1,-1,-1
71,2,1023.83,417.18,1133.22,683.13,1,-1,-1,-1
71,15,748.48,312.92,908.57,695.09,1,-1,-1,-1
71,31,1838.86,398.55,2009.06,766.69,1,-1,-1,-1
72,2,1018.38,416.37,1126.14,677.09,1,-1,-1,-1
72,15,744.14,313.04,902.42,691.71,1,-1,-1,-1
72,31,1836.72,397.83,2011.91,775.99,1,-1,-1,-1
73,2,1017.03,411.87,1123.68,668.72,1,-1,-1,-1
73,15,742.36,307.80,900.88,686.35,1,-1,-1,-1
73,31,1836.49,404.16,2012.19,783.43,1,-1,-1,-1
74,2,1015.58,391.96,1132.63,672.98,1,-1,-1,-1
74,15,743.50,297.90,908.49,690.89,1,-1,-1,-1
75,2,1036.88,394.48,1149.41,664.86,1,-1,-1,-1
75,15,761.02,304.61,920.30,682.82,1,-1,-1,-1
76,2,1042.55,382.18,1160.74,666.18,1,-1,-1,-1
76,15,771.55,298.68,932.08,679.60,1,-1,-1,-1
77,2,1047.40,384.20,1162.04,659.52,1,-1,-1,-1
77,15,769.78,294.54,932.77,679.73,1,-1,-1,-1
78,2,1042.03,375.78,1159.68,657.57,1,-1,-1,-1
78,15,763.50,291.05,929.31,681.11,1,-1,-1,-1
79,2,1043.04,374.02,1161.02,656.62,1,-1,-1,-1
79,15,930.87,346.16,1064.97,661.32,1,-1,-1,-1
80,15,799.70,299.91,962.55,682.71,1,-1,-1,-1
81,2,1014.87,368.40,1136.96,658.32,1,-1,-1,-1
81,15,768.05,290.34,936.55,686.97,1,-1,-1,-1
81,31,1579.86,301.28,1829.14,834.35,1,-1,-1,-1
82,2,1009.76,367.49,1133.73,659.93,1,-1,-1,-1
82,15,761.29,294.84,928.13,688.07,1,-1,-1,-1
82,31,1558.70,304.69,1809.51,836.76,1,-1,-1,-1
83,2,1005.53,364.56,1135.06,671.02,1,-1,-1,-1
83,15,766.41,304.66,925.90,681.88,1,-1,-1,-1
83,31,1551.86,322.97,1791.45,829.12,1,-1,-1,-1
84,2,1003.15,362.60,1133.85,671.81,1,-1,-1,-1
84,15,924.67,347.23,1063.94,677.44,1,-1,-1,-1
84,31,1535.37,328.53,1773.61,828.34,1,-1,-1,-1
85,15,821.52,337.03,963.14,670.83,1,-1,-1,-1
85,31,1523.83,328.74,1763.36,829.86,1,-1,-1,-1
86,2,999.56,369.75,1127.08,672.24,1,-1,-1,-1
86,15,786.70,327.58,930.78,666.62,1,-1,-1,-1
86,31,1506.42,326.80,1749.11,834.53,1,-1,-1,-1
87,2,999.63,373.73,1123.98,669.55,1,-1,-1,-1
87,15,774.10,325.36,918.71,664.43,1,-1,-1,-1
88,2,993.25,368.42,1122.02,675.30,1,-1,-1,-1
88,15,761.95,318.51,912.06,669.00,1,-1,-1,-1
89,2,988.08,361.94,1122.26,681.94,1,-1,-1,-1
89,15,755.64,312.68,911.09,674.67,1,-1,-1,-1
90,2,989.42,369.82,1120.45,681.23,1,-1,-1,-1
90,15,757.65,313.75,916.55,682.07,1,-1,-1,-1
91,2,995.11,375.02,1124.08,680.20,1,-1,-1,-1
91,15,758.16,313.56,919.42,685.58,1,-1,-1,-1
91,31,1406.81,300.49,1659.00,831.37,1,-1,-1,-1
92,2,1000.28,373.02,1132.51,684.41,1,-1,-1,-1
92,15,768.79,316.79,929.45,684.27,1,-1,-1,-1
92,31,1388.35,297.24,1643.31,833.95,1,-1,-1,-1
92,40,1020.59,555.67,1088.34,699.12,1,-1,-1,-1
93,2,1019.35,380.79,1146.03,678.08,1,-1,-1,-1
93,15,791.42,321.37,952.77,689.00,1,-1,-1,-1
93,31,1414.81,323.83,1646.67,818.06,1,-1,-1,-1
93,40,1034.48,557.36,1101.37,699.18,1,-1,-1,-1
94,2,1033.61,379.13,1162.60,680.23,1,-1,-1,-1
94,15,800.23,325.09,960.76,688.77,1,-1,-1,-1
94,31,1418.41,327.26,1645.88,816.90,1,-1,-1,-1
94,40,1046.39,552.75,1117.80,704.35,1,-1,-1,-1
95,2,1036.50,379.51,1165.64,680.98,1,-1,-1,-1
95,15,813.05,331.79,973.52,692.61,1,-1,-1,-1
95,31,1411.77,320.38,1644.06,824.54,1,-1,-1,-1
95,40,1054.95,551.74,1127.66,706.11,1,-1,-1,-1
95,41,1657.65,329.59,1878.61,827.64,1,-1,-1,-1
96,15,810.66,325.68,975.53,694.66,1,-1,-1,-1
96,31,1405.53,303.43,1647.75,831.91,1,-1,-1,-1
96,41,1649.05,320.47,1873.68,825.94,1,-1,-1,-1
97,2,1041.95,360.61,1181.35,685.45,1,-1,-1,-1
97,15,811.38,310.93,985.05,698.67,1,-1,-1,-1
97,31,1395.61,298.31,1639.85,833.37,1,-1,-1,-1
97,41,1645.14,316.40,1871.67,826.15,1,-1,-1,-1
98,2,1049.21,359.00,1186.82,676.22,1,-1,-1,-1
98,15,827.03,308.57,1000.30,694.98,1,-1,-1,-1
98,31,1395.59,303.61,1633.15,826.67,1,-1,-1,-1
99,2,1061.35,357.79,1197.71,673.44,1,-1,-1,-1
99,15,838.56,309.01,1010.60,692.13,1,-1,-1,-1
99,31,1385.38,301.51,1624.42,827.82,1,-1,-1,-1
100,2,1070.13,356.07,1206.47,673.72,1,-1,-1,-1
100,15,854.96,300.68,1029.24,690.99,1,-1,-1,-1
100,31,1380.38,295.21,1623.81,833.65,1,-1,-1,-1
101,2,1074.81,354.49,1211.75,673.52,1,-1,-1,-1
101,15,862.21,285.84,1044.03,693.81,1,-1,-1,-1
101,31,1370.65,292.68,1615.96,835.29,1,-1,-1,-1
101,41,1625.10,324.75,1839.35,804.16,1,-1,-1,-1
102,2,1094.23,363.05,1223.58,665.32,1,-1,-1,-1
102,15,878.15,289.28,1054.89,685.84,1,-1,-1,-1
102,41,1611.07,321.08,1828.49,806.92,1,-1,-1,-1
103,2,1103.83,360.78,1231.66,659.28,1,-1,-1,-1
103,15,892.06,294.14,1060.82,670.74,1,-1,-1,-1
103,41,1605.31,319.94,1822.30,804.83,1,-1,-1,-1
104,2,1106.42,358.67,1234.96,658.57,1,-1,-1,-1
104,15,900.43,294.10,1067.33,665.02,1,-1,-1,-1
105,2,1107.76,358.59,1236.06,657.70,1,-1,-1,-1
105,15,905.59,287.48,1077.15,668.99,1,-1,-1,-1
106,2,1108.23,358.59,1236.04,656.76,1,-1,-1,-1
106,15,916.11,292.96,1081.63,662.62,1,-1,-1,-1
106,31,1349.40,290.18,1569.94,784.73,1,-1,-1,-1
107,2,1112.94,359.95,1239.71,655.80,1,-1,-1,-1
107,15,919.70,295.21,1083.04,661.57,1,-1,-1,-1
107,31,1341.80,288.49,1561.67,781.54,1,-1,-1,-1
108,2,1119.94,361.16,1245.44,653.50,1,-1,-1,-1
108,15,925.69,297.41,1087.05,659.25,1,-1,-1,-1
109,2,1123.83,353.62,1255.25,660.70,1,-1,-1,-1
109,15,930.77,294.27,1095.84,664.46,1,-1,-1,-1
109,40,1119.40,516.29,1205.20,700.42,1,-1,-1,-1
110,2,1130.30,352.83,1262.75,663.35,1,-1,-1,-1
110,15,935.91,295.77,1103.35,671.70,1,-1,-1,-1
110,40,1124.61,514.00,1211.45,700.36,1,-1,-1,-1
111,2,1140.06,363.05,1267.13,661.78,1,-1,-1,-1
111,15,940.82,293.74,1112.62,678.43,1,-1,-1,-1
111,40,1143.71,530.12,1220.00,696.11,1,-1,-1,-1
112,2,1148.96,371.08,1274.48,665.86,1,-1,-1,-1
112,15,956.05,296.26,1130.44,686.87,1,-1,-1,-1
112,40,1150.16,529.55,1226.51,695.66,1,-1,-1,-1
112,41,1829.45,579.90,1945.60,840.57,1,-1,-1,-1
113,2,1159.95,376.69,1287.07,676.02,1,-1,-1,-1
113,15,968.03,304.44,1140.45,691.39,1,-1,-1,-1
113,31,1309.51,304.69,1539.47,819.19,1,-1,-1,-1
113,41,1843.50,604.17,1956.99,860.10,1,-1,-1,-1
114,2,1171.67,374.11,1302.84,684.38,1,-1,-1,-1
114,15,984.35,317.50,1150.38,691.74,1,-1,-1,-1
114,31,1309.95,324.08,1525.54,803.28,1,-1,-1,-1
114,41,1845.87,595.37,1972.07,881.07,1,-1,-1,-1
115,2,1178.75,375.17,1310.38,686.52,1,-1,-1,-1
115,15,1116.99,358.49,1263.91,692.46,1,-1,-1,-1
115,31,1307.30,327.51,1523.84,809.85,1,-1,-1,-1
115,40,1191.56,560.33,1256.75,703.02,1,-1,-1,-1
115,41,1848.41,588.50,1983.27,891.17,1,-1,-1,-1
116,15,1168.42,355.17,1315.72,693.31,1,-1,-1,-1
116,31,1310.36,342.64,1510.81,790.21,1,-1,-1,-1
116,40,1200.25,563.10,1264.38,703.46,1,-1,-1,-1
116,41,1858.39,587.16,1989.47,881.78,1,-1,-1,-1
117,11,1027.40,315.99,1182.61,683.97,1,-1,-1,-1
117,15,1194.17,360.12,1339.95,694.76,1,-1,-1,-1
117,31,1299.54,322.20,1509.02,790.89,1,-1,-1,-1
117,41,1864.66,584.59,1987.30,859.67,1,-1,-1,-1
118,11,1031.15,315.97,1186.57,684.44,1,-1,-1,-1
118,15,1187.19,338.07,1337.39,685.74,1,-1,-1,-1
118,31,1294.27,323.11,1502.71,789.46,1,-1,-1,-1
118,41,1854.20,577.58,1977.76,856.11,1,-1,-1,-1
119,11,1033.43,301.17,1191.67,668.68,1,-1,-1,-1
119,15,1194.48,331.18,1343.71,678.57,1,-1,-1,-1
119,31,1274.03,312.25,1472.67,757.45,1,-1,-1,-1
119,41,1848.09,575.74,1967.18,844.69,1,-1,-1,-1
120,11,1034.98,292.46,1192.56,660.41,1,-1,-1,-1
120,15,1198.31,331.30,1344.31,673.32,1,-1,-1,-1
120,31,1267.04,311.82,1463.69,752.54,1,-1,-1,-1
120,41,1840.25,569.35,1958.60,836.31,1,-1,-1,-1
121,11,1038.45,290.06,1196.18,658.36,1,-1,-1,-1
121,15,1197.68,328.64,1344.28,674.05,1,-1,-1,-1
121,31,1249.77,310.27,1447.53,756.75,1,-1,-1,-1
121,41,1830.27,573.75,1942.77,827.93,1,-1,-1,-1
121,48,1033.91,288.38,1191.36,658.65,1,-1,-1,-1
122,15,1192.49,327.65,1338.89,674.35,1,-1,-1,-1
122,31,1239.70,318.75,1429.87,749.56,1,-1,-1,-1
122,41,1818.57,582.15,1926.84,826.34,1,-1,-1,-1
122,48,1031.10,290.70,1184.71,652.05,1,-1,-1,-1
123,15,1176.77,318.00,1330.90,683.11,1,-1,-1,-1
123,31,1213.72,320.43,1399.19,740.36,1,-1,-1,-1
123,41,1799.73,582.29,1904.89,819.71,1,-1,-1,-1
123,48,1033.33,288.19,1185.25,645.55,1,-1,-1,-1
124,15,1163.99,321.55,1314.93,679.89,1,-1,-1,-1
124,31,1203.11,321.06,1386.17,735.51,1,-1,-1,-1
124,41,1777.42,579.47,1884.07,818.85,1,-1,-1,-1
124,48,1004.93,302.45,1149.27,639.83,1,-1,-1,-1
125,15,1142.44,317.05,1296.84,683.89,1,-1,-1,-1
125,41,1771.55,581.30,1876.04,815.83,1,-1,-1,-1
125,48,1531.50,500.57,1641.53,757.47,1,-1,-1,-1
126,15,1023.11,295.79,1177.58,659.90,1,-1,-1,-1
126,48,1613.43,550.84,1718.59,795.09,1,-1,-1,-1
127,15,1054.77,279.07,1230.89,695.47,1,-1,-1,-1
127,48,1614.17,556.90,1720.05,800.68,1,-1,-1,-1
128,15,974.90,286.72,1137.62,667.09,1,-1,-1,-1
128,48,1680.71,586.74,1780.51,816.50,1,-1,-1,-1
129,15,930.53,285.12,1088.39,651.98,1,-1,-1,-1
129,31,1033.77,269.29,1231.55,720.45,1,-1,-1,-1
130,15,970.83,270.62,1157.63,706.62,1,-1,-1,-1
130,31,1012.31,264.83,1210.30,716.45,1,-1,-1,-1
131,15,919.30,280.29,1088.81,676.14,1,-1,-1,-1
132,15,941.45,285.74,1117.72,699.65,1,-1,-1,-1
133,15,880.89,279.94,1050.50,678.93,1,-1,-1,-1
134,15,850.97,283.73,1012.15,664.60,1,-1,-1,-1
134,31,906.10,322.29,1069.68,697.32,1,-1,-1,-1
135,15,826.57,279.24,992.67,672.58,1,-1,-1,-1
135,31,882.90,324.15,1043.80,693.06,1,-1,-1,-1
136,15,809.78,277.00,976.83,672.58,1,-1,-1,-1
136,31,864.40,323.51,1030.12,702.23,1,-1,-1,-1
137,15,848.16,312.88,1017.30,709.29,1,-1,-1,-1
137,31,841.77,325.09,1005.61,699.52,1,-1,-1,-1
138,15,1197.42,469.76,1324.84,766.92,1,-1,-1,-1
139,15,1329.09,533.31,1438.61,788.01,1,-1,-1,-1
139,31,778.57,265.90,977.89,725.08,1,-1,-1,-1
140,15,1355.72,550.60,1462.25,796.10,1,-1,-1,-1
140,31,753.84,260.47,955.86,725.84,1,-1,-1,-1
141,15,1348.47,557.55,1452.66,796.22,1,-1,-1,-1
142,15,1339.71,565.23,1441.88,798.61,1,-1,-1,-1
142,31,722.32,292.74,914.29,739.41,1,-1,-1,-1
143,15,1324.46,565.55,1427.55,801.15,1,-1,-1,-1
143,31,707.73,299.93,899.95,750.00,1,-1,-1,-1
144,2,888.93,335.29,1042.09,707.17,1,-1,-1,-1
144,15,904.50,409.66,1053.33,751.58,1,-1,-1,-1
144,31,685.23,299.03,878.96,752.63,1,-1,-1,-1
144,41,1841.97,373.71,2003.68,740.05,1,-1,-1,-1
145,2,882.77,341.95,1028.70,700.53,1,-1,-1,-1
145,15,818.56,342.60,980.83,719.43,1,-1,-1,-1
145,41,1845.04,363.59,2009.49,736.13,1,-1,-1,-1
146,2,870.78,341.02,1015.56,700.15,1,-1,-1,-1
146,15,774.83,313.82,940.86,702.63,1,-1,-1,-1
146,31,657.78,330.53,826.79,727.84,1,-1,-1,-1
147,2,856.43,338.72,1002.79,704.00,1,-1,-1,-1
147,15,753.35,302.46,923.37,703.90,1,-1,-1,-1
147,31,636.90,332.76,804.87,727.64,1,-1,-1,-1
148,2,844.51,337.67,991.45,704.37,1,-1,-1,-1
148,15,739.27,301.60,907.30,700.81,1,-1,-1,-1
148,31,631.11,340.70,791.49,718.94,1,-1,-1,-1
148,50,757.32,349.25,901.53,695.76,1,-1,-1,-1
149,2,848.09,347.85,987.50,696.35,1,-1,-1,-1
149,15,726.77,291.09,902.15,710.67,1,-1,-1,-1
149,31,611.89,343.57,770.56,717.79,1,-1,-1,-1
149,50,609.80,338.58,765.63,713.05,1,-1,-1,-1
150,2,837.92,348.07,977.01,695.77,1,-1,-1,-1
150,15,714.97,279.09,899.10,722.10,1,-1,-1,-1
150,31,608.27,344.47,769.28,725.00,1,-1,-1,-1
150,50,437.23,331.49,594.81,710.15,1,-1,-1,-1
151,2,848.52,356.85,984.71,696.64,1,-1,-1,-1
151,15,711.54,273.46,899.47,728.63,1,-1,-1,-1
151,31,588.72,323.85,764.76,737.91,1,-1,-1,-1
152,2,847.47,349.07,987.43,699.51,1,-1,-1,-1
152,15,711.21,269.85,901.55,733.27,1,-1,-1,-1
152,31,564.97,301.26,752.10,741.71,1,-1,-1,-1
153,2,849.12,352.37,985.04,693.88,1,-1,-1,-1
153,15,709.22,270.83,897.87,732.63,1,-1,-1,-1
153,31,543.09,268.71,751.23,756.61,1,-1,-1,-1
154,2,846.40,354.30,980.17,690.39,1,-1,-1,-1
154,15,712.00,273.05,895.55,724.69,1,-1,-1,-1
154,31,529.43,252.97,748.44,765.51,1,-1,-1,-1
155,2,846.06,357.67,976.85,685.77,1,-1,-1,-1
155,15,719.25,274.43,899.60,720.34,1,-1,-1,-1
155,31,514.44,244.24,740.38,772.19,1,-1,-1,-1
156,2,845.47,356.87,976.61,685.45,1,-1,-1,-1
156,15,719.73,276.66,897.59,718.09,1,-1,-1,-1
156,31,506.51,249.91,730.08,773.46,1,-1,-1,-1
157,2,846.04,357.88,976.09,683.38,1,-1,-1,-1
157,15,722.11,281.15,895.82,714.03,1,-1,-1,-1
157,31,497.74,259.58,714.89,767.32,1,-1,-1,-1
158,2,847.96,362.91,974.59,679.32,1,-1,-1,-1
158,15,724.99,285.20,895.09,710.59,1,-1,-1,-1
158,31,498.26,274.73,707.04,762.82,1,-1,-1,-1
159,2,844.83,364.21,970.25,677.60,1,-1,-1,-1
159,15,727.07,287.02,895.43,709.38,1,-1,-1,-1
159,31,497.75,278.69,705.37,762.97,1,-1,-1,-1
160,2,849.48,365.90,974.29,676.77,1,-1,-1,-1
160,15,729.67,290.57,895.05,706.37,1,-1,-1,-1
160,31,484.49,276.81,693.73,764.85,1,-1,-1,-1
161,2,847.27,367.25,970.89,675.15,1,-1,-1,-1
161,15,730.86,290.13,896.71,707.33,1,-1,-1,-1
162,2,856.63,355.36,989.79,686.67,1,-1,-1,-1
162,15,718.39,286.41,884.92,705.35,1,-1,-1,-1
162,70,767.75,311.64,924.83,700.34,1,-1,-1,-1
163,2,858.49,354.41,992.34,687.51,1,-1,-1,-1
163,70,739.60,296.93,904.39,705.04,1,-1,-1,-1
164,2,861.31,359.33,991.22,681.89,1,-1,-1,-1
164,70,730.84,293.00,897.12,705.04,1,-1,-1,-1
165,2,864.81,350.54,998.44,683.76,1,-1,-1,-1
165,70,729.00,291.83,895.71,705.31,1,-1,-1,-1
166,2,868.79,325.10,1017.33,696.22,1,-1,-1,-1
166,41,1852.58,385.04,1996.67,708.08,1,-1,-1,-1
166,70,728.97,290.73,896.49,706.51,1,-1,-1,-1
167,2,870.51,314.97,1024.79,701.51,1,-1,-1,-1
167,41,1851.49,387.65,1995.08,709.36,1,-1,-1,-1
167,70,727.89,285.50,899.36,711.43,1,-1,-1,-1
168,2,871.16,310.99,1027.59,702.94,1,-1,-1,-1
168,15,475.72,273.44,660.56,726.99,1,-1,-1,-1
168,41,1851.17,388.30,1994.81,710.21,1,-1,-1,-1
168,70,727.95,282.57,901.67,714.47,1,-1,-1,-1
169,15,470.59,293.78,644.96,715.10,1,-1,-1,-1
169,41,1851.27,389.52,1994.07,709.53,1,-1,-1,-1
169,70,733.55,279.21,906.56,709.59,1,-1,-1,-1
170,15,446.54,292.98,621.07,714.71,1,-1,-1,-1
170,70,741.95,281.60,911.78,703.57,1,-1,-1,-1
171,70,752.04,283.55,917.02,693.18,1,-1,-1,-1
172,70,754.81,279.27,922.05,693.83,1,-1,-1,-1
173,15,713.39,276.74,887.40,698.85,1,-1,-1,-1
173,70,749.44,273.69,919.08,694.19,1,-1,-1,-1
174,15,743.88,267.31,920.09,695.64,1,-1,-1,-1
175,15,745.62,266.13,920.44,692.58,1,-1,-1,-1
175,70,861.60,314.17,1009.62,679.86,1,-1,-1,-1
176,15,742.54,268.43,914.89,688.85,1,-1,-1,-1
176,70,882.82,309.64,1032.77,678.91,1,-1,-1,-1
177,15,742.28,273.40,910.41,683.54,1,-1,-1,-1
177,41,1729.34,358.97,1880.19,699.12,1,-1,-1,-1
177,70,891.91,308.89,1041.69,677.73,1,-1,-1,-1
178,15,740.91,273.35,909.29,684.33,1,-1,-1,-1
178,41,1729.43,360.27,1878.40,696.66,1,-1,-1,-1
179,15,737.08,280.68,903.13,685.36,1,-1,-1,-1
179,31,346.43,243.97,554.47,729.76,1,-1,-1,-1
179,41,1730.06,365.41,1878.22,699.78,1,-1,-1,-1
180,15,735.14,284.16,900.11,685.85,1,-1,-1,-1
180,31,340.50,245.69,547.59,726.59,1,-1,-1,-1
180,41,1730.16,366.73,1878.26,702.30,1,-1,-1,-1
181,15,734.27,287.46,898.11,684.76,1,-1,-1,-1
181,31,326.23,240.04,538.68,732.38,1,-1,-1,-1
181,41,1722.66,365.84,1870.98,701.88,1,-1,-1,-1
182,15,734.81,294.69,896.85,685.76,1,-1,-1,-1
182,31,310.39,244.02,518.61,727.87,1,-1,-1,-1
183,15,728.96,295.34,892.78,688.20,1,-1,-1,-1
183,31,303.81,259.78,502.91,721.48,1,-1,-1,-1
184,15,913.16,455.73,1035.77,746.30,1,-1,-1,-1
184,31,294.88,260.87,492.66,719.52,1,-1,-1,-1
184,78,816.76,286.63,998.63,698.13,1,-1,-1,-1
185,15,764.47,323.92,933.01,722.00,1,-1,-1,-1
185,78,536.94,263.04,727.88,695.04,1,-1,-1,-1
186,15,912.55,467.51,1037.07,757.40,1,-1,-1,-1
186,78,623.66,272.12,814.71,704.08,1,-1,-1,-1
187,2,845.48,350.36,983.45,691.55,1,-1,-1,-1
187,15,927.80,481.41,1048.68,762.82,1,-1,-1,-1
187,31,294.81,295.57,476.66,716.67,1,-1,-1,-1
187,41,1834.14,380.79,1993.53,742.42,1,-1,-1,-1
187,70,722.16,272.68,903.42,713.86,1,-1,-1,-1
187,78,413.17,254.71,611.56,703.28,1,-1,-1,-1
188,2,844.30,352.07,981.38,691.07,1,-1,-1,-1
188,15,742.37,305.10,921.97,725.17,1,-1,-1,-1
188,31,288.80,300.09,468.00,715.04,1,-1,-1,-1
188,41,1839.37,381.55,1999.78,745.50,1,-1,-1,-1
188,50,1829.43,370.37,1985.36,741.71,1,-1,-1,-1
188,70,712.88,269.90,896.19,716.08,1,-1,-1,-1
189,15,876.98,445.60,1011.99,757.54,1,-1,-1,-1
189,50,1854.52,363.47,2012.89,739.08,1,-1,-1,-1
190,15,749.94,315.93,921.17,713.42,1,-1,-1,-1
190,41,1831.59,368.72,1991.76,735.98,1,-1,-1,-1
190,50,1867.05,369.01,2021.43,730.88,1,-1,-1,-1
191,15,736.24,302.50,912.01,710.52,1,-1,-1,-1
191,41,1835.12,368.21,1996.25,737.66,1,-1,-1,-1
191,50,1052.93,282.46,1233.46,708.03,1,-1,-1,-1
192,2,841.96,321.22,983.30,669.18,1,-1,-1,-1
192,15,697.01,255.70,888.85,702.72,1,-1,-1,-1
192,41,1843.37,359.32,2001.98,719.49,1,-1,-1,-1
192,50,926.74,266.30,1111.83,702.60,1,-1,-1,-1
193,2,841.08,318.79,982.31,666.50,1,-1,-1,-1
193,15,680.96,239.22,878.44,699.38,1,-1,-1,-1
193,41,1845.36,357.32,2003.86,714.33,1,-1,-1,-1
193,78,592.63,239.24,795.19,698.97,1,-1,-1,-1
194,15,682.56,238.67,879.65,698.26,1,-1,-1,-1
194,31,244.01,278.02,418.26,682.92,1,-1,-1,-1
194,41,1849.26,355.93,2008.05,713.60,1,-1,-1,-1
194,78,507.43,229.56,713.93,698.21,1,-1,-1,-1
195,15,676.80,239.63,874.40,696.35,1,-1,-1,-1
195,31,237.19,278.16,409.83,679.30,1,-1,-1,-1
196,15,672.10,247.99,866.35,696.35,1,-1,-1,-1
196,41,1826.52,346.26,1987.41,712.02,1,-1,-1,-1
197,15,666.54,237.36,867.87,702.34,1,-1,-1,-1
197,41,1823.57,345.41,1983.65,711.09,1,-1,-1,-1
198,2,808.20,291.00,965.40,683.08,1,-1,-1,-1
198,15,665.09,235.51,866.92,702.71,1,-1,-1,-1
198,41,1824.27,343.82,1981.23,703.50,1,-1,-1,-1
199,2,801.61,290.35,957.79,682.40,1,-1,-1,-1
199,15,662.52,239.17,860.99,699.05,1,-1,-1,-1
199,41,1819.96,343.96,1974.90,700.01,1,-1,-1,-1
200,2,795.37,292.15,949.76,679.53,1,-1,-1,-1
200,15,662.30,237.14,858.73,692.47,1,-1,-1,-1
200,41,1814.85,346.07,1966.70,695.45,1,-1,-1,-1
201,2,784.85,280.49,945.23,682.39,1,-1,-1,-1
201,15,652.90,228.52,852.03,690.09,1,-1,-1,-1
201,41,1814.11,344.81,1965.63,693.42,1,-1,-1,-1
201,78,623.37,241.81,819.05,684.44,1,-1,-1,-1
202,2,780.06,276.56,942.03,682.45,1,-1,-1,-1
202,78,643.36,242.46,835.96,675.69,1,-1,-1,-1
203,70,1785.89,316.21,1940.94,684.32,1,-1,-1,-1
203,78,647.22,241.82,839.40,672.49,1,-1,-1,-1
204,15,770.54,258.98,949.02,678.62,1,-1,-1,-1
204,31,153.97,274.14,324.85,669.40,1,-1,-1,-1
204,70,1817.68,314.17,1971.93,675.98,1,-1,-1,-1
204,78,653.18,245.04,838.27,660.00,1,-1,-1,-1
205,15,780.34,254.42,958.20,677.39,1,-1,-1,-1
205,31,145.59,273.90,315.73,667.43,1,-1,-1,-1
205,70,1830.60,317.33,1981.89,669.77,1,-1,-1,-1
205,78,635.09,243.01,819.46,656.36,1,-1,-1,-1
206,15,781.25,246.92,962.59,682.28,1,-1,-1,-1
206,31,134.06,272.35,302.80,658.79,1,-1,-1,-1
206,70,1832.64,319.06,1982.89,666.99,1,-1,-1,-1
207,15,784.88,251.48,960.68,676.25,1,-1,-1,-1
207,31,131.92,275.40,297.21,654.01,1,-1,-1,-1
207,70,1831.76,317.52,1980.44,659.23,1,-1,-1,-1
207,78,658.62,243.30,836.80,644.71,1,-1,-1,-1
208,15,788.58,248.41,964.74,674.03,1,-1,-1,-1
208,31,132.34,278.49,294.46,650.38,1,-1,-1,-1
208,70,1865.74,318.82,2012.29,655.62,1,-1,-1,-1
208,78,664.98,250.31,836.99,635.28,1,-1,-1,-1
209,31,125.38,278.85,286.06,647.43,1,-1,-1,-1
209,78,663.90,246.53,840.00,638.36,1,-1,-1,-1
210,78,661.48,231.19,852.15,653.55,1,-1,-1,-1
211,78,661.90,227.52,856.20,657.88,1,-1,-1,-1
212,50,643.24,208.64,844.99,673.99,1,-1,-1,-1
212,78,655.61,224.69,850.85,657.14,1,-1,-1,-1
213,50,624.53,205.21,827.08,672.39,1,-1,-1,-1
216,89,708.26,210.31,916.64,649.44,1,-1,-1,-1
217,31,125.00,261.64,278.33,611.40,1,-1,-1,-1
217,89,710.69,222.19,907.68,637.13,1,-1,-1,-1
218,15,715.21,206.31,904.51,654.92,1,-1,-1,-1
218,31,122.36,260.44,274.51,607.49,1,-1,-1,-1
218,41,1707.10,322.01,1855.67,664.94,1,-1,-1,-1
218,89,712.35,222.47,908.23,635.08,1,-1,-1,-1
219,15,706.83,193.26,907.51,665.27,1,-1,-1,-1
219,41,1704.45,320.21,1854.17,667.20,1,-1,-1,-1
220,15,710.75,178.49,919.77,669.96,1,-1,-1,-1
220,41,1705.72,318.94,1860.70,675.88,1,-1,-1,-1
221,15,713.34,176.15,922.99,668.58,1,-1,-1,-1
221,41,1701.06,317.58,1856.54,675.68,1,-1,-1,-1
221,89,1654.07,313.42,1821.47,666.66,1,-1,-1,-1
222,15,710.57,170.78,922.32,668.15,1,-1,-1,-1
222,89,979.94,234.86,1178.85,658.02,1,-1,-1,-1
223,15,711.10,178.92,918.01,664.10,1,-1,-1,-1
223,41,1713.80,323.41,1856.55,652.28,1,-1,-1,-1
223,89,989.74,233.61,1190.06,659.78,1,-1,-1,-1
224,15,1383.18,264.18,1550.75,654.99,1,-1,-1,-1
224,41,1711.40,322.92,1853.25,649.72,1,-1,-1,-1
224,50,696.45,167.01,922.43,689.39,1,-1,-1,-1
225,15,1448.96,269.12,1613.71,653.38,1,-1,-1,-1
225,41,1694.72,307.53,1843.24,641.37,1,-1,-1,-1
225,50,696.77,163.55,924.59,690.16,1,-1,-1,-1
226,31,84.89,281.01,222.36,591.50,1,-1,-1,-1
226,41,1683.34,294.26,1837.81,640.09,1,-1,-1,-1
227,31,81.06,282.10,216.84,588.75,1,-1,-1,-1
227,41,1676.98,296.19,1829.14,633.75,1,-1,-1,-1
228,41,1661.13,296.45,1812.32,630.80,1,-1,-1,-1
229,15,1655.01,299.30,1800.20,631.06,1,-1,-1,-1
229,41,1655.13,293.95,1805.96,627.48,1,-1,-1,-1
230,15,1658.80,305.09,1801.50,625.03,1,-1,-1,-1
230,50,658.40,171.90,877.59,686.61,1,-1,-1,-1
230,78,597.89,228.39,788.11,644.99,1,-1,-1,-1
231,15,1654.21,305.47,1797.18,624.60,1,-1,-1,-1
231,50,655.34,170.53,875.18,686.78,1,-1,-1,-1
231,78,594.49,228.34,784.41,644.31,1,-1,-1,-1
232,15,1698.86,310.65,1838.08,621.43,1,-1,-1,-1
232,50,638.21,153.05,867.63,694.98,1,-1,-1,-1
232,78,561.25,211.80,765.20,662.62,1,-1,-1,-1
232,89,1595.58,300.44,1748.39,626.61,1,-1,-1,-1
233,50,641.97,170.63,857.50,683.35,1,-1,-1,-1
233,78,554.49,209.95,759.90,664.02,1,-1,-1,-1
233,89,1608.93,304.98,1758.56,624.95,1,-1,-1,-1
234,31,-24.32,291.92,110.47,595.10,1,-1,-1,-1
234,50,650.75,197.53,846.70,668.20,1,-1,-1,-1
234,78,537.73,227.53,730.79,656.51,1,-1,-1,-1
234,89,1615.39,308.45,1762.61,623.04,1,-1,-1,-1
235,31,-37.83,290.34,102.74,605.72,1,-1,-1,-1
235,50,647.79,198.56,839.69,662.62,1,-1,-1,-1
235,78,532.21,239.73,714.46,647.28,1,-1,-1,-1
235,89,1611.76,310.17,1757.63,621.75,1,-1,-1,-1
236,31,-50.82,286.54,90.07,604.77,1,-1,-1,-1
236,50,640.68,200.22,833.36,668.17,1,-1,-1,-1
236,78,515.05,240.46,696.54,648.22,1,-1,-1,-1
236,89,1597.43,311.27,1746.35,628.94,1,-1,-1,-1
237,31,-72.52,264.03,86.37,624.74,1,-1,-1,-1
237,50,635.20,199.42,825.48,662.24,1,-1,-1,-1
237,78,500.90,243.37,678.57,644.54,1,-1,-1,-1
237,89,1585.17,308.84,1737.98,634.95,1,-1,-1,-1
238,31,-84.60,262.08,76.22,627.16,1,-1,-1,-1
238,50,626.05,203.05,811.20,656.06,1,-1,-1,-1
238,78,477.45,229.56,662.65,648.59,1,-1,-1,-1
238,89,1572.67,309.15,1722.54,627.84,1,-1,-1,-1
239,31,-81.97,269.06,60.85,596.03,1,-1,-1,-1
239,50,615.62,190.84,802.56,649.13,1,-1,-1,-1
239,78,462.76,231.09,645.07,642.84,1,-1,-1,-1
239,89,1561.80,308.45,1709.96,623.75,1,-1,-1,-1
240,31,-92.80,267.90,50.29,595.50,1,-1,-1,-1
240,50,603.11,186.34,790.46,646.69,1,-1,-1,-1
240,78,447.52,225.69,629.71,637.29,1,-1,-1,-1
240,89,1549.22,310.79,1694.71,619.58,1,-1,-1,-1
241,50,582.59,180.00,773.62,649.22,1,-1,-1,-1
241,78,421.32,219.03,608.20,639.26,1,-1,-1,-1
241,89,1529.84,312.25,1674.53,618.08,1,-1,-1,-1
242,50,553.37,169.74,753.08,659.49,1,-1,-1,-1
242,78,393.34,213.29,581.02,634.77,1,-1,-1,-1
242,89,1521.52,321.45,1657.75,608.84,1,-1,-1,-1
243,50,543.21,167.60,743.42,658.59,1,-1,-1,-1
243,78,362.59,208.51,554.25,635.74,1,-1,-1,-1
243,89,829.14,227.96,1023.32,643.24,1,-1,-1,-1
244,50,519.11,169.74,719.28,658.70,1,-1,-1,-1
244,78,341.11,208.09,537.36,644.04,1,-1,-1,-1
244,89,1166.76,275.84,1330.05,626.04,1,-1,-1,-1
245,50,503.82,179.47,702.63,659.99,1,-1,-1,-1
245,78,323.63,206.11,520.70,643.87,1,-1,-1,-1
245,89,1350.14,307.43,1495.33,620.20,1,-1,-1,-1
246,50,495.87,193.62,689.72,659.14,1,-1,-1,-1
246,70,1460.45,333.01,1588.64,622.97,1,-1,-1,-1
246,89,1320.55,305.99,1466.48,620.37,1,-1,-1,-1
247,50,478.46,190.88,681.61,675.59,1,-1,-1,-1
247,70,1446.64,333.32,1574.40,622.30,1,-1,-1,-1
247,89,1406.60,317.58,1552.89,634.38,1,-1,-1,-1
248,50,466.51,191.52,669.95,676.91,1,-1,-1,-1
248,70,1428.56,327.25,1564.44,630.77,1,-1,-1,-1
248,89,1389.75,317.59,1536.84,636.08,1,-1,-1,-1
249,70,1414.42,326.96,1550.52,630.97,1,-1,-1,-1
249,89,1405.93,317.91,1554.16,639.53,1,-1,-1,-1
250,89,1407.45,317.31,1556.38,641.81,1,-1,-1,-1
251,70,1405.95,319.35,1549.11,639.44,1,-1,-1,-1
251,89,1395.81,317.27,1545.64,643.75,1,-1,-1,-1
252,70,1405.90,322.80,1545.82,636.79,1,-1,-1,-1
253,70,1402.10,324.74,1540.38,635.15,1,-1,-1,-1
254,70,1395.88,324.15,1535.95,635.84,1,-1,-1,-1
255,70,1393.17,327.23,1534.67,641.35,1,-1,-1,-1
256,70,1393.06,333.00,1534.60,647.35,1,-1,-1,-1
257,70,1384.81,333.65,1526.73,648.83,1,-1,-1,-1
257,89,1390.57,325.48,1537.85,647.49,1,-1,-1,-1
258,70,1391.11,321.65,1536.57,643.09,1,-1,-1,-1
258,89,1384.14,326.12,1531.72,648.79,1,-1,-1,-1
259,70,1384.38,321.01,1530.47,643.83,1,-1,-1,-1
259,89,1403.18,321.36,1548.60,640.43,1,-1,-1,-1
260,89,1415.13,312.98,1561.59,636.84,1,-1,-1,-1
261,89,603.67,242.70,786.63,646.82,1,-1,-1,-1
262,31,185.26,203.26,383.63,654.53,1,-1,-1,-1
262,89,1069.96,280.12,1228.63,632.17,1,-1,-1,-1
263,31,197.72,200.33,398.53,657.19,1,-1,-1,-1
263,70,1429.13,300.77,1577.50,632.44,1,-1,-1,-1
263,89,463.29,217.87,656.77,648.12,1,-1,-1,-1
264,70,1449.37,311.86,1586.73,619.69,1,-1,-1,-1
264,89,269.24,213.95,461.48,644.27,1,-1,-1,-1
265,70,1458.33,309.63,1596.16,620.04,1,-1,-1,-1
265,89,190.32,208.55,384.96,646.95,1,-1,-1,-1
266,70,1457.85,310.85,1595.07,619.52,1,-1,-1,-1
266,78,139.15,430.83,279.47,737.21,1,-1,-1,-1
266,89,151.04,200.98,351.33,654.37,1,-1,-1,-1
267,70,1450.66,306.70,1590.87,622.71,1,-1,-1,-1
267,78,121.62,432.99,271.56,762.08,1,-1,-1,-1
267,89,139.06,209.74,331.43,646.41,1,-1,-1,-1
268,70,1437.21,311.10,1573.04,618.02,1,-1,-1,-1
268,78,111.60,442.40,260.41,769.00,1,-1,-1,-1
268,89,122.16,223.59,309.17,650.97,1,-1,-1,-1
269,50,510.40,234.78,672.64,611.68,1,-1,-1,-1
269,70,1424.79,308.18,1563.26,621.60,1,-1,-1,-1
269,89,108.19,225.18,295.64,656.61,1,-1,-1,-1
270,50,512.32,236.81,672.39,608.67,1,-1,-1,-1
270,70,1411.30,307.12,1549.59,621.62,1,-1,-1,-1
270,89,89.16,220.07,281.53,664.56,1,-1,-1,-1
271,70,1400.09,302.80,1542.05,625.62,1,-1,-1,-1
271,89,73.98,231.18,259.91,662.38,1,-1,-1,-1
271,111,1688.24,305.32,1844.06,666.44,1,-1,-1,-1
271,112,1328.12,445.33,1415.35,596.84,1,-1,-1,-1
272,70,1390.71,295.97,1534.14,623.22,1,-1,-1,-1
272,89,66.00,231.23,252.58,666.02,1,-1,-1,-1
272,111,1683.64,309.22,1835.22,660.59,1,-1,-1,-1
272,112,1315.20,440.58,1407.75,600.49,1,-1,-1,-1
273,70,1380.51,297.32,1520.34,617.06,1,-1,-1,-1
273,89,44.68,223.49,234.52,667.33,1,-1,-1,-1
273,111,1684.14,326.26,1821.21,643.84,1,-1,-1,-1
273,112,1305.03,440.55,1393.26,592.25,1,-1,-1,-1
274,50,456.22,227.03,624.17,617.78,1,-1,-1,-1
274,70,1366.04,291.96,1506.76,614.04,1,-1,-1,-1
274,78,29.73,473.90,166.04,769.47,1,-1,-1,-1
274,89,25.64,221.94,214.94,665.82,1,-1,-1,-1
274,111,1665.46,318.95,1804.54,641.61,1,-1,-1,-1
274,112,1296.15,439.68,1383.66,590.15,1,-1,-1,-1
275,50,450.93,227.04,618.60,617.16,1,-1,-1,-1
275,70,1352.58,295.94,1491.70,614.93,1,-1,-1,-1
275,78,2.72,466.55,142.70,767.02,1,-1,-1,-1
275,89,1069.58,283.05,1226.21,650.74,1,-1,-1,-1
275,111,1658.62,320.80,1794.56,636.17,1,-1,-1,-1
276,70,1334.64,289.59,1479.46,622.59,1,-1,-1,-1
276,78,-25.14,465.15,117.64,767.01,1,-1,-1,-1
276,89,326.37,233.04,506.76,657.94,1,-1,-1,-1
276,111,1630.99,309.56,1777.45,649.36,1,-1,-1,-1
277,70,1513.12,306.10,1660.26,644.93,1,-1,-1,-1
277,78,-40.70,469.40,100.92,768.82,1,-1,-1,-1
277,89,90.42,220.99,271.40,648.68,1,-1,-1,-1
277,111,1620.34,309.00,1766.17,647.33,1,-1,-1,-1
277,112,1238.70,442.61,1329.32,597.99,1,-1,-1,-1
278,41,1310.37,307.90,1455.70,633.87,1,-1,-1,-1
278,50,389.33,218.95,567.09,624.88,1,-1,-1,-1
278,70,1578.16,316.50,1726.33,658.82,1,-1,-1,-1
278,89,-14.15,214.93,167.89,646.13,1,-1,-1,-1
278,112,1221.15,443.55,1316.48,606.31,1,-1,-1,-1
279,41,1303.09,308.76,1448.41,634.72,1,-1,-1,-1
279,50,379.46,218.12,557.75,625.25,1,-1,-1,-1
279,70,1411.98,320.49,1552.87,644.49,1,-1,-1,-1
279,78,-75.65,470.27,61.31,760.91,1,-1,-1,-1
279,89,-64.98,212.77,116.70,645.16,1,-1,-1,-1
279,112,1206.86,446.51,1302.63,608.46,1,-1,-1,-1
280,70,1344.56,331.36,1475.78,631.32,1,-1,-1,-1
280,78,-91.67,473.67,43.93,761.43,1,-1,-1,-1
280,89,-93.17,208.18,91.27,648.76,1,-1,-1,-1
280,111,1592.41,347.78,1726.75,660.04,1,-1,-1,-1
280,112,1192.72,448.98,1288.00,609.24,1,-1,-1,-1
281,70,1497.04,333.26,1638.89,657.09,1,-1,-1,-1
281,89,723.11,365.15,835.91,622.73,1,-1,-1,-1
281,111,1582.21,351.88,1714.84,660.17,1,-1,-1,-1
281,112,1178.82,449.66,1274.40,610.42,1,-1,-1,-1
282,31,-95.88,205.13,93.92,638.00,1,-1,-1,-1
282,41,1295.46,331.70,1425.11,624.45,1,-1,-1,-1
282,70,1507.49,335.67,1649.67,660.26,1,-1,-1,-1
282,89,1408.49,337.50,1551.05,662.86,1,-1,-1,-1
282,112,1174.99,450.86,1269.76,610.35,1,-1,-1,-1
283,31,-104.70,206.56,83.70,636.29,1,-1,-1,-1
283,41,1289.77,334.94,1417.71,623.81,1,-1,-1,-1
283,89,1384.93,332.29,1517.83,635.92,1,-1,-1,-1
283,112,1168.67,450.51,1264.05,611.13,1,-1,-1,-1
284,31,-108.20,206.93,80.63,635.81,1,-1,-1,-1
284,50,337.51,211.20,523.05,633.52,1,-1,-1,-1
284,89,1359.31,336.93,1484.96,624.61,1,-1,-1,-1
284,112,1161.37,451.04,1258.85,616.02,1,-1,-1,-1
285,31,-120.10,207.18,68.25,634.96,1,-1,-1,-1
285,41,1288.43,333.10,1416.44,625.59,1,-1,-1,-1
285,50,339.53,219.61,515.76,624.58,1,-1,-1,-1
285,70,1546.87,335.05,1697.93,680.56,1,-1,-1,-1
285,89,1252.90,422.13,1340.88,615.76,1,-1,-1,-1
285,112,1149.85,451.65,1247.83,617.48,1,-1,-1,-1
286,41,1277.41,330.26,1407.14,629.94,1,-1,-1,-1
286,50,334.74,220.49,509.60,624.85,1,-1,-1,-1
286,70,1552.56,341.60,1701.47,683.58,1,-1,-1,-1
286,89,1189.27,454.39,1264.96,616.10,1,-1,-1,-1
287,41,1267.40,325.28,1400.30,635.41,1,-1,-1,-1
287,50,333.50,226.12,506.61,628.26,1,-1,-1,-1
287,70,1563.19,343.73,1712.95,687.66,1,-1,-1,-1
287,89,1478.65,384.58,1605.09,656.66,1,-1,-1,-1
287,112,1132.00,452.14,1232.69,623.42,1,-1,-1,-1
288,41,1261.29,326.03,1394.28,636.38,1,-1,-1,-1
288,50,324.44,216.95,506.08,640.82,1,-1,-1,-1
288,89,1398.03,356.34,1531.79,647.68,1,-1,-1,-1
288,112,1125.77,457.61,1224.76,625.06,1,-1,-1,-1
289,50,316.98,216.43,499.60,642.59,1,-1,-1,-1
289,89,1344.41,345.25,1478.73,640.69,1,-1,-1,-1
289,112,1119.15,460.87,1217.46,626.27,1,-1,-1,-1
290,70,1538.16,346.50,1684.33,684.16,1,-1,-1,-1
290,89,1315.85,341.57,1452.26,643.77,1,-1,-1,-1
290,112,1116.90,462.05,1214.57,626.00,1,-1,-1,-1
291,70,1542.40,354.32,1681.86,676.57,1,-1,-1,-1
291,89,1308.15,342.90,1442.71,642.27,1,-1,-1,-1
291,112,1117.70,464.43,1213.26,624.51,1,-1,-1,-1
292,15,1136.19,465.04,1218.52,620.95,1,-1,-1,-1
292,70,1546.82,352.86,1687.38,677.39,1,-1,-1,-1
292,89,1312.18,343.70,1445.61,641.47,1,-1,-1,-1
292,112,1109.61,465.81,1205.03,625.65,1,-1,-1,-1
293,15,1134.39,461.22,1222.24,623.98,1,-1,-1,-1
293,70,1552.00,344.99,1695.49,676.98,1,-1,-1,-1
293,89,690.35,272.65,853.84,640.37,1,-1,-1,-1
294,15,1131.58,459.08,1224.39,626.11,1,-1,-1,-1
294,41,1292.35,339.48,1422.94,643.90,1,-1,-1,-1
294,70,1554.07,342.66,1698.06,676.13,1,-1,-1,-1
294,89,466.07,246.07,640.85,640.69,1,-1,-1,-1
295,15,1121.90,460.55,1214.21,626.68,1,-1,-1,-1
295,41,1301.25,338.90,1429.55,638.72,1,-1,-1,-1
295,70,1568.22,356.89,1703.05,669.15,1,-1,-1,-1
295,89,867.52,372.00,987.33,632.64,1,-1,-1,-1
296,15,1131.48,461.22,1225.42,625.48,1,-1,-1,-1
296,41,1306.48,338.72,1437.35,643.75,1,-1,-1,-1
296,70,1571.02,342.01,1716.49,678.60,1,-1,-1,-1
296,89,475.82,270.51,648.40,647.48,1,-1,-1,-1
297,15,1140.30,470.40,1229.71,625.27,1,-1,-1,-1
297,41,1314.08,335.99,1445.02,641.61,1,-1,-1,-1
297,70,1575.51,333.59,1727.42,685.13,1,-1,-1,-1
297,89,380.87,244.21,566.82,652.08,1,-1,-1,-1
298,15,1146.86,472.23,1237.28,627.92,1,-1,-1,-1
298,41,1315.82,336.67,1446.73,642.25,1,-1,-1,-1
298,70,1576.73,332.24,1732.45,693.46,1,-1,-1,-1
298,89,939.10,294.39,1102.04,653.35,1,-1,-1,-1
299,15,1154.02,477.51,1244.70,631.52,1,-1,-1,-1
299,50,379.48,243.98,558.38,657.10,1,-1,-1,-1
299,70,1587.42,334.98,1741.86,694.05,1,-1,-1,-1
299,89,1202.73,326.96,1346.83,644.89,1,-1,-1,-1
300,15,1433.55,384.59,1601.53,681.24,1,-1,-1,-1
300,50,381.30,245.66,560.15,658.65,1,-1,-1,-1
300,70,1592.94,334.39,1748.64,696.37,1,-1,-1,-1
300,89,1304.81,336.85,1443.81,644.29,1,-1,-1,-1
301,15,1306.55,424.58,1439.09,656.77,1,-1,-1,-1
301,70,1610.36,344.74,1761.34,695.85,1,-1,-1,-1
301,89,1347.85,335.74,1488.39,648.06,1,-1,-1,-1
302,15,1510.81,371.01,1679.71,675.95,1,-1,-1,-1
302,70,1617.03,345.21,1768.70,697.90,1,-1,-1,-1
302,89,1368.38,332.13,1507.64,643.46,1,-1,-1,-1
302,112,1173.97,471.22,1258.81,610.68,1,-1,-1,-1
303,15,1547.19,361.13,1725.08,682.30,1,-1,-1,-1
303,70,1631.38,333.36,1783.50,687.41,1,-1,-1,-1
303,89,1380.04,327.58,1517.64,635.64,1,-1,-1,-1
303,112,1177.31,462.55,1270.29,613.63,1,-1,-1,-1
303,123,571.48,222.56,769.47,652.70,1,-1,-1,-1
304,50,415.44,224.43,596.69,637.38,1,-1,-1,-1
304,70,1640.10,326.80,1792.06,680.66,1,-1,-1,-1
304,89,1383.77,322.02,1520.15,627.30,1,-1,-1,-1
304,112,1175.57,451.64,1275.12,613.12,1,-1,-1,-1
304,123,573.97,216.79,773.88,651.09,1,-1,-1,-1
305,50,422.36,217.63,605.52,631.29,1,-1,-1,-1
305,70,1643.51,330.43,1793.88,681.54,1,-1,-1,-1
305,89,1389.55,321.40,1523.74,622.16,1,-1,-1,-1
305,112,1175.53,448.12,1277.51,611.64,1,-1,-1,-1
305,123,591.82,221.45,777.94,626.43,1,-1,-1,-1
306,50,427.12,216.12,610.28,629.77,1,-1,-1,-1
306,70,1657.21,323.25,1810.66,681.22,1,-1,-1,-1
306,89,766.81,244.70,935.70,622.26,1,-1,-1,-1
306,112,1177.16,446.43,1279.91,611.19,1,-1,-1,-1
306,123,597.94,215.08,787.46,627.99,1,-1,-1,-1
307,15,1665.53,333.80,1853.09,684.25,1,-1,-1,-1
307,70,1665.04,321.71,1819.16,681.27,1,-1,-1,-1
307,89,1132.89,285.54,1283.44,622.24,1,-1,-1,-1
307,123,604.25,211.25,793.02,622.52,1,-1,-1,-1
308,15,1362.69,400.41,1491.35,634.46,1,-1,-1,-1
308,89,1320.91,308.14,1460.64,620.38,1,-1,-1,-1
308,123,614.26,217.77,799.71,622.77,1,-1,-1,-1
309,15,1373.82,396.55,1505.26,635.63,1,-1,-1,-1
309,41,1428.84,320.54,1559.83,622.61,1,-1,-1,-1
309,70,1699.98,334.07,1842.21,666.78,1,-1,-1,-1
309,89,1245.99,397.14,1344.21,608.26,1,-1,-1,-1
309,123,617.47,220.14,800.97,621.61,1,-1,-1,-1
310,15,1623.82,339.33,1798.23,666.66,1,-1,-1,-1
310,41,1436.82,319.67,1567.71,621.49,1,-1,-1,-1
310,50,457.01,205.43,642.71,625.80,1,-1,-1,-1
310,70,1709.67,334.04,1851.33,665.40,1,-1,-1,-1
310,89,1384.07,332.48,1515.48,616.05,1,-1,-1,-1
310,112,1188.77,440.87,1291.50,605.41,1,-1,-1,-1
310,123,623.76,218.78,806.07,617.64,1,-1,-1,-1
311,15,1370.00,396.22,1499.24,632.42,1,-1,-1,-1
311,50,457.69,215.50,638.37,624.15,1,-1,-1,-1
311,89,1416.55,321.53,1555.35,621.31,1,-1,-1,-1
311,112,1190.84,439.28,1294.07,604.62,1,-1,-1,-1
312,15,1381.03,392.52,1512.82,633.37,1,-1,-1,-1
312,50,462.92,214.78,643.32,622.79,1,-1,-1,-1
312,70,1687.26,332.27,1830.64,667.26,1,-1,-1,-1
312,89,1428.65,315.21,1572.01,625.62,1,-1,-1,-1
312,112,1178.02,441.11,1280.98,604.75,1,-1,-1,-1
313,70,1688.71,332.02,1832.56,668.17,1,-1,-1,-1
313,89,1433.56,315.53,1576.64,625.41,1,-1,-1,-1
313,112,1174.98,439.95,1279.12,605.37,1,-1,-1,-1
314,15,1209.36,433.47,1307.95,609.08,1,-1,-1,-1
314,70,1687.14,323.30,1834.54,668.49,1,-1,-1,-1
314,89,1439.01,312.03,1581.46,620.73,1,-1,-1,-1
314,112,1175.23,438.71,1279.80,604.81,1,-1,-1,-1
315,15,1178.53,441.36,1271.98,603.86,1,-1,-1,-1
315,50,450.03,223.63,630.94,631.42,1,-1,-1,-1
315,70,1689.21,325.32,1833.03,662.72,1,-1,-1,-1
315,89,1442.63,316.14,1579.64,613.01,1,-1,-1,-1
316,15,1167.55,447.68,1255.18,598.17,1,-1,-1,-1
316,50,448.78,226.06,628.89,631.09,1,-1,-1,-1
316,70,1684.54,319.51,1828.82,657.86,1,-1,-1,-1
316,89,1439.47,318.66,1573.74,609.38,1,-1,-1,-1
317,15,1152.19,450.32,1242.78,601.54,1,-1,-1,-1
317,50,440.44,220.21,626.77,638.31,1,-1,-1,-1
317,70,1675.89,312.75,1824.01,660.73,1,-1,-1,-1
317,89,884.32,259.84,1054.79,630.69,1,-1,-1,-1
318,15,1140.95,446.17,1235.98,602.71,1,-1,-1,-1
318,41,1420.44,317.81,1549.52,612.02,1,-1,-1,-1
318,50,431.00,214.14,623.14,644.23,1,-1,-1,-1
318,70,1666.23,305.69,1819.32,665.77,1,-1,-1,-1
318,89,831.83,250.06,1007.43,632.08,1,-1,-1,-1
318,123,600.87,228.42,789.82,643.37,1,-1,-1,-1
319,15,1137.12,445.30,1233.09,601.13,1,-1,-1,-1
319,41,1422.46,317.32,1551.25,610.86,1,-1,-1,-1
319,50,422.08,216.38,617.87,651.68,1,-1,-1,-1
319,70,1662.17,318.00,1808.05,661.88,1,-1,-1,-1
319,89,1239.64,299.29,1384.76,615.58,1,-1,-1,-1
319,123,599.08,228.23,788.72,645.37,1,-1,-1,-1
320,15,755.01,309.62,945.37,626.58,1,-1,-1,-1
320,41,1413.57,324.95,1541.15,614.73,1,-1,-1,-1
320,50,419.53,219.24,614.91,652.54,1,-1,-1,-1
320,70,1656.72,329.69,1798.66,663.71,1,-1,-1,-1
320,89,1224.72,294.33,1372.08,615.51,1,-1,-1,-1
320,123,599.20,228.49,789.08,646.18,1,-1,-1,-1
321,15,688.11,290.60,891.50,629.24,1,-1,-1,-1
321,41,1405.37,328.51,1537.02,624.28,1,-1,-1,-1
321,50,420.66,225.61,611.70,647.54,1,-1,-1,-1
321,70,1658.50,338.06,1799.44,670.43,1,-1,-1,-1
321,112,1125.81,452.86,1231.42,616.23,1,-1,-1,-1
321,123,602.91,242.13,784.48,641.57,1,-1,-1,-1
322,41,1402.00,333.04,1535.46,633.52,1,-1,-1,-1
322,50,426.91,231.37,613.36,642.89,1,-1,-1,-1
322,70,1649.08,348.43,1791.88,684.89,1,-1,-1,-1
322,112,1123.21,460.13,1227.52,620.46,1,-1,-1,-1
322,123,603.38,243.73,784.35,641.84,1,-1,-1,-1
323,41,1391.72,338.67,1526.12,641.59,1,-1,-1,-1
323,50,426.84,232.49,613.00,643.35,1,-1,-1,-1
323,70,1649.22,370.07,1784.82,689.59,1,-1,-1,-1
323,112,1113.11,466.47,1218.71,627.18,1,-1,-1,-1
323,123,597.86,250.63,777.45,647.58,1,-1,-1,-1
324,15,1375.37,342.46,1574.62,686.96,1,-1,-1,-1
324,41,1378.77,341.42,1513.19,645.26,1,-1,-1,-1
324,50,422.32,245.68,599.50,638.47,1,-1,-1,-1
324,70,1647.99,374.60,1782.63,691.86,1,-1,-1,-1
324,112,1096.47,472.73,1200.78,628.27,1,-1,-1,-1
324,123,597.65,252.78,776.65,648.43,1,-1,-1,-1
325,15,1352.53,328.84,1562.64,692.09,1,-1,-1,-1
325,41,1368.98,342.41,1503.38,645.91,1,-1,-1,-1
325,50,421.72,248.10,597.76,638.35,1,-1,-1,-1
325,70,1626.06,377.44,1760.57,694.03,1,-1,-1,-1
325,112,1084.70,472.99,1189.11,627.93,1,-1,-1,-1
326,15,1528.19,346.79,1725.94,700.08,1,-1,-1,-1
326,41,1365.41,344.09,1500.04,648.12,1,-1,-1,-1
326,50,406.79,232.52,587.06,633.25,1,-1,-1,-1
326,70,1622.49,381.78,1756.12,696.28,1,-1,-1,-1
326,89,1347.31,331.66,1491.35,647.88,1,-1,-1,-1
326,112,1074.22,460.99,1182.74,622.41,1,-1,-1,-1
327,15,1233.99,413.37,1368.19,647.25,1,-1,-1,-1
327,50,404.57,232.94,584.35,632.58,1,-1,-1,-1
327,89,1356.89,328.44,1501.11,647.27,1,-1,-1,-1
327,112,1067.47,461.34,1176.10,622.91,1,-1,-1,-1
327,123,556.17,221.56,739.93,631.37,1,-1,-1,-1
328,15,1500.59,365.23,1677.08,682.52,1,-1,-1,-1
328,50,408.50,215.73,591.26,622.52,1,-1,-1,-1
328,89,1364.63,327.48,1508.69,647.17,1,-1,-1,-1
328,112,1075.72,453.38,1182.29,611.44,1,-1,-1,-1
328,123,559.30,222.73,738.13,624.00,1,-1,-1,-1
329,15,1413.41,336.78,1590.99,663.72,1,-1,-1,-1
329,50,407.05,208.02,593.83,624.31,1,-1,-1,-1
329,70,1611.28,346.61,1762.48,703.01,1,-1,-1,-1
329,89,1367.71,327.35,1512.71,649.11,1,-1,-1,-1
329,112,1063.99,445.45,1178.44,613.62,1,-1,-1,-1
329,123,555.75,221.52,734.37,622.31,1,-1,-1,-1
330,15,1370.42,325.97,1544.58,652.74,1,-1,-1,-1
330,50,398.66,213.83,584.29,626.28,1,-1,-1,-1
330,70,1599.58,340.82,1753.92,705.09,1,-1,-1,-1
330,112,1058.70,453.11,1169.87,615.65,1,-1,-1,-1
330,123,553.58,220.85,733.29,624.83,1,-1,-1,-1
331,15,1499.83,339.63,1680.35,686.13,1,-1,-1,-1
331,50,392.53,224.74,573.76,627.09,1,-1,-1,-1
331,70,1595.18,339.86,1750.87,707.32,1,-1,-1,-1
331,112,1048.48,458.88,1155.32,613.82,1,-1,-1,-1
331,123,550.16,219.69,729.83,623.58,1,-1,-1,-1
332,15,1545.76,343.88,1727.61,700.28,1,-1,-1,-1
332,50,389.85,224.74,570.73,626.33,1,-1,-1,-1
332,89,496.44,236.82,677.18,636.43,1,-1,-1,-1
332,112,1042.33,459.14,1148.73,613.45,1,-1,-1,-1
333,15,1422.16,326.91,1599.28,679.10,1,-1,-1,-1
333,89,393.48,232.40,577.37,636.84,1,-1,-1,-1
333,112,1038.36,464.61,1143.66,616.17,1,-1,-1,-1
334,15,1374.45,323.72,1545.03,667.08,1,-1,-1,-1
334,70,1570.98,326.54,1736.42,717.49,1,-1,-1,-1
334,89,355.17,230.99,541.04,637.64,1,-1,-1,-1
334,112,1031.92,465.14,1138.67,617.42,1,-1,-1,-1
334,123,560.74,222.24,748.90,645.72,1,-1,-1,-1
335,15,1357.81,322.23,1521.31,655.06,1,-1,-1,-1
335,70,1565.38,324.90,1728.13,709.31,1,-1,-1,-1
335,89,274.56,223.04,464.17,637.85,1,-1,-1,-1
335,112,1029.67,466.65,1134.45,615.18,1,-1,-1,-1
335,123,554.56,216.49,748.55,654.38,1,-1,-1,-1
336,15,1141.76,407.13,1255.35,630.61,1,-1,-1,-1
336,70,1557.22,317.10,1722.26,705.69,1,-1,-1,-1
336,89,1077.72,303.56,1230.90,639.53,1,-1,-1,-1
336,112,1024.26,467.53,1128.31,615.02,1,-1,-1,-1
336,123,550.48,215.79,741.90,647.65,1,-1,-1,-1
337,15,1441.90,335.26,1616.53,684.11,1,-1,-1,-1
337,41,1359.18,318.08,1503.05,640.77,1,-1,-1,-1
337,70,1551.61,314.71,1718.13,706.77,1,-1,-1,-1
337,89,700.59,245.46,879.74,637.80,1,-1,-1,-1
337,111,1724.69,323.01,1894.22,721.00,1,-1,-1,-1
337,123,548.31,214.72,740.68,648.71,1,-1,-1,-1
338,15,1608.86,324.30,1793.73,699.30,1,-1,-1,-1
338,41,1357.80,316.85,1502.28,640.91,1,-1,-1,-1
338,70,1561.51,319.76,1721.55,696.43,1,-1,-1,-1
338,89,1101.53,293.81,1256.60,634.18,1,-1,-1,-1
338,111,1728.73,321.95,1899.21,722.20,1,-1,-1,-1
339,15,960.38,254.34,1161.84,665.85,1,-1,-1,-1
339,41,1368.93,325.33,1505.53,632.38,1,-1,-1,-1
339,70,1559.35,316.66,1717.18,687.96,1,-1,-1,-1
339,89,1101.57,292.79,1256.97,633.91,1,-1,-1,-1
340,15,1322.47,287.27,1511.08,677.65,1,-1,-1,-1
340,41,1368.70,325.01,1505.15,631.71,1,-1,-1,-1
340,70,1555.44,314.84,1713.67,687.07,1,-1,-1,-1
340,89,1315.15,312.64,1458.40,628.36,1,-1,-1,-1
340,111,1751.51,346.32,1895.27,686.92,1,-1,-1,-1
340,123,562.80,222.50,747.83,637.04,1,-1,-1,-1
341,15,1326.19,276.26,1522.00,681.54,1,-1,-1,-1
341,70,1587.42,324.72,1740.90,686.82,1,-1,-1,-1
341,89,1364.97,314.70,1507.39,629.96,1,-1,-1,-1
341,111,1755.31,351.08,1892.94,679.06,1,-1,-1,-1
341,123,567.58,219.33,756.44,639.73,1,-1,-1,-1
342,15,1640.51,331.31,1811.15,689.62,1,-1,-1,-1
342,70,1593.72,324.04,1747.93,689.42,1,-1,-1,-1
342,89,1390.54,319.42,1532.22,633.85,1,-1,-1,-1
342,111,1759.96,351.71,1896.80,677.81,1,-1,-1,-1
342,123,573.19,217.65,764.37,641.24,1,-1,-1,-1
343,15,1722.32,350.85,1884.25,695.34,1,-1,-1,-1
343,70,1588.83,319.17,1747.47,695.62,1,-1,-1,-1
343,89,1397.38,318.41,1541.83,639.33,1,-1,-1,-1
343,123,585.90,224.29,775.80,642.47,1,-1,-1,-1
344,15,1754.24,371.38,1903.73,693.89,1,-1,-1,-1
344,70,1594.94,333.73,1748.50,699.24,1,-1,-1,-1
344,89,1399.54,323.29,1544.04,645.32,1,-1,-1,-1
344,123,590.40,226.18,780.39,644.25,1,-1,-1,-1
345,15,1762.10,364.26,1919.46,708.04,1,-1,-1,-1
345,70,1593.66,332.12,1752.53,708.64,1,-1,-1,-1
345,89,1403.10,326.40,1550.02,655.53,1,-1,-1,-1
345,112,1007.85,467.22,1114.16,616.91,1,-1,-1,-1
345,123,587.78,228.20,776.31,643.58,1,-1,-1,-1
346,15,1753.17,366.29,1911.30,715.62,1,-1,-1,-1
346,70,1598.88,334.14,1758.11,710.10,1,-1,-1,-1
346,89,1405.24,331.44,1549.42,656.01,1,-1,-1,-1
346,112,1004.93,459.72,1117.11,617.68,1,-1,-1,-1
346,123,586.47,223.63,774.88,640.00,1,-1,-1,-1
347,15,1779.46,365.54,1940.35,720.96,1,-1,-1,-1
347,70,1631.32,365.21,1768.01,688.84,1,-1,-1,-1
347,89,1409.89,332.62,1553.43,656.07,1,-1,-1,-1
347,112,1001.93,459.26,1114.54,617.83,1,-1,-1,-1
347,123,593.85,217.93,784.87,641.29,1,-1,-1,-1
348,15,1744.64,360.33,1898.68,703.73,1,-1,-1,-1
348,70,1635.66,369.08,1770.36,687.98,1,-1,-1,-1
348,89,1167.61,410.59,1268.93,624.84,1,-1,-1,-1
348,123,599.39,221.05,786.39,636.52,1,-1,-1,-1
349,15,1764.36,359.11,1920.26,706.66,1,-1,-1,-1
349,70,1661.52,345.45,1801.66,678.11,1,-1,-1,-1
349,89,1364.93,345.20,1499.41,631.61,1,-1,-1,-1
349,112,1014.69,443.87,1130.44,607.17,1,-1,-1,-1
349,123,613.36,224.94,793.52,624.05,1,-1,-1,-1
350,70,1668.45,345.97,1807.56,676.16,1,-1,-1,-1
350,89,1562.98,345.24,1706.22,654.16,1,-1,-1,-1
350,112,1015.92,438.66,1134.54,605.43,1,-1,-1,-1
350,123,620.17,220.35,803.81,624.77,1,-1,-1,-1
351,41,1433.49,320.03,1569.57,625.97,1,-1,-1,-1
351,89,1637.40,327.43,1796.35,674.18,1,-1,-1,-1
351,112,1014.90,436.54,1134.36,604.48,1,-1,-1,-1
351,123,624.44,220.04,807.53,623.25,1,-1,-1,-1
352,41,1446.37,321.26,1581.35,624.43,1,-1,-1,-1
352,89,1676.89,339.20,1828.75,671.40,1,-1,-1,-1
352,123,633.44,216.03,821.42,627.42,1,-1,-1,-1
353,15,1691.63,341.29,1842.91,678.95,1,-1,-1,-1
353,41,1454.83,320.33,1590.38,625.26,1,-1,-1,-1
353,89,1723.44,337.64,1877.78,675.28,1,-1,-1,-1
353,123,646.16,218.47,832.79,624.15,1,-1,-1,-1
354,15,1682.52,336.86,1835.13,678.81,1,-1,-1,-1
354,41,1458.74,321.32,1593.29,624.92,1,-1,-1,-1
354,123,651.95,218.10,838.22,623.00,1,-1,-1,-1
355,15,1679.79,336.74,1831.55,678.09,1,-1,-1,-1
355,41,1460.25,322.38,1593.89,622.82,1,-1,-1,-1
355,123,674.39,221.07,859.59,621.97,1,-1,-1,-1
356,15,1665.60,337.45,1815.90,676.52,1,-1,-1,-1
356,41,1460.15,321.45,1594.36,623.39,1,-1,-1,-1
356,123,673.48,218.30,861.81,625.71,1,-1,-1,-1
357,15,1641.08,327.21,1800.31,686.55,1,-1,-1,-1
357,41,1458.50,317.79,1595.17,625.61,1,-1,-1,-1
357,89,1783.94,313.09,1960.25,703.55,1,-1,-1,-1
357,123,674.66,220.63,860.96,623.71,1,-1,-1,-1
358,15,1005.63,255.59,1180.54,648.26,1,-1,-1,-1
358,41,1448.94,313.14,1585.74,621.19,1,-1,-1,-1
358,89,1781.41,312.63,1952.61,695.03,1,-1,-1,-1
358,123,680.73,220.61,866.68,622.96,1,-1,-1,-1
359,15,761.34,230.55,940.68,630.94,1,-1,-1,-1
359,41,1444.76,310.72,1582.36,620.84,1,-1,-1,-1
359,70,1603.12,316.90,1764.80,697.96,1,-1,-1,-1
359,89,1779.59,315.80,1948.85,696.33,1,-1,-1,-1
360,15,1167.21,276.17,1322.56,623.43,1,-1,-1,-1
360,41,1446.16,309.56,1583.98,620.20,1,-1,-1,-1
360,70,1592.74,301.46,1760.42,694.46,1,-1,-1,-1
360,89,1775.92,318.39,1939.30,686.28,1,-1,-1,-1
361,15,1340.66,292.59,1488.62,624.26,1,-1,-1,-1
361,70,1578.90,297.50,1751.37,700.14,1,-1,-1,-1
361,89,1771.44,326.10,1926.55,675.64,1,-1,-1,-1
361,123,655.14,220.95,841.73,623.63,1,-1,-1,-1
362,15,1480.46,293.64,1651.01,676.81,1,-1,-1,-1
362,41,1433.43,301.14,1578.15,628.26,1,-1,-1,-1
362,70,1574.95,294.35,1749.20,701.16,1,-1,-1,-1
362,89,1794.76,325.24,1950.67,676.59,1,-1,-1,-1
362,112,980.87,434.39,1104.58,606.64,1,-1,-1,-1
362,123,650.22,222.36,840.29,630.60,1,-1,-1,-1
363,15,1609.88,310.90,1775.91,686.61,1,-1,-1,-1
363,41,1426.80,299.79,1572.55,630.19,1,-1,-1,-1
363,112,977.65,433.89,1104.06,610.35,1,-1,-1,-1
363,123,657.43,232.74,840.20,624.37,1,-1,-1,-1
364,15,1648.41,313.85,1816.68,695.81,1,-1,-1,-1
364,41,1423.30,297.37,1570.99,632.84,1,-1,-1,-1
364,112,975.12,433.15,1102.22,610.57,1,-1,-1,-1
364,123,645.88,226.62,834.86,631.37,1,-1,-1,-1
365,15,1656.05,320.86,1819.86,693.34,1,-1,-1,-1
365,41,1418.81,303.67,1564.47,635.13,1,-1,-1,-1
365,70,1527.21,328.37,1679.86,684.07,1,-1,-1,-1
365,123,635.53,228.98,821.37,629.31,1,-1,-1,-1
366,15,1653.34,324.28,1815.02,692.19,1,-1,-1,-1
366,41,1417.36,302.69,1563.81,635.97,1,-1,-1,-1
366,70,1513.56,344.07,1657.80,680.24,1,-1,-1,-1
366,123,631.16,229.87,815.86,629.16,1,-1,-1,-1
367,15,1547.28,343.43,1700.70,691.64,1,-1,-1,-1
367,70,1506.00,346.03,1648.99,679.30,1,-1,-1,-1
367,112,948.70,448.63,1070.34,618.96,1,-1,-1,-1
367,123,628.42,231.51,815.63,636.38,1,-1,-1,-1
368,15,1499.07,341.25,1653.93,692.64,1,-1,-1,-1
368,70,1432.29,335.20,1566.62,646.87,1,-1,-1,-1
368,111,1626.26,326.14,1780.32,689.85,1,-1,-1,-1
368,112,939.22,448.47,1062.49,622.78,1,-1,-1,-1
368,123,632.48,234.07,819.77,638.42,1,-1,-1,-1
369,15,1476.25,343.06,1633.29,698.91,1,-1,-1,-1
369,70,1416.82,335.62,1548.93,642.13,1,-1,-1,-1
369,111,1621.19,319.96,1780.55,695.22,1,-1,-1,-1
369,112,934.26,449.30,1057.84,624.04,1,-1,-1,-1
369,123,630.03,226.43,825.46,647.74,1,-1,-1,-1
370,15,1568.68,328.50,1730.69,697.23,1,-1,-1,-1
370,111,1615.67,318.47,1776.05,696.16,1,-1,-1,-1
370,112,933.25,453.92,1049.63,618.83,1,-1,-1,-1
370,123,629.02,226.45,825.34,649.69,1,-1,-1,-1
371,15,966.61,266.25,1145.70,669.14,1,-1,-1,-1
371,112,928.71,455.16,1044.62,619.40,1,-1,-1,-1
372,15,748.61,247.11,930.99,654.03,1,-1,-1,-1
372,111,1636.91,343.34,1784.89,695.52,1,-1,-1,-1
373,15,1299.90,299.22,1469.88,680.29,1,-1,-1,-1
373,111,1634.23,344.37,1782.08,696.23,1,-1,-1,-1
374,15,1521.01,311.03,1690.60,692.20,1,-1,-1,-1
375,15,1600.06,325.90,1763.13,694.54,1,-1,-1,-1
375,123,645.71,216.79,850.47,657.18,1,-1,-1,-1
376,15,1630.06,332.27,1790.06,695.36,1,-1,-1,-1
376,123,646.52,216.01,852.46,658.94,1,-1,-1,-1
377,15,1506.60,317.26,1659.44,664.94,1,-1,-1,-1
378,15,1507.34,316.86,1659.37,662.71,1,-1,-1,-1
379,15,1614.42,315.30,1774.42,680.69,1,-1,-1,-1
380,15,989.77,264.93,1158.81,648.94,1,-1,-1,-1
381,15,747.83,230.43,930.96,643.88,1,-1,-1,-1
381,70,1436.48,292.52,1579.66,622.60,1,-1,-1,-1
382,15,1292.17,287.98,1448.74,643.92,1,-1,-1,-1
382,70,1434.56,289.77,1577.95,620.32,1,-1,-1,-1
383,15,1525.79,297.49,1680.83,651.92,1,-1,-1,-1
383,70,1425.42,287.76,1570.68,624.82,1,-1,-1,-1
384,15,1454.72,284.70,1606.32,632.60,1,-1,-1,-1
384,41,1262.89,325.54,1406.25,647.04,1,-1,-1,-1
384,70,1422.86,285.07,1568.54,623.11,1,-1,-1,-1
384,111,1636.17,308.04,1781.48,654.09,1,-1,-1,-1
384,123,649.60,227.24,837.88,632.75,1,-1,-1,-1
385,15,1317.91,302.77,1469.22,648.28,1,-1,-1,-1
385,41,1254.95,326.62,1398.11,647.68,1,-1,-1,-1
385,111,1635.55,305.94,1780.66,651.52,1,-1,-1,-1
385,123,650.15,227.71,837.69,631.62,1,-1,-1,-1
386,15,1261.92,309.54,1414.07,654.88,1,-1,-1,-1
386,70,1419.55,279.11,1570.81,633.34,1,-1,-1,-1
386,111,1650.58,312.72,1789.85,645.01,1,-1,-1,-1
387,15,1370.52,298.74,1520.45,641.42,1,-1,-1,-1
387,70,1417.09,276.38,1569.30,632.82,1,-1,-1,-1
387,111,1651.51,311.51,1790.05,642.05,1,-1,-1,-1
387,123,684.95,237.64,875.22,646.42,1,-1,-1,-1
388,15,1411.32,292.67,1561.85,639.07,1,-1,-1,-1
388,41,1221.06,320.96,1374.90,663.50,1,-1,-1,-1
388,123,693.02,251.36,877.73,645.65,1,-1,-1,-1
389,15,1426.71,293.76,1577.96,643.57,1,-1,-1,-1
389,41,1212.13,321.12,1366.83,665.58,1,-1,-1,-1
389,123,694.43,258.80,879.80,651.46,1,-1,-1,-1
390,15,1427.13,292.89,1580.16,648.65,1,-1,-1,-1
390,111,1580.61,307.99,1724.39,648.27,1,-1,-1,-1
390,123,689.44,260.05,876.42,656.22,1,-1,-1,-1
391,15,1427.41,297.20,1580.11,653.89,1,-1,-1,-1
391,111,1574.14,306.79,1717.82,646.84,1,-1,-1,-1
391,123,692.87,263.72,878.29,653.95,1,-1,-1,-1
392,15,1433.14,296.25,1584.22,649.99,1,-1,-1,-1
392,111,1569.98,304.33,1716.90,651.40,1,-1,-1,-1
392,123,696.15,266.92,880.59,655.07,1,-1,-1,-1
393,15,1439.96,291.28,1590.28,644.54,1,-1,-1,-1
393,89,1801.56,322.91,1950.76,663.16,1,-1,-1,-1
393,111,1563.76,303.00,1710.90,650.59,1,-1,-1,-1
394,15,1448.99,293.40,1595.21,637.89,1,-1,-1,-1
394,89,1798.97,322.93,1947.89,662.56,1,-1,-1,-1
395,15,1452.31,292.91,1597.63,636.08,1,-1,-1,-1
396,15,1453.05,291.43,1598.82,636.80,1,-1,-1,-1
397,15,1453.25,290.90,1599.15,637.13,1,-1,-1,-1
398,15,1456.87,285.43,1604.13,634.65,1,-1,-1,-1
398,89,1697.20,321.13,1848.41,664.68,1,-1,-1,-1
399,15,1202.05,274.17,1366.16,660.80,1,-1,-1,-1
399,89,1688.83,317.51,1839.68,659.31,1,-1,-1,-1
400,15,1176.25,271.82,1342.07,662.51,1,-1,-1,-1
400,89,1681.82,316.30,1831.74,656.84,1,-1,-1,-1
400,111,1454.81,285.40,1600.66,631.64,1,-1,-1,-1
401,89,1670.43,315.61,1820.22,655.87,1,-1,-1,-1
401,111,1450.02,285.22,1594.09,628.55,1,-1,-1,-1
402,111,1444.80,284.47,1586.76,620.20,1,-1,-1,-1
403,15,1391.48,267.58,1543.21,625.37,1,-1,-1,-1
403,89,1650.90,289.28,1808.58,648.01,1,-1,-1,-1
403,111,1434.79,282.79,1576.33,617.55,1,-1,-1,-1
404,15,1087.50,260.88,1253.02,646.55,1,-1,-1,-1
404,89,1649.50,287.96,1804.71,642.76,1,-1,-1,-1
405,15,835.83,223.77,1012.71,632.10,1,-1,-1,-1
405,89,1639.46,284.74,1795.20,640.74,1,-1,-1,-1
405,141,1427.08,269.68,1580.43,606.24,1,-1,-1,-1
406,15,742.25,207.59,926.48,629.08,1,-1,-1,-1
406,89,1643.55,288.13,1797.21,638.94,1,-1,-1,-1
406,141,1438.81,273.66,1590.38,607.32,1,-1,-1,-1
407,15,683.80,200.42,870.60,627.79,1,-1,-1,-1
407,89,1635.00,285.60,1788.90,636.94,1,-1,-1,-1
407,141,1437.70,274.39,1589.41,609.64,1,-1,-1,-1
408,89,1634.49,282.23,1793.02,644.45,1,-1,-1,-1
408,141,1431.93,278.28,1580.51,607.72,1,-1,-1,-1
409,15,697.72,221.58,878.06,627.52,1,-1,-1,-1
409,89,1626.78,279.61,1786.02,643.45,1,-1,-1,-1
409,141,1427.04,281.78,1576.43,614.30,1,-1,-1,-1
410,15,650.94,217.54,832.59,626.43,1,-1,-1,-1
410,141,1423.54,281.59,1574.93,619.44,1,-1,-1,-1
411,89,1567.18,281.65,1725.60,646.13,1,-1,-1,-1
411,141,1419.75,281.47,1574.71,628.79,1,-1,-1,-1
412,15,1407.52,277.85,1571.14,648.67,1,-1,-1,-1
412,89,1555.16,279.74,1714.18,645.58,1,-1,-1,-1
412,141,1422.58,282.74,1577.98,632.21,1,-1,-1,-1
413,15,1524.62,275.82,1694.65,663.47,1,-1,-1,-1
413,141,1417.22,278.51,1576.48,637.42,1,-1,-1,-1
414,15,1567.74,277.77,1738.13,666.22,1,-1,-1,-1
414,141,1413.47,272.95,1576.95,642.60,1,-1,-1,-1
415,141,1417.36,269.52,1580.31,638.59,1,-1,-1,-1
416,141,1424.95,272.83,1584.02,631.64,1,-1,-1,-1
417,141,1085.35,300.14,1235.76,638.89,1,-1,-1,-1
418,89,1420.86,263.30,1579.89,625.99,1,-1,-1,-1
418,141,1052.94,302.89,1202.89,640.61,1,-1,-1,-1
419,15,1821.73,303.80,1975.94,655.78,1,-1,-1,-1
419,89,1409.58,265.18,1565.83,620.56,1,-1,-1,-1
420,15,1868.21,307.18,2021.22,656.41,1,-1,-1,-1
420,89,1403.79,257.07,1563.19,618.79,1,-1,-1,-1
421,89,1402.22,250.21,1562.42,613.58,1,-1,-1,-1
422,89,1409.22,252.33,1564.98,605.75,1,-1,-1,-1
423,89,1408.24,255.96,1560.94,600.88,1,-1,-1,-1
424,89,1408.74,259.43,1558.84,597.86,1,-1,-1,-1
424,111,1808.23,280.81,1957.87,633.58,1,-1,-1,-1
425,89,1399.49,258.09,1550.21,599.56,1,-1,-1,-1
425,111,1811.83,280.89,1961.71,634.09,1,-1,-1,-1
426,89,1390.61,253.65,1544.47,603.61,1,-1,-1,-1
426,111,1827.70,280.77,1977.91,634.74,1,-1,-1,-1
427,89,1387.43,252.03,1542.10,605.86,1,-1,-1,-1
427,111,1808.39,282.48,1958.05,633.54,1,-1,-1,-1
428,89,1390.82,254.10,1546.53,612.05,1,-1,-1,-1
428,111,1797.71,281.50,1953.29,643.49,1,-1,-1,-1
429,89,1394.84,266.78,1545.41,613.14,1,-1,-1,-1
429,111,1797.32,281.16,1956.69,648.28,1,-1,-1,-1
430,89,1396.10,273.72,1546.67,620.27,1,-1,-1,-1
430,111,1806.03,281.08,1966.24,650.15,1,-1,-1,-1
431,89,1394.86,273.60,1548.53,626.87,1,-1,-1,-1
431,111,1799.32,296.48,1956.75,655.87,1,-1,-1,-1
432,89,1485.08,274.18,1646.11,645.09,1,-1,-1,-1
432,111,1806.53,297.99,1964.28,658.14,1,-1,-1,-1
433,89,1490.88,275.08,1652.83,648.12,1,-1,-1,-1
433,111,1799.31,304.63,1953.46,654.57,1,-1,-1,-1
433,123,1392.49,282.11,1556.46,634.06,1,-1,-1,-1
434,89,1428.18,280.60,1579.56,627.21,1,-1,-1,-1
434,111,1805.07,306.67,1959.05,656.23,1,-1,-1,-1
434,123,1411.48,282.05,1575.12,633.30,1,-1,-1,-1
434,141,1780.20,298.48,1940.96,661.07,1,-1,-1,-1
435,89,843.33,243.96,1003.87,610.68,1,-1,-1,-1
435,141,1816.05,298.57,1977.36,662.40,1,-1,-1,-1
436,89,1199.46,250.84,1357.77,614.37,1,-1,-1,-1
437,89,1349.62,256.95,1499.80,604.00,1,-1,-1,-1
438,89,1404.49,260.05,1549.20,596.72,1,-1,-1,-1
439,89,1428.27,255.16,1573.07,593.45,1,-1,-1,-1
440,70,563.76,243.85,740.17,643.95,1,-1,-1,-1
440,89,1447.95,258.06,1589.07,587.67,1,-1,-1,-1
441,70,543.27,243.93,719.85,644.40,1,-1,-1,-1
441,89,859.36,248.45,1017.25,613.83,1,-1,-1,-1
442,89,648.27,248.86,806.27,610.33,1,-1,-1,-1
442,123,1468.66,254.87,1615.93,577.61,1,-1,-1,-1
443,89,549.99,243.88,713.13,614.12,1,-1,-1,-1
443,123,1479.79,252.63,1625.89,572.81,1,-1,-1,-1
444,89,1111.94,236.83,1268.51,593.39,1,-1,-1,-1
445,89,696.11,234.84,861.60,611.89,1,-1,-1,-1
445,123,1459.06,234.12,1615.07,581.27,1,-1,-1,-1
446,70,472.86,234.48,640.47,613.62,1,-1,-1,-1
446,89,1168.54,238.66,1321.75,588.25,1,-1,-1,-1
446,123,1465.43,230.37,1621.84,578.42,1,-1,-1,-1
447,70,455.90,233.49,622.55,610.46,1,-1,-1,-1
447,89,681.58,224.86,851.14,613.08,1,-1,-1,-1
447,123,1453.28,233.17,1608.53,579.81,1,-1,-1,-1
448,89,507.40,228.32,674.93,612.76,1,-1,-1,-1
448,111,1817.89,260.07,1972.98,614.91,1,-1,-1,-1
448,123,1450.46,232.06,1606.32,581.19,1,-1,-1,-1
449,89,434.42,229.92,602.60,613.22,1,-1,-1,-1
449,111,1816.70,251.74,1973.34,610.88,1,-1,-1,-1
449,123,1440.01,227.09,1595.73,577.08,1,-1,-1,-1
450,89,399.16,245.05,558.65,608.11,1,-1,-1,-1
450,111,1818.16,248.82,1975.07,608.58,1,-1,-1,-1
450,123,1435.86,224.00,1591.70,576.27,1,-1,-1,-1
451,89,528.79,308.01,655.71,587.99,1,-1,-1,-1
451,123,1430.84,226.23,1584.26,573.41,1,-1,-1,-1
452,41,375.99,268.05,527.49,606.15,1,-1,-1,-1
452,89,556.65,203.68,731.57,591.15,1,-1,-1,-1
452,123,1422.69,223.91,1578.24,575.72,1,-1,-1,-1
452,141,636.20,341.50,751.17,577.32,1,-1,-1,-1
453,41,351.91,259.97,513.43,612.59,1,-1,-1,-1
453,89,1062.67,218.40,1227.71,585.13,1,-1,-1,-1
453,111,1788.23,240.89,1951.95,614.35,1,-1,-1,-1
453,123,1422.38,221.42,1578.28,574.05,1,-1,-1,-1
453,141,593.09,345.60,714.28,581.20,1,-1,-1,-1
454,41,337.88,256.51,505.95,615.48,1,-1,-1,-1
454,89,1303.48,221.87,1467.13,587.73,1,-1,-1,-1
454,111,1786.44,238.06,1950.92,613.26,1,-1,-1,-1
454,141,573.88,349.45,697.35,580.82,1,-1,-1,-1
455,41,322.74,253.97,492.06,615.61,1,-1,-1,-1
455,89,680.07,241.80,849.50,615.72,1,-1,-1,-1
455,141,525.95,352.23,646.49,578.10,1,-1,-1,-1
456,41,311.62,268.29,477.61,615.95,1,-1,-1,-1
456,89,1157.22,250.11,1317.47,607.42,1,-1,-1,-1
457,41,297.50,268.79,463.33,616.13,1,-1,-1,-1
457,89,1335.09,245.52,1494.42,603.39,1,-1,-1,-1
457,141,305.94,282.68,478.11,608.82,1,-1,-1,-1
458,70,575.57,175.76,771.81,612.40,1,-1,-1,-1
458,89,1394.85,238.60,1554.63,598.58,1,-1,-1,-1
458,111,1784.22,261.55,1947.25,632.65,1,-1,-1,-1
458,141,246.96,266.62,429.69,618.54,1,-1,-1,-1
459,70,579.02,165.40,778.68,611.91,1,-1,-1,-1
459,89,1413.80,230.79,1577.05,600.72,1,-1,-1,-1
459,111,1782.87,261.73,1946.25,633.62,1,-1,-1,-1
459,141,219.76,261.89,400.33,613.40,1,-1,-1,-1
459,157,544.36,351.02,688.60,579.72,1,-1,-1,-1
460,70,583.02,160.70,784.50,611.28,1,-1,-1,-1
460,89,889.47,200.51,1066.47,601.53,1,-1,-1,-1
460,141,208.29,261.75,385.93,609.74,1,-1,-1,-1
460,157,541.20,352.56,681.76,575.43,1,-1,-1,-1
461,89,691.92,182.74,880.16,609.48,1,-1,-1,-1
461,123,1399.29,244.26,1552.61,595.58,1,-1,-1,-1
461,141,194.89,262.72,375.87,616.55,1,-1,-1,-1
462,89,615.39,183.47,805.46,613.91,1,-1,-1,-1
462,123,1397.33,247.77,1551.42,605.21,1,-1,-1,-1
462,141,170.06,260.76,358.13,631.30,1,-1,-1,-1
463,89,587.16,189.90,775.90,617.60,1,-1,-1,-1
463,123,1392.38,252.86,1546.71,613.58,1,-1,-1,-1
463,141,147.43,272.87,330.46,633.15,1,-1,-1,-1
464,89,576.41,189.43,767.16,623.54,1,-1,-1,-1
464,123,1387.26,264.61,1538.46,617.33,1,-1,-1,-1
464,141,97.75,267.38,285.44,636.83,1,-1,-1,-1
465,89,572.93,193.28,764.70,630.95,1,-1,-1,-1
465,123,1378.62,267.71,1533.53,628.63,1,-1,-1,-1
466,89,576.37,207.28,762.10,631.15,1,-1,-1,-1
466,123,1381.80,273.39,1534.68,629.45,1,-1,-1,-1
466,141,94.29,296.45,275.18,651.45,1,-1,-1,-1
467,89,579.14,216.24,762.82,635.08,1,-1,-1,-1
467,123,1383.13,276.11,1534.64,628.93,1,-1,-1,-1
467,141,88.98,301.73,270.69,655.93,1,-1,-1,-1
468,89,579.96,217.03,765.25,639.11,1,-1,-1,-1
468,123,1374.88,281.66,1524.98,631.93,1,-1,-1,-1
468,141,69.42,295.54,259.23,664.05,1,-1,-1,-1
469,89,575.32,216.05,762.83,643.18,1,-1,-1,-1
469,123,1371.27,282.30,1522.06,634.27,1,-1,-1,-1
469,141,33.73,293.76,226.89,668.78,1,-1,-1,-1
470,89,226.30,268.72,403.14,664.93,1,-1,-1,-1
470,123,1370.60,283.75,1520.49,633.72,1,-1,-1,-1
471,70,588.40,204.01,786.75,650.55,1,-1,-1,-1
471,89,81.19,305.01,244.89,667.17,1,-1,-1,-1
471,123,1370.63,284.84,1519.87,632.74,1,-1,-1,-1
472,70,589.94,205.29,788.73,652.82,1,-1,-1,-1
472,89,410.24,246.14,597.42,661.51,1,-1,-1,-1
472,123,1372.36,288.46,1518.78,628.95,1,-1,-1,-1
473,89,515.82,223.70,713.04,662.32,1,-1,-1,-1
473,123,1372.00,287.71,1518.95,630.11,1,-1,-1,-1
474,89,982.65,366.56,1103.82,629.80,1,-1,-1,-1
474,123,1372.24,291.99,1518.76,633.81,1,-1,-1,-1
475,70,584.24,226.02,777.03,659.96,1,-1,-1,-1
475,89,1028.91,378.75,1144.12,629.04,1,-1,-1,-1
475,123,1373.64,296.82,1517.54,632.49,1,-1,-1,-1
476,70,583.92,239.46,775.32,668.37,1,-1,-1,-1
476,123,1380.48,307.21,1520.27,631.93,1,-1,-1,-1
477,70,583.43,243.85,775.14,672.46,1,-1,-1,-1
477,89,1359.91,316.13,1505.56,634.43,1,-1,-1,-1
477,111,1755.38,320.45,1905.87,665.85,1,-1,-1,-1
477,123,1380.26,310.87,1518.93,633.00,1,-1,-1,-1
477,163,1237.80,461.65,1326.18,622.17,1,-1,-1,-1
478,70,587.36,239.32,780.29,670.53,1,-1,-1,-1
478,89,1410.84,312.12,1557.69,634.88,1,-1,-1,-1
478,111,1753.84,323.45,1903.76,667.57,1,-1,-1,-1
478,163,1237.74,463.17,1326.97,624.85,1,-1,-1,-1
479,70,617.06,242.13,801.10,653.75,1,-1,-1,-1
479,89,1430.01,303.90,1578.69,632.43,1,-1,-1,-1
479,163,1240.45,461.35,1325.98,616.04,1,-1,-1,-1
480,70,621.35,245.16,804.12,653.95,1,-1,-1,-1
480,89,935.13,255.52,1104.37,630.16,1,-1,-1,-1
480,123,1399.47,297.80,1543.85,633.34,1,-1,-1,-1
480,163,1239.24,452.57,1327.76,612.17,1,-1,-1,-1
481,70,629.30,229.78,811.59,636.56,1,-1,-1,-1
481,89,942.63,248.70,1114.82,629.86,1,-1,-1,-1
481,123,1397.46,292.25,1542.68,629.31,1,-1,-1,-1
481,163,1239.19,445.49,1327.98,606.05,1,-1,-1,-1
482,70,634.03,230.66,815.11,634.71,1,-1,-1,-1
482,89,711.00,226.97,890.06,623.14,1,-1,-1,-1
482,123,1396.89,291.60,1541.43,625.90,1,-1,-1,-1
482,163,1236.32,446.43,1320.59,599.09,1,-1,-1,-1
483,89,652.24,208.49,837.16,616.87,1,-1,-1,-1
483,111,1560.47,287.08,1723.84,659.97,1,-1,-1,-1
483,123,1398.11,291.99,1542.43,625.79,1,-1,-1,-1
483,163,1238.88,444.15,1323.95,598.77,1,-1,-1,-1
484,89,637.99,197.87,828.15,618.40,1,-1,-1,-1
484,111,1552.41,282.41,1714.16,653.35,1,-1,-1,-1
484,163,1238.99,442.18,1323.66,596.07,1,-1,-1,-1
485,89,643.20,195.92,833.36,616.47,1,-1,-1,-1
485,111,1534.56,280.30,1697.02,652.86,1,-1,-1,-1
486,89,645.08,193.59,837.55,618.99,1,-1,-1,-1
486,111,1568.94,282.70,1734.44,656.74,1,-1,-1,-1
486,141,1230.55,429.16,1318.48,600.55,1,-1,-1,-1
487,89,642.74,199.43,833.39,621.29,1,-1,-1,-1
487,111,1569.63,278.33,1737.09,654.88,1,-1,-1,-1
487,123,1420.04,288.48,1568.26,627.77,1,-1,-1,-1
487,141,1289.12,436.04,1371.96,597.51,1,-1,-1,-1
488,89,643.68,205.94,830.29,618.30,1,-1,-1,-1
488,111,1571.05,284.04,1737.22,655.54,1,-1,-1,-1
488,123,1412.33,286.76,1561.83,628.64,1,-1,-1,-1
489,89,635.21,216.63,821.12,627.06,1,-1,-1,-1
489,111,1561.49,282.93,1728.10,655.40,1,-1,-1,-1
489,123,1405.40,286.84,1554.08,628.28,1,-1,-1,-1
490,89,633.47,223.46,816.93,627.74,1,-1,-1,-1
490,111,1557.37,285.85,1718.29,646.49,1,-1,-1,-1
490,123,1397.33,285.56,1547.29,630.12,1,-1,-1,-1
491,89,627.89,226.21,811.85,629.98,1,-1,-1,-1
491,111,1557.09,288.47,1714.42,641.71,1,-1,-1,-1
491,123,1389.41,285.08,1539.69,630.15,1,-1,-1,-1
491,167,1658.11,308.20,1803.68,663.01,1,-1,-1,-1
492,89,628.10,231.30,808.29,626.19,1,-1,-1,-1
492,111,1549.04,288.15,1705.85,640.24,1,-1,-1,-1
492,123,1388.46,284.75,1539.00,630.43,1,-1,-1,-1
492,167,1655.81,305.31,1803.61,665.58,1,-1,-1,-1
493,89,622.67,235.99,803.30,630.72,1,-1,-1,-1
493,163,1186.45,447.44,1267.18,593.47,1,-1,-1,-1
494,89,617.76,237.11,794.95,625.12,1,-1,-1,-1
494,123,1385.61,278.12,1535.89,624.26,1,-1,-1,-1
494,163,1182.49,447.22,1262.77,592.43,1,-1,-1,-1
495,89,612.11,237.56,787.63,622.31,1,-1,-1,-1
495,111,1617.63,288.80,1779.07,652.92,1,-1,-1,-1
495,123,1384.54,277.20,1535.05,623.88,1,-1,-1,-1
496,89,598.90,238.41,777.96,629.93,1,-1,-1,-1
496,111,1618.74,288.64,1780.36,653.15,1,-1,-1,-1
497,89,588.07,241.37,761.66,621.57,1,-1,-1,-1
498,89,576.72,241.85,753.40,627.70,1,-1,-1,-1
499,89,566.79,244.66,738.13,618.73,1,-1,-1,-1
499,163,1102.68,451.64,1188.61,602.04,1,-1,-1,-1
500,89,551.18,239.02,726.26,621.32,1,-1,-1,-1
500,111,1578.80,307.17,1735.24,661.31,1,-1,-1,-1
500,123,1339.53,290.67,1488.53,635.97,1,-1,-1,-1
500,163,1087.81,451.97,1172.98,595.99,1,-1,-1,-1
501,89,534.05,241.57,706.12,617.67,1,-1,-1,-1
501,111,1564.35,317.97,1712.29,654.38,1,-1,-1,-1
501,123,1335.09,291.27,1484.18,636.76,1,-1,-1,-1
501,157,114.34,431.00,221.66,585.00,1,-1,-1,-1
501,163,1069.03,450.73,1159.95,601.26,1,-1,-1,-1
502,89,514.97,230.57,692.59,618.96,1,-1,-1,-1
502,111,1560.30,320.45,1707.18,654.44,1,-1,-1,-1
502,157,104.18,432.91,210.30,585.19,1,-1,-1,-1
502,163,1058.56,450.84,1149.57,601.52,1,-1,-1,-1
503,89,499.04,222.59,678.68,615.52,1,-1,-1,-1
503,111,1544.54,328.55,1683.35,643.78,1,-1,-1,-1
503,163,1035.71,450.99,1125.01,596.53,1,-1,-1,-1
504,89,486.32,214.33,671.01,618.82,1,-1,-1,-1
504,111,1526.81,316.52,1672.19,647.78,1,-1,-1,-1
504,123,1291.99,293.90,1438.69,635.46,1,-1,-1,-1
504,157,59.50,425.05,183.82,589.88,1,-1,-1,-1
504,163,1024.02,451.10,1113.08,596.24,1,-1,-1,-1
505,89,484.34,225.58,665.32,622.04,1,-1,-1,-1
505,111,1524.89,320.56,1664.52,639.83,1,-1,-1,-1
505,123,1288.68,292.80,1432.20,628.37,1,-1,-1,-1
505,157,48.08,426.20,171.89,590.35,1,-1,-1,-1
506,70,660.80,236.05,839.71,637.83,1,-1,-1,-1
506,89,479.21,233.40,660.05,629.94,1,-1,-1,-1
506,111,1517.85,313.27,1658.62,636.11,1,-1,-1,-1
506,123,1281.83,293.29,1425.00,628.04,1,-1,-1,-1
507,70,658.34,229.53,842.54,643.90,1,-1,-1,-1
507,89,478.81,237.68,657.93,630.91,1,-1,-1,-1
507,111,1507.71,298.62,1655.15,637.47,1,-1,-1,-1
508,70,659.06,229.13,843.75,644.60,1,-1,-1,-1
508,89,473.88,239.97,652.14,631.25,1,-1,-1,-1
508,111,1500.05,295.15,1648.30,636.05,1,-1,-1,-1
509,89,468.95,242.80,645.13,630.02,1,-1,-1,-1
509,111,1492.12,292.54,1642.02,636.87,1,-1,-1,-1
509,123,1270.56,290.52,1408.65,613.65,1,-1,-1,-1
509,157,6.88,446.26,129.97,595.62,1,-1,-1,-1
510,89,462.35,243.85,637.98,630.19,1,-1,-1,-1
510,111,1484.48,290.96,1635.58,637.89,1,-1,-1,-1
510,123,1270.57,292.97,1406.07,609.91,1,-1,-1,-1
510,157,-3.79,448.53,118.02,596.34,1,-1,-1,-1
511,89,458.91,240.90,637.57,634.21,1,-1,-1,-1
511,111,1476.20,287.13,1630.48,641.60,1,-1,-1,-1
511,123,1264.41,290.41,1401.30,611.38,1,-1,-1,-1
512,89,458.20,240.43,637.34,634.38,1,-1,-1,-1
512,111,1472.75,285.08,1629.31,644.34,1,-1,-1,-1
512,123,1261.24,286.82,1400.81,615.27,1,-1,-1,-1
512,157,-24.97,438.36,116.37,606.58,1,-1,-1,-1
512,163,947.41,434.62,1047.90,596.89,1,-1,-1,-1
513,89,454.54,242.22,632.04,632.43,1,-1,-1,-1
513,111,1473.58,298.08,1626.56,649.32,1,-1,-1,-1
513,123,1261.46,292.71,1398.93,617.44,1,-1,-1,-1
513,157,-33.96,437.77,111.45,607.40,1,-1,-1,-1
513,163,945.94,441.72,1043.65,596.94,1,-1,-1,-1
514,89,450.31,236.92,632.77,638.28,1,-1,-1,-1
514,111,1469.60,304.52,1620.49,650.59,1,-1,-1,-1
514,123,1256.86,293.01,1394.00,616.93,1,-1,-1,-1
514,157,-44.22,438.48,101.86,608.90,1,-1,-1,-1
514,163,940.48,443.74,1038.41,598.95,1,-1,-1,-1
515,89,441.00,232.98,631.31,650.90,1,-1,-1,-1
515,111,1467.37,304.95,1619.42,653.03,1,-1,-1,-1
515,123,1256.79,296.98,1392.90,618.44,1,-1,-1,-1
515,163,931.35,443.51,1029.51,599.10,1,-1,-1,-1
516,89,436.89,230.19,631.66,656.32,1,-1,-1,-1
516,111,1467.92,311.70,1617.99,655.24,1,-1,-1,-1
516,123,1257.51,304.01,1390.99,620.09,1,-1,-1,-1
517,89,433.74,225.23,633.81,662.24,1,-1,-1,-1
517,111,1460.89,306.94,1616.53,663.35,1,-1,-1,-1
517,123,1250.33,299.78,1388.56,628.04,1,-1,-1,-1
517,163,910.38,436.28,1027.21,617.57,1,-1,-1,-1
518,89,432.46,218.17,635.06,661.19,1,-1,-1,-1
518,111,1463.07,305.17,1620.54,666.32,1,-1,-1,-1
518,123,1252.76,299.53,1391.28,629.61,1,-1,-1,-1
518,163,908.09,438.35,1026.31,617.88,1,-1,-1,-1
519,89,429.46,218.08,630.64,658.08,1,-1,-1,-1
519,111,1461.51,298.58,1624.88,673.29,1,-1,-1,-1
519,123,1249.17,299.40,1388.00,630.18,1,-1,-1,-1
519,163,909.41,442.45,1023.82,615.33,1,-1,-1,-1
520,89,434.95,222.70,631.17,651.52,1,-1,-1,-1
520,111,1465.72,296.72,1631.01,675.24,1,-1,-1,-1
520,123,1247.71,294.71,1387.10,626.41,1,-1,-1,-1
520,163,913.72,448.03,1020.43,608.32,1,-1,-1,-1
521,89,443.66,212.63,644.35,651.57,1,-1,-1,-1
521,111,1468.83,294.71,1632.20,668.73,1,-1,-1,-1
521,123,1253.73,296.22,1390.32,621.00,1,-1,-1,-1
521,163,917.71,449.48,1016.90,598.16,1,-1,-1,-1
522,89,454.48,210.88,650.92,641.13,1,-1,-1,-1
522,111,1466.31,293.91,1630.67,670.18,1,-1,-1,-1
522,123,1261.57,284.15,1404.23,623.58,1,-1,-1,-1
522,163,918.60,444.51,1017.46,589.66,1,-1,-1,-1
523,89,456.12,208.98,656.24,646.95,1,-1,-1,-1
523,123,1271.16,284.28,1412.42,619.32,1,-1,-1,-1
523,163,914.15,444.33,1012.08,588.09,1,-1,-1,-1
524,89,461.95,209.64,662.23,647.15,1,-1,-1,-1
524,123,1271.26,283.23,1412.80,618.93,1,-1,-1,-1
525,89,464.88,206.02,673.74,661.03,1,-1,-1,-1
526,89,468.16,200.16,684.29,670.10,1,-1,-1,-1
526,163,944.64,449.38,1044.13,594.74,1,-1,-1,-1
527,89,784.96,358.29,914.55,624.42,1,-1,-1,-1
527,123,1298.83,285.31,1444.53,628.57,1,-1,-1,-1
527,163,944.88,449.79,1043.84,594.38,1,-1,-1,-1
528,89,533.71,215.79,758.67,680.63,1,-1,-1,-1
528,123,1301.51,284.74,1447.71,629.19,1,-1,-1,-1
529,89,503.59,208.55,731.08,679.82,1,-1,-1,-1
529,123,1319.24,289.54,1466.45,635.46,1,-1,-1,-1
530,89,1018.84,250.53,1210.53,653.14,1,-1,-1,-1
530,123,1323.40,289.50,1471.14,636.63,1,-1,-1,-1
531,89,681.55,219.08,887.65,653.98,1,-1,-1,-1
531,123,1328.62,282.84,1478.38,634.82,1,-1,-1,-1
532,89,559.51,205.22,772.54,657.53,1,-1,-1,-1
532,123,1329.83,277.35,1480.20,630.54,1,-1,-1,-1
533,89,516.70,211.59,721.38,647.93,1,-1,-1,-1
533,123,1326.37,276.71,1475.38,627.01,1,-1,-1,-1
534,89,496.53,210.08,696.28,638.60,1,-1,-1,-1
534,123,1329.55,275.58,1479.01,626.95,1,-1,-1,-1
535,89,476.43,203.53,679.42,638.98,1,-1,-1,-1
535,111,1562.79,273.21,1737.89,671.37,1,-1,-1,-1
535,163,904.21,421.09,1024.82,596.82,1,-1,-1,-1
536,111,1568.05,271.79,1743.95,671.76,1,-1,-1,-1
536,123,1312.57,280.63,1461.44,631.18,1,-1,-1,-1
536,163,901.24,419.08,1023.25,596.86,1,-1,-1,-1
536,173,429.00,213.13,612.36,637.56,1,-1,-1,-1
537,123,1310.43,282.80,1458.09,631.17,1,-1,-1,-1
537,173,409.41,216.88,590.67,635.40,1,-1,-1,-1
538,89,469.87,226.94,662.80,641.77,1,-1,-1,-1
538,123,1310.15,288.86,1457.13,635.82,1,-1,-1,-1
538,173,244.89,208.51,427.47,630.10,1,-1,-1,-1
539,89,464.76,231.17,658.93,649.84,1,-1,-1,-1
539,111,1564.83,279.48,1745.68,688.07,1,-1,-1,-1
539,123,1315.91,299.06,1459.47,638.19,1,-1,-1,-1
539,173,591.46,415.32,679.58,613.46,1,-1,-1,-1
540,89,450.70,229.36,646.33,651.17,1,-1,-1,-1
540,111,1568.39,279.16,1750.17,689.86,1,-1,-1,-1
540,123,1318.34,308.89,1460.06,643.06,1,-1,-1,-1
540,163,881.10,443.97,993.75,605.91,1,-1,-1,-1
540,173,472.91,246.54,654.87,655.39,1,-1,-1,-1
541,123,1322.61,313.81,1466.18,652.83,1,-1,-1,-1
541,163,877.56,444.42,990.40,606.62,1,-1,-1,-1
541,173,432.94,233.20,624.37,662.12,1,-1,-1,-1
542,111,1571.59,306.91,1750.64,712.57,1,-1,-1,-1
542,123,1324.17,316.62,1467.55,655.22,1,-1,-1,-1
542,157,71.50,477.91,173.89,591.29,1,-1,-1,-1
542,173,961.62,284.35,1130.40,663.82,1,-1,-1,-1
543,89,453.84,230.18,663.02,680.65,1,-1,-1,-1
543,111,1566.89,310.48,1746.34,716.75,1,-1,-1,-1
543,123,1324.60,321.44,1469.54,664.16,1,-1,-1,-1
543,157,60.81,471.62,178.42,600.83,1,-1,-1,-1
543,173,956.14,275.29,1130.90,668.20,1,-1,-1,-1
544,89,458.03,226.97,671.50,688.18,1,-1,-1,-1
544,111,1562.00,316.32,1738.23,714.18,1,-1,-1,-1
544,123,1318.98,320.78,1465.90,668.43,1,-1,-1,-1
544,157,64.35,472.05,182.10,601.40,1,-1,-1,-1
545,89,457.98,226.50,667.61,681.06,1,-1,-1,-1
545,111,1554.01,314.41,1731.80,716.40,1,-1,-1,-1
545,123,1317.11,320.50,1464.43,669.25,1,-1,-1,-1
546,89,450.45,225.19,662.09,684.10,1,-1,-1,-1
546,111,1551.31,309.66,1729.08,712.50,1,-1,-1,-1
546,123,1317.11,320.30,1463.77,668.12,1,-1,-1,-1
547,111,1545.56,304.47,1722.17,704.97,1,-1,-1,-1
547,123,1319.05,320.80,1460.88,659.00,1,-1,-1,-1
548,111,1541.92,309.06,1712.38,694.74,1,-1,-1,-1
548,123,1314.37,318.22,1455.81,656.75,1,-1,-1,-1
549,111,1530.02,308.08,1701.11,694.17,1,-1,-1,-1
549,123,1303.41,313.90,1444.61,651.91,1,-1,-1,-1
550,89,426.48,220.00,632.65,670.72,1,-1,-1,-1
550,111,1524.40,306.35,1697.70,695.30,1,-1,-1,-1
550,123,1296.36,319.52,1434.08,650.06,1,-1,-1,-1
551,89,432.89,230.07,631.94,668.38,1,-1,-1,-1
551,111,1522.27,305.68,1696.63,695.07,1,-1,-1,-1
551,123,1292.88,320.27,1430.40,651.35,1,-1,-1,-1
552,89,433.80,234.67,633.48,675.01,1,-1,-1,-1
552,111,1526.34,306.06,1700.85,694.32,1,-1,-1,-1
552,123,1293.41,323.82,1428.04,649.17,1,-1,-1,-1
553,89,430.65,227.73,637.80,686.67,1,-1,-1,-1
553,111,1527.37,310.16,1702.47,699.35,1,-1,-1,-1
553,123,1291.63,321.09,1428.68,653.03,1,-1,-1,-1
553,177,-68.72,462.51,35.22,618.41,1,-1,-1,-1
554,89,438.11,232.95,640.11,683.82,1,-1,-1,-1
554,111,1529.94,316.31,1701.02,696.61,1,-1,-1,-1
554,123,1291.55,325.33,1428.46,657.74,1,-1,-1,-1
554,177,-152.81,464.23,-50.22,618.10,1,-1,-1,-1
555,70,1545.19,317.86,1715.65,696.97,1,-1,-1,-1
555,89,443.51,242.97,639.67,682.57,1,-1,-1,-1
555,111,1531.36,318.60,1700.83,695.55,1,-1,-1,-1
555,123,1295.48,324.25,1434.51,662.16,1,-1,-1,-1
556,70,1551.68,320.08,1721.63,695.80,1,-1,-1,-1
556,89,443.44,241.40,641.90,688.03,1,-1,-1,-1
556,111,1530.73,320.18,1699.45,695.48,1,-1,-1,-1
556,123,1298.28,327.09,1435.58,661.16,1,-1,-1,-1
557,70,1551.79,318.65,1726.12,706.00,1,-1,-1,-1
557,89,445.29,244.09,641.62,687.35,1,-1,-1,-1
557,123,1299.32,331.44,1436.11,664.70,1,-1,-1,-1
558,70,1548.87,313.26,1729.00,715.06,1,-1,-1,-1
558,89,447.61,254.35,639.44,687.01,1,-1,-1,-1
558,123,1299.38,333.02,1436.69,666.65,1,-1,-1,-1
559,70,1545.45,312.53,1730.86,727.74,1,-1,-1,-1
559,89,446.16,253.49,640.45,692.15,1,-1,-1,-1
559,123,1297.82,331.57,1437.87,670.64,1,-1,-1,-1
560,70,1546.22,321.56,1728.30,731.69,1,-1,-1,-1
560,89,452.63,257.08,643.80,689.38,1,-1,-1,-1
560,123,1294.24,329.01,1442.00,683.26,1,-1,-1,-1
561,70,1545.38,328.39,1727.14,738.95,1,-1,-1,-1
561,89,454.19,261.03,646.11,694.90,1,-1,-1,-1
561,123,1293.45,329.87,1442.04,686.09,1,-1,-1,-1
562,70,1553.93,334.87,1736.46,746.12,1,-1,-1,-1
562,89,461.15,261.10,649.91,688.95,1,-1,-1,-1
563,70,1561.68,337.62,1745.49,751.76,1,-1,-1,-1
563,89,461.45,261.70,653.05,695.29,1,-1,-1,-1
564,89,470.11,254.60,664.78,694.96,1,-1,-1,-1
564,178,1327.59,347.50,1484.96,693.95,1,-1,-1,-1
565,89,483.12,251.86,678.51,694.79,1,-1,-1,-1
565,178,1337.86,345.61,1496.45,695.35,1,-1,-1,-1
565,180,1589.21,326.02,1782.16,758.99,1,-1,-1,-1
566,89,495.09,251.44,685.15,685.45,1,-1,-1,-1
566,178,1344.96,343.53,1505.69,698.77,1,-1,-1,-1
566,180,1599.75,334.75,1790.06,761.64,1,-1,-1,-1
567,89,498.22,247.94,688.87,683.83,1,-1,-1,-1
567,178,1352.23,342.86,1513.73,700.63,1,-1,-1,-1
567,180,1613.19,354.79,1792.04,755.73,1,-1,-1,-1
568,89,498.80,240.68,691.27,680.59,1,-1,-1,-1
568,177,766.49,457.19,892.20,643.82,1,-1,-1,-1
568,178,1359.93,344.06,1520.31,700.55,1,-1,-1,-1
568,180,1626.97,359.78,1802.93,754.38,1,-1,-1,-1
569,89,511.94,247.18,697.44,669.49,1,-1,-1,-1
569,177,811.29,456.99,938.17,645.36,1,-1,-1,-1
569,178,1367.91,345.92,1525.60,697.71,1,-1,-1,-1
569,180,1641.47,356.82,1816.52,749.66,1,-1,-1,-1
570,89,516.21,248.38,700.23,667.28,1,-1,-1,-1
570,178,1382.02,345.93,1535.36,688.42,1,-1,-1,-1
570,180,1651.07,355.53,1825.57,747.37,1,-1,-1,-1
571,89,519.15,252.15,700.28,663.18,1,-1,-1,-1
571,178,1390.49,341.84,1545.07,688.44,1,-1,-1,-1
571,180,1657.51,351.42,1834.50,749.39,1,-1,-1,-1
572,89,518.12,250.88,701.42,665.08,1,-1,-1,-1
572,178,1393.33,336.34,1547.55,683.10,1,-1,-1,-1
572,180,1667.83,353.21,1838.46,737.28,1,-1,-1,-1
573,89,511.89,233.80,706.81,673.80,1,-1,-1,-1
573,178,1390.38,334.99,1543.01,679.82,1,-1,-1,-1
573,180,1665.77,344.82,1834.41,723.21,1,-1,-1,-1
574,89,513.57,240.45,705.35,671.22,1,-1,-1,-1
574,178,1389.07,330.53,1540.86,674.64,1,-1,-1,-1
574,180,1666.75,341.74,1830.54,708.75,1,-1,-1,-1
575,89,505.56,230.59,703.83,674.85,1,-1,-1,-1
575,177,782.83,451.37,910.31,636.48,1,-1,-1,-1
575,178,1390.80,319.57,1546.03,672.79,1,-1,-1,-1
575,180,1658.54,331.70,1828.09,711.89,1,-1,-1,-1
576,89,500.64,223.06,705.13,680.12,1,-1,-1,-1
576,177,807.07,450.86,935.09,636.76,1,-1,-1,-1
576,178,1388.19,318.21,1541.67,668.22,1,-1,-1,-1
576,180,1651.28,325.48,1821.36,706.46,1,-1,-1,-1
577,89,498.57,220.23,705.69,682.15,1,-1,-1,-1
577,178,1385.35,309.85,1541.35,666.57,1,-1,-1,-1
577,180,1644.75,325.19,1813.49,701.94,1,-1,-1,-1
578,89,494.05,226.40,700.39,684.87,1,-1,-1,-1
578,173,741.80,420.82,859.34,651.17,1,-1,-1,-1
578,178,1381.11,310.11,1534.96,662.75,1,-1,-1,-1
578,180,1638.98,315.11,1812.93,701.80,1,-1,-1,-1
579,89,489.98,224.28,699.93,689.84,1,-1,-1,-1
579,173,736.08,428.32,848.93,649.45,1,-1,-1,-1
579,177,735.93,430.39,883.17,645.06,1,-1,-1,-1
579,178,1375.85,313.68,1525.89,658.07,1,-1,-1,-1
579,180,1636.39,309.49,1813.76,703.18,1,-1,-1,-1
