3,2,924.99,330.23,954.42,396.98,1,-1,-1,-1
3,3,1049.97,277.00,1133.03,466.00,1,-1,-1,-1
3,4,1314.81,268.54,1396.84,447.20,1,-1,-1,-1
3,5,1399.45,253.04,1491.79,450.78,1,-1,-1,-1
4,2,924.57,330.08,953.99,396.80,1,-1,-1,-1
4,3,1046.04,264.79,1136.20,469.82,1,-1,-1,-1
4,4,1315.04,272.07,1393.68,443.09,1,-1,-1,-1
4,5,1400.34,254.68,1490.65,448.07,1,-1,-1,-1
5,3,1044.60,260.16,1137.39,471.04,1,-1,-1,-1
5,4,1314.85,272.39,1393.22,442.59,1,-1,-1,-1
5,5,1399.68,253.17,1491.24,449.35,1,-1,-1,-1
6,2,919.36,322.55,952.99,398.82,1,-1,-1,-1
6,3,1044.61,259.41,1137.31,470.02,1,-1,-1,-1
6,4,1315.74,275.34,1391.54,439.60,1,-1,-1,-1
6,5,1396.95,255.55,1486.16,446.95,1,-1,-1,-1
7,2,918.40,322.31,953.81,402.45,1,-1,-1,-1
7,3,1044.86,259.38,1137.74,470.26,1,-1,-1,-1
7,4,1315.40,276.94,1389.63,437.82,1,-1,-1,-1
7,5,1395.26,255.76,1484.38,447.52,1,-1,-1,-1
8,2,917.12,320.86,953.57,403.34,1,-1,-1,-1
8,3,1044.81,259.53,1137.36,469.63,1,-1,-1,-1
8,5,1395.24,256.54,1483.28,446.36,1,-1,-1,-1
9,2,917.82,324.53,951.99,401.72,1,-1,-1,-1
9,3,1044.82,259.72,1137.20,469.37,1,-1,-1,-1
9,5,1395.60,258.20,1481.92,444.58,1,-1,-1,-1
10,2,917.62,326.00,951.18,401.40,1,-1,-1,-1
10,3,1044.21,257.65,1137.68,469.75,1,-1,-1,-1
10,5,1395.96,258.81,1481.30,443.28,1,-1,-1,-1
11,2,916.71,325.48,950.71,401.86,1,-1,-1,-1
11,5,1396.12,259.70,1480.44,442.16,1,-1,-1,-1
12,5,1396.39,259.34,1480.66,441.78,1,-1,-1,-1
13,5,1396.50,259.87,1480.11,441.00,1,-1,-1,-1
14,2,911.49,320.44,947.10,400.36,1,-1,-1,-1
14,5,1396.30,259.38,1480.21,441.42,1,-1,-1,-1
15,2,910.88,319.18,946.71,399.49,1,-1,-1,-1
15,5,1396.05,258.52,1480.45,441.60,1,-1,-1,-1
16,2,911.02,319.41,946.23,398.53,1,-1,-1,-1
16,5,1394.22,250.22,1482.99,443.02,1,-1,-1,-1
17,2,911.14,319.53,946.06,398.16,1,-1,-1,-1
17,5,1393.58,247.15,1483.91,443.56,1,-1,-1,-1
18,2,911.24,318.94,946.00,397.36,1,-1,-1,-1
18,5,1393.61,247.30,1483.36,442.47,1,-1,-1,-1
19,2,911.92,320.07,945.39,395.75,1,-1,-1,-1
19,5,1393.66,247.41,1483.14,442.06,1,-1,-1,-1
20,2,912.62,321.87,944.78,394.47,1,-1,-1,-1
20,5,1394.33,248.15,1483.08,441.26,1,-1,-1,-1
21,2,912.73,322.57,944.08,393.33,1,-1,-1,-1
21,5,1394.35,247.80,1483.32,441.63,1,-1,-1,-1
22,2,912.78,322.83,943.85,392.94,1,-1,-1,-1
22,5,1394.28,246.38,1484.15,442.44,1,-1,-1,-1
23,2,912.95,322.92,943.65,392.14,1,-1,-1,-1
23,5,1395.04,247.83,1483.69,441.44,1,-1,-1,-1
24,2,913.04,322.29,944.25,392.54,1,-1,-1,-1
24,5,1395.15,247.76,1483.71,441.06,1,-1,-1,-1
25,2,912.19,320.07,944.72,393.37,1,-1,-1,-1
25,5,1395.29,247.10,1484.28,441.59,1,-1,-1,-1
26,2,912.16,319.90,945.27,394.34,1,-1,-1,-1
26,5,1401.08,255.43,1486.01,440.48,1,-1,-1,-1
26,6,1546.91,226.06,1672.06,490.94,1,-1,-1,-1
27,2,911.77,319.19,945.89,396.04,1,-1,-1,-1
27,5,1403.67,259.33,1486.98,440.07,1,-1,-1,-1
27,6,1544.11,230.79,1664.81,486.21,1,-1,-1,-1
28,2,911.56,318.93,946.85,398.64,1,-1,-1,-1
28,4,1317.02,270.05,1391.91,429.96,1,-1,-1,-1
28,5,1403.97,259.39,1487.96,441.27,1,-1,-1,-1
28,6,1544.46,239.78,1660.57,485.52,1,-1,-1,-1
29,2,910.77,318.20,947.29,400.93,1,-1,-1,-1
29,4,1318.71,266.39,1397.37,434.52,1,-1,-1,-1
29,5,1403.50,257.39,1489.52,443.71,1,-1,-1,-1
29,6,1547.45,249.88,1655.81,479.52,1,-1,-1,-1
30,2,913.81,322.43,949.91,404.38,1,-1,-1,-1
30,4,1320.93,271.00,1399.09,437.94,1,-1,-1,-1
30,5,1407.24,257.94,1493.39,444.62,1,-1,-1,-1
30,6,1547.77,255.49,1652.17,476.74,1,-1,-1,-1
31,2,916.17,328.70,951.12,408.33,1,-1,-1,-1
31,4,1321.10,271.61,1401.15,442.58,1,-1,-1,-1
31,5,1409.25,263.42,1494.90,449.59,1,-1,-1,-1
31,6,1541.33,256.74,1649.63,486.81,1,-1,-1,-1
32,2,918.43,335.73,952.85,414.44,1,-1,-1,-1
32,4,1322.16,277.66,1401.56,447.57,1,-1,-1,-1
32,5,1411.85,272.76,1494.88,453.44,1,-1,-1,-1
32,6,1534.63,259.75,1645.22,495.28,1,-1,-1,-1
33,2,921.99,341.64,954.72,416.68,1,-1,-1,-1
33,4,1327.21,286.53,1403.56,450.14,1,-1,-1,-1
33,5,1415.13,286.29,1492.48,453.52,1,-1,-1,-1
33,6,1532.63,264.22,1641.67,496.46,1,-1,-1,-1
34,2,923.20,347.17,956.87,424.17,1,-1,-1,-1
34,4,1328.07,288.59,1406.69,456.38,1,-1,-1,-1
34,5,1420.79,294.66,1496.62,458.28,1,-1,-1,-1
35,2,923.33,351.11,959.90,434.73,1,-1,-1,-1
35,4,1333.84,299.10,1411.48,464.51,1,-1,-1,-1
35,5,1422.82,298.57,1497.53,459.76,1,-1,-1,-1
35,6,1533.37,284.33,1640.09,512.03,1,-1,-1,-1
36,2,925.30,362.14,961.00,443.75,1,-1,-1,-1
36,4,1336.50,308.38,1413.48,472.86,1,-1,-1,-1
36,6,1531.96,290.21,1637.25,514.87,1,-1,-1,-1
37,2,928.36,369.76,965.00,453.80,1,-1,-1,-1
37,4,1342.66,319.04,1417.55,477.89,1,-1,-1,-1
37,6,1533.05,299.25,1640.02,527.64,1,-1,-1,-1
38,2,931.34,377.07,968.51,462.65,1,-1,-1,-1
38,4,1343.16,321.60,1422.13,488.36,1,-1,-1,-1
38,6,1531.93,305.51,1637.86,531.68,1,-1,-1,-1
39,2,932.60,381.18,970.14,467.59,1,-1,-1,-1
39,4,1344.99,317.93,1430.55,498.61,1,-1,-1,-1
40,2,935.57,386.60,973.41,473.66,1,-1,-1,-1
40,4,1351.03,323.48,1436.00,503.71,1,-1,-1,-1
41,2,938.79,392.95,974.61,475.57,1,-1,-1,-1
41,4,1352.99,324.26,1439.08,507.48,1,-1,-1,-1
42,2,942.94,392.43,978.67,474.74,1,-1,-1,-1
42,4,1354.29,324.46,1440.85,508.77,1,-1,-1,-1
42,9,1533.77,335.02,1626.98,522.91,1,-1,-1,-1
43,2,944.81,396.35,980.65,478.89,1,-1,-1,-1
43,4,1363.68,325.73,1449.39,508.44,1,-1,-1,-1
43,9,1534.62,337.74,1626.10,522.15,1,-1,-1,-1
44,2,953.27,398.50,985.93,473.65,1,-1,-1,-1
44,4,1373.09,333.33,1455.85,509.46,1,-1,-1,-1
44,9,1537.39,334.69,1636.98,535.33,1,-1,-1,-1
45,2,959.06,397.15,992.69,474.84,1,-1,-1,-1
45,4,1382.97,339.44,1461.74,507.00,1,-1,-1,-1
45,9,1538.47,330.29,1639.56,533.87,1,-1,-1,-1
45,11,913.01,426.69,980.41,574.35,1,-1,-1,-1
46,2,964.05,392.14,999.77,474.60,1,-1,-1,-1
46,4,1388.37,344.28,1463.23,502.55,1,-1,-1,-1
46,9,1542.39,326.62,1645.74,534.60,1,-1,-1,-1
46,11,919.36,424.55,988.16,575.04,1,-1,-1,-1
47,2,971.37,390.86,1007.19,473.81,1,-1,-1,-1
47,4,1401.81,341.81,1479.17,504.87,1,-1,-1,-1
47,9,1551.62,332.05,1649.51,528.70,1,-1,-1,-1
47,11,924.80,419.50,997.93,579.59,1,-1,-1,-1
48,2,978.87,391.56,1013.04,470.75,1,-1,-1,-1
48,4,1411.53,340.22,1490.27,506.32,1,-1,-1,-1
48,9,1554.20,332.78,1651.51,527.02,1,-1,-1,-1
48,11,929.30,417.37,1004.22,581.39,1,-1,-1,-1
49,2,982.79,391.06,1016.54,469.44,1,-1,-1,-1
49,4,1415.16,338.86,1494.76,506.79,1,-1,-1,-1
49,9,1557.19,333.10,1654.46,527.26,1,-1,-1,-1
50,2,987.56,385.50,1022.89,467.58,1,-1,-1,-1
50,4,1421.74,327.70,1507.96,509.53,1,-1,-1,-1
50,11,938.43,406.91,1017.45,579.77,1,-1,-1,-1
51,2,992.57,381.48,1029.62,467.52,1,-1,-1,-1
51,4,1428.49,322.90,1517.38,509.88,1,-1,-1,-1
51,11,942.95,403.85,1023.84,580.78,1,-1,-1,-1
52,2,995.47,379.92,1032.28,465.54,1,-1,-1,-1
52,4,1430.26,319.03,1522.15,511.87,1,-1,-1,-1
53,2,999.55,379.86,1036.61,466.07,1,-1,-1,-1
53,4,1435.43,317.54,1528.12,511.95,1,-1,-1,-1
54,4,1437.09,316.97,1530.34,512.55,1,-1,-1,-1
55,4,1437.71,316.78,1531.43,512.73,1,-1,-1,-1
56,2,1003.26,379.96,1038.48,461.81,1,-1,-1,-1
56,4,1442.41,316.20,1537.08,514.12,1,-1,-1,-1
57,2,1003.33,376.47,1039.18,459.84,1,-1,-1,-1
58,2,1003.54,375.36,1039.35,458.56,1,-1,-1,-1
58,5,1535.97,301.20,1641.59,528.92,1,-1,-1,-1
59,2,1003.27,373.64,1039.55,458.08,1,-1,-1,-1
59,5,1538.17,299.49,1645.11,531.40,1,-1,-1,-1
60,2,1003.91,372.35,1040.68,457.91,1,-1,-1,-1
60,5,1542.92,299.55,1651.19,534.37,1,-1,-1,-1
61,2,1003.33,370.57,1041.10,458.52,1,-1,-1,-1
62,2,1002.89,370.57,1040.68,458.76,1,-1,-1,-1
63,2,1001.36,369.95,1039.10,458.20,1,-1,-1,-1
64,2,995.27,363.17,1035.99,458.65,1,-1,-1,-1
65,2,993.83,367.67,1032.08,457.55,1,-1,-1,-1
66,2,994.14,366.89,1032.62,457.31,1,-1,-1,-1
67,2,981.46,360.58,1023.11,458.57,1,-1,-1,-1
68,2,980.47,359.25,1022.65,458.49,1,-1,-1,-1
69,2,974.73,362.58,1014.16,455.80,1,-1,-1,-1
70,2,973.30,361.68,1012.97,455.47,1,-1,-1,-1
70,13,925.11,338.31,984.03,478.52,1,-1,-1,-1
71,13,954.70,359.56,995.90,457.62,1,-1,-1,-1
72,13,959.19,364.54,995.99,452.21,1,-1,-1,-1
73,13,959.01,364.81,995.59,451.86,1,-1,-1,-1
74,13,953.66,366.30,988.07,448.13,1,-1,-1,-1
75,13,953.43,367.37,987.05,447.16,1,-1,-1,-1
76,13,864.09,305.93,941.12,488.35,1,-1,-1,-1
77,13,891.73,327.44,951.10,468.22,1,-1,-1,-1
78,13,911.91,343.39,958.97,454.78,1,-1,-1,-1
79,2,931.29,356.88,967.96,443.33,1,-1,-1,-1
79,13,837.05,282.40,928.10,497.20,1,-1,-1,-1
80,2,922.16,345.90,964.82,446.45,1,-1,-1,-1
80,13,813.01,264.37,917.38,509.60,1,-1,-1,-1
81,2,919.77,343.43,963.18,445.97,1,-1,-1,-1
81,13,802.04,255.53,913.05,515.48,1,-1,-1,-1
82,2,918.37,341.22,963.37,447.74,1,-1,-1,-1
82,13,805.62,260.53,912.51,510.01,1,-1,-1,-1
83,2,918.67,346.22,961.53,447.80,1,-1,-1,-1
83,13,802.19,258.60,911.11,512.09,1,-1,-1,-1
84,2,918.31,342.36,963.03,448.51,1,-1,-1,-1
84,13,807.97,264.84,911.93,505.99,1,-1,-1,-1
85,2,917.63,339.67,963.55,448.77,1,-1,-1,-1
85,13,810.84,266.17,913.92,504.36,1,-1,-1,-1
86,2,914.92,338.10,961.46,448.65,1,-1,-1,-1
86,13,247.94,230.11,363.52,495.28,1,-1,-1,-1
86,22,611.70,103.20,817.31,584.80,1,-1,-1,-1
87,2,916.81,331.54,965.03,446.60,1,-1,-1,-1
87,13,581.65,257.86,684.49,493.03,1,-1,-1,-1
87,22,611.36,105.56,814.95,582.44,1,-1,-1,-1
88,2,918.02,332.45,963.93,442.81,1,-1,-1,-1
88,13,737.99,268.22,833.48,486.30,1,-1,-1,-1
89,2,918.76,328.90,963.39,436.76,1,-1,-1,-1
89,13,205.07,209.17,327.93,491.63,1,-1,-1,-1
89,22,604.61,73.54,823.86,587.33,1,-1,-1,-1
90,2,917.06,326.95,962.01,435.58,1,-1,-1,-1
90,13,22.97,189.71,152.81,489.48,1,-1,-1,-1
90,22,613.59,80.55,825.43,577.23,1,-1,-1,-1
91,2,918.35,320.34,962.31,427.09,1,-1,-1,-1
91,13,-50.42,173.73,81.97,480.89,1,-1,-1,-1
91,22,617.16,79.14,825.65,568.11,1,-1,-1,-1
91,25,841.82,272.92,924.37,461.47,1,-1,-1,-1
92,2,916.94,317.91,961.11,425.16,1,-1,-1,-1
92,13,-73.66,161.99,60.46,474.03,1,-1,-1,-1
92,22,612.06,60.95,830.67,573.87,1,-1,-1,-1
92,25,844.89,273.57,924.42,455.23,1,-1,-1,-1
93,5,1403.46,230.40,1521.03,485.81,1,-1,-1,-1
93,13,-78.01,160.25,53.47,466.78,1,-1,-1,-1
93,22,611.60,66.46,823.12,563.39,1,-1,-1,-1
93,25,868.67,283.70,934.02,433.16,1,-1,-1,-1
94,5,1397.19,227.81,1514.80,483.33,1,-1,-1,-1
94,13,-71.85,156.95,57.58,459.31,1,-1,-1,-1
94,22,615.77,68.95,823.87,558.76,1,-1,-1,-1
94,25,877.93,286.49,937.43,422.58,1,-1,-1,-1
95,13,-64.05,147.72,67.70,456.38,1,-1,-1,-1
95,22,618.84,72.71,823.28,555.17,1,-1,-1,-1
96,13,-119.65,136.37,16.67,455.73,1,-1,-1,-1
96,22,620.35,74.90,822.65,553.30,1,-1,-1,-1
96,25,874.00,274.83,940.28,426.77,1,-1,-1,-1
97,22,627.20,79.15,825.49,549.39,1,-1,-1,-1
97,25,872.63,270.03,942.55,430.48,1,-1,-1,-1
98,22,632.27,85.50,824.65,542.70,1,-1,-1,-1
98,25,870.11,264.22,945.05,436.18,1,-1,-1,-1
98,26,-17.25,143.40,112.26,459.82,1,-1,-1,-1
99,22,627.35,67.61,831.04,551.19,1,-1,-1,-1
99,25,868.51,255.54,947.11,435.82,1,-1,-1,-1
99,26,-6.95,142.81,122.33,458.65,1,-1,-1,-1
100,22,628.42,65.39,832.15,549.08,1,-1,-1,-1
100,25,866.46,249.65,948.48,437.74,1,-1,-1,-1
100,26,-4.88,138.28,128.21,463.37,1,-1,-1,-1
101,5,1298.10,265.20,1385.48,448.57,1,-1,-1,-1
101,25,865.37,246.17,949.79,439.85,1,-1,-1,-1
101,26,-0.16,135.39,135.66,467.05,1,-1,-1,-1
102,5,1287.09,267.56,1371.41,444.53,1,-1,-1,-1
102,13,-32.94,136.03,110.64,473.13,1,-1,-1,-1
102,22,615.63,27.20,842.60,564.41,1,-1,-1,-1
102,25,865.14,250.11,949.96,444.62,1,-1,-1,-1
102,26,3.70,133.23,141.19,468.96,1,-1,-1,-1
103,13,-9.63,141.17,134.37,480.36,1,-1,-1,-1
103,22,611.24,15.92,846.70,571.98,1,-1,-1,-1
103,25,870.32,254.38,953.06,443.93,1,-1,-1,-1
104,13,0.15,140.53,146.44,486.55,1,-1,-1,-1
104,22,609.70,12.46,848.10,574.16,1,-1,-1,-1
104,25,873.54,259.46,952.88,441.06,1,-1,-1,-1
105,13,9.46,145.62,155.34,492.08,1,-1,-1,-1
105,22,608.30,9.41,849.39,576.28,1,-1,-1,-1
105,25,875.44,263.46,951.29,437.34,1,-1,-1,-1
106,13,11.23,141.93,162.02,501.34,1,-1,-1,-1
106,22,603.37,9.08,845.17,576.42,1,-1,-1,-1
106,25,871.23,263.64,947.36,438.03,1,-1,-1,-1
107,13,561.28,221.34,661.99,460.24,1,-1,-1,-1
107,22,602.12,3.88,846.50,577.27,1,-1,-1,-1
107,25,872.39,263.17,948.25,436.95,1,-1,-1,-1
108,13,802.67,255.21,882.33,443.58,1,-1,-1,-1
108,22,605.49,60.33,817.34,558.07,1,-1,-1,-1
108,26,28.28,145.79,177.51,510.57,1,-1,-1,-1
109,13,866.68,267.92,937.33,434.57,1,-1,-1,-1
109,22,607.06,75.14,809.55,552.06,1,-1,-1,-1
109,26,34.15,145.33,185.17,515.11,1,-1,-1,-1
110,13,883.51,274.13,948.95,428.43,1,-1,-1,-1
110,22,602.08,78.47,802.99,552.19,1,-1,-1,-1
110,26,42.49,153.06,190.63,516.01,1,-1,-1,-1
111,13,271.78,189.17,399.09,490.65,1,-1,-1,-1
111,22,602.75,84.97,798.32,546.90,1,-1,-1,-1
111,25,867.36,275.70,932.27,424.71,1,-1,-1,-1
111,26,47.09,154.04,196.61,520.35,1,-1,-1,-1
112,13,104.92,154.32,255.49,512.81,1,-1,-1,-1
112,22,610.06,108.26,789.03,532.15,1,-1,-1,-1
112,25,866.71,276.16,930.81,423.70,1,-1,-1,-1
113,13,28.55,129.92,193.20,523.02,1,-1,-1,-1
113,22,606.62,113.23,782.25,530.27,1,-1,-1,-1
113,25,859.65,271.53,928.36,429.51,1,-1,-1,-1
114,13,-0.50,119.53,169.77,527.05,1,-1,-1,-1
114,22,601.02,115.48,774.87,529.04,1,-1,-1,-1
114,25,852.56,269.91,922.94,431.55,1,-1,-1,-1
115,13,-7.45,117.57,162.86,526.43,1,-1,-1,-1
115,22,593.05,98.42,777.69,538.23,1,-1,-1,-1
115,25,850.42,270.59,920.32,431.06,1,-1,-1,-1
116,13,491.76,205.16,603.62,472.80,1,-1,-1,-1
116,22,586.66,93.57,773.77,539.58,1,-1,-1,-1
116,25,848.76,270.58,918.49,430.66,1,-1,-1,-1
117,13,741.52,247.91,824.84,446.60,1,-1,-1,-1
117,22,584.85,93.58,771.21,538.19,1,-1,-1,-1
117,26,58.17,123.36,221.59,525.36,1,-1,-1,-1
118,13,228.91,182.11,360.04,495.61,1,-1,-1,-1
118,22,575.71,83.58,770.32,547.66,1,-1,-1,-1
118,25,847.28,265.84,921.25,435.92,1,-1,-1,-1
118,26,61.43,121.40,226.72,528.01,1,-1,-1,-1
119,5,1120.39,202.10,1245.48,471.91,1,-1,-1,-1
119,13,88.80,159.34,237.87,515.76,1,-1,-1,-1
119,22,571.15,77.25,771.31,553.79,1,-1,-1,-1
119,25,848.75,273.13,920.55,438.05,1,-1,-1,-1
120,5,1111.36,202.02,1238.66,478.15,1,-1,-1,-1
120,13,28.83,151.73,186.36,528.94,1,-1,-1,-1
120,22,567.72,76.36,768.58,554.57,1,-1,-1,-1
120,25,858.34,281.14,928.66,442.82,1,-1,-1,-1
121,5,1103.63,206.82,1232.66,485.21,1,-1,-1,-1
121,13,6.83,143.66,172.47,540.87,1,-1,-1,-1
121,22,563.32,72.79,776.74,579.76,1,-1,-1,-1
121,25,861.85,287.41,932.42,449.89,1,-1,-1,-1
122,5,1099.35,212.74,1230.73,494.37,1,-1,-1,-1
122,13,502.54,236.14,610.16,494.02,1,-1,-1,-1
122,22,557.21,61.37,783.00,596.11,1,-1,-1,-1
122,25,862.20,289.09,932.71,451.46,1,-1,-1,-1
122,26,70.38,166.31,224.50,543.48,1,-1,-1,-1
123,5,1089.75,210.30,1223.12,496.18,1,-1,-1,-1
123,13,175.71,199.93,314.24,533.00,1,-1,-1,-1
123,22,558.37,84.06,773.63,593.80,1,-1,-1,-1
123,25,866.12,307.33,932.13,459.25,1,-1,-1,-1
123,26,73.33,168.67,227.74,546.52,1,-1,-1,-1
124,5,1090.49,244.37,1215.08,511.37,1,-1,-1,-1
124,13,90.92,196.13,235.76,545.14,1,-1,-1,-1
124,22,563.90,97.95,774.35,597.21,1,-1,-1,-1
124,25,870.60,318.57,937.49,472.96,1,-1,-1,-1
125,5,1092.44,267.53,1209.97,518.69,1,-1,-1,-1
125,13,552.04,271.19,651.52,510.11,1,-1,-1,-1
125,22,564.29,104.43,775.78,606.29,1,-1,-1,-1
125,25,871.75,322.91,938.30,476.51,1,-1,-1,-1
126,5,1087.03,273.66,1204.56,524.55,1,-1,-1,-1
126,13,785.32,313.79,860.63,494.44,1,-1,-1,-1
126,22,574.65,123.23,776.07,601.67,1,-1,-1,-1
126,26,113.39,224.35,244.21,543.42,1,-1,-1,-1
127,5,1079.13,275.57,1197.28,527.77,1,-1,-1,-1
127,13,854.31,324.71,924.48,492.53,1,-1,-1,-1
127,22,585.09,150.48,769.91,590.26,1,-1,-1,-1
127,26,125.47,237.00,249.02,537.70,1,-1,-1,-1
128,13,872.35,326.17,942.70,493.45,1,-1,-1,-1
128,22,586.91,155.59,769.11,589.94,1,-1,-1,-1
128,26,132.21,244.71,252.97,538.64,1,-1,-1,-1
129,13,677.13,208.43,824.86,560.48,1,-1,-1,-1
129,22,587.47,161.82,767.67,591.41,1,-1,-1,-1
130,2,866.24,330.75,931.72,486.69,1,-1,-1,-1
130,13,620.42,172.96,791.54,581.62,1,-1,-1,-1
130,25,884.96,335.61,953.75,494.02,1,-1,-1,-1
131,2,864.93,331.62,931.01,488.98,1,-1,-1,-1
131,13,592.18,157.20,773.00,589.78,1,-1,-1,-1
131,25,879.02,327.49,952.23,495.82,1,-1,-1,-1
132,4,1563.76,255.01,1683.63,518.08,1,-1,-1,-1
132,13,581.96,144.62,771.46,599.13,1,-1,-1,-1
132,25,887.41,331.89,959.42,497.12,1,-1,-1,-1
133,4,1566.74,258.62,1681.17,515.58,1,-1,-1,-1
133,13,578.59,139.90,771.06,602.62,1,-1,-1,-1
133,25,887.72,336.80,956.58,494.83,1,-1,-1,-1
134,4,1572.96,260.98,1684.41,514.19,1,-1,-1,-1
134,13,579.24,139.90,770.82,601.68,1,-1,-1,-1
134,25,887.15,337.19,955.99,495.14,1,-1,-1,-1
135,4,1574.47,261.37,1685.30,513.19,1,-1,-1,-1
135,5,1000.26,236.39,1153.78,565.48,1,-1,-1,-1
135,13,582.39,145.00,769.16,595.75,1,-1,-1,-1
135,25,888.52,341.24,953.45,490.54,1,-1,-1,-1
136,4,1580.73,263.63,1692.99,520.38,1,-1,-1,-1
136,5,991.21,234.35,1147.59,569.56,1,-1,-1,-1
136,13,846.57,203.57,1001.52,574.39,1,-1,-1,-1
136,25,896.45,333.15,964.56,490.01,1,-1,-1,-1
137,4,1586.58,263.41,1699.96,523.80,1,-1,-1,-1
137,13,954.21,231.24,1096.79,571.00,1,-1,-1,-1
137,22,602.18,157.59,782.74,589.41,1,-1,-1,-1
137,25,898.42,333.55,968.63,495.04,1,-1,-1,-1
138,4,1595.14,270.80,1705.89,526.32,1,-1,-1,-1
138,13,991.11,245.88,1129.58,574.31,1,-1,-1,-1
138,22,608.57,163.90,787.19,591.96,1,-1,-1,-1
138,25,890.79,325.16,969.29,505.42,1,-1,-1,-1
139,4,1598.90,272.44,1709.50,527.61,1,-1,-1,-1
139,13,1408.52,264.12,1527.74,546.41,1,-1,-1,-1
139,22,607.87,159.46,791.68,599.48,1,-1,-1,-1
139,25,889.79,330.83,967.65,509.30,1,-1,-1,-1
140,4,1609.65,278.02,1719.90,533.78,1,-1,-1,-1
140,13,1138.28,267.30,1265.85,567.45,1,-1,-1,-1
140,22,607.58,161.69,793.95,608.13,1,-1,-1,-1
140,25,883.47,329.92,964.21,514.64,1,-1,-1,-1
141,4,1616.31,278.00,1728.10,537.97,1,-1,-1,-1
141,5,992.73,276.50,1126.34,565.57,1,-1,-1,-1
141,13,974.33,298.79,1078.94,543.87,1,-1,-1,-1
141,22,608.22,169.04,793.95,613.36,1,-1,-1,-1
141,25,883.69,330.54,965.48,517.68,1,-1,-1,-1
142,4,1624.59,280.63,1734.19,536.08,1,-1,-1,-1
142,5,987.95,277.29,1121.46,568.73,1,-1,-1,-1
142,13,833.86,298.67,935.98,537.04,1,-1,-1,-1
142,22,609.12,163.86,801.10,623.18,1,-1,-1,-1
142,25,882.73,323.43,970.47,523.98,1,-1,-1,-1
143,4,1627.45,276.84,1736.95,532.58,1,-1,-1,-1
143,5,984.28,282.29,1113.13,565.03,1,-1,-1,-1
143,13,665.74,201.41,836.59,601.33,1,-1,-1,-1
143,22,610.37,165.38,803.06,626.40,1,-1,-1,-1
143,25,879.40,313.40,975.57,532.94,1,-1,-1,-1
144,4,1628.61,275.37,1737.50,530.56,1,-1,-1,-1
144,5,978.70,284.22,1107.46,566.76,1,-1,-1,-1
144,13,613.50,185.23,796.72,615.40,1,-1,-1,-1
144,25,878.90,311.54,976.73,535.03,1,-1,-1,-1
145,4,1632.63,272.78,1742.38,529.76,1,-1,-1,-1
145,13,593.99,180.31,780.42,619.54,1,-1,-1,-1
145,25,878.81,312.10,976.38,535.07,1,-1,-1,-1
146,4,1637.08,273.30,1746.84,530.29,1,-1,-1,-1
146,13,589.02,180.19,775.26,620.10,1,-1,-1,-1
146,25,879.63,313.65,975.96,533.65,1,-1,-1,-1
146,42,1131.32,348.26,1207.68,511.73,1,-1,-1,-1
147,4,1640.86,270.84,1748.20,522.36,1,-1,-1,-1
147,13,587.44,186.34,768.22,614.22,1,-1,-1,-1
147,25,877.62,323.40,968.96,531.67,1,-1,-1,-1
147,42,1130.91,347.34,1208.09,512.61,1,-1,-1,-1
148,4,1643.19,271.01,1749.20,519.94,1,-1,-1,-1
148,13,589.51,181.01,774.22,619.11,1,-1,-1,-1
148,25,882.06,328.54,970.26,529.41,1,-1,-1,-1
148,42,1130.83,345.57,1209.64,514.39,1,-1,-1,-1
149,4,1648.27,271.07,1753.84,519.10,1,-1,-1,-1
149,5,945.29,288.36,1066.88,558.14,1,-1,-1,-1
149,13,590.39,186.17,770.48,613.83,1,-1,-1,-1
149,25,883.78,331.10,969.98,527.15,1,-1,-1,-1
149,42,1134.87,346.40,1213.19,514.27,1,-1,-1,-1
150,4,1650.33,269.75,1756.42,519.48,1,-1,-1,-1
150,5,938.86,288.52,1058.81,556.67,1,-1,-1,-1
150,13,592.25,187.46,771.10,612.58,1,-1,-1,-1
150,25,881.95,322.68,972.31,528.24,1,-1,-1,-1
150,42,1136.83,347.43,1213.90,512.80,1,-1,-1,-1
151,4,1654.30,269.75,1760.17,518.95,1,-1,-1,-1
151,5,932.62,289.81,1051.97,556.62,1,-1,-1,-1
151,13,1270.05,236.86,1403.36,554.19,1,-1,-1,-1
151,25,881.41,319.59,973.01,527.96,1,-1,-1,-1
151,42,1138.65,348.50,1214.31,510.87,1,-1,-1,-1
152,4,1657.81,270.73,1761.88,516.53,1,-1,-1,-1
152,13,1307.30,234.61,1441.53,554.14,1,-1,-1,-1
152,22,598.91,128.82,816.08,647.29,1,-1,-1,-1
152,25,881.44,319.05,973.01,527.14,1,-1,-1,-1
152,42,1139.11,348.89,1214.56,510.86,1,-1,-1,-1
153,4,1662.63,268.90,1767.82,517.30,1,-1,-1,-1
153,22,597.24,124.94,817.52,649.31,1,-1,-1,-1
153,25,881.42,318.86,973.00,526.76,1,-1,-1,-1
153,42,1139.10,349.02,1214.74,511.55,1,-1,-1,-1
154,4,1664.43,267.61,1770.35,517.57,1,-1,-1,-1
154,22,594.17,117.72,820.51,655.88,1,-1,-1,-1
154,25,873.02,309.59,972.80,535.79,1,-1,-1,-1
154,42,1139.49,350.41,1214.33,511.14,1,-1,-1,-1
155,4,1668.19,267.36,1774.01,517.10,1,-1,-1,-1
155,22,592.30,113.09,822.96,660.24,1,-1,-1,-1
155,25,869.42,304.89,973.22,539.76,1,-1,-1,-1
155,42,1140.02,350.92,1214.39,510.32,1,-1,-1,-1
156,4,1670.87,263.13,1776.71,513.80,1,-1,-1,-1
156,13,1556.79,260.34,1663.22,514.06,1,-1,-1,-1
156,22,592.03,102.32,831.84,670.25,1,-1,-1,-1
156,25,868.30,303.71,973.08,540.64,1,-1,-1,-1
156,42,1144.91,353.11,1217.05,507.33,1,-1,-1,-1
157,4,1675.20,260.80,1782.43,515.03,1,-1,-1,-1
157,13,1604.52,261.72,1708.61,509.84,1,-1,-1,-1
157,22,591.35,98.74,834.27,674.02,1,-1,-1,-1
157,25,863.33,308.49,967.87,544.78,1,-1,-1,-1
157,42,1146.26,353.72,1217.84,506.73,1,-1,-1,-1
158,4,1678.90,259.95,1786.25,514.48,1,-1,-1,-1
158,22,615.15,130.81,835.53,652.83,1,-1,-1,-1
158,25,865.65,320.83,960.97,535.89,1,-1,-1,-1
159,4,1682.39,268.35,1791.32,526.42,1,-1,-1,-1
159,13,730.89,142.42,941.06,642.49,1,-1,-1,-1
159,22,616.70,130.48,837.85,654.33,1,-1,-1,-1
159,25,860.93,323.05,955.19,535.63,1,-1,-1,-1
160,4,1686.07,268.46,1795.26,527.15,1,-1,-1,-1
160,13,640.74,128.00,864.34,658.40,1,-1,-1,-1
160,25,859.44,323.50,953.91,536.55,1,-1,-1,-1
161,13,608.96,139.57,825.96,654.87,1,-1,-1,-1
161,46,789.65,303.89,904.18,572.93,1,-1,-1,-1
162,13,533.03,126.54,761.08,668.08,1,-1,-1,-1
162,25,825.11,307.11,938.79,564.33,1,-1,-1,-1
162,46,619.52,312.04,734.39,581.87,1,-1,-1,-1
163,13,598.95,140.85,817.41,659.20,1,-1,-1,-1
163,25,820.35,305.76,936.21,567.94,1,-1,-1,-1
164,13,609.06,129.17,837.61,671.02,1,-1,-1,-1
164,49,1589.76,281.70,1695.90,533.46,1,-1,-1,-1
165,13,608.53,117.30,847.27,682.95,1,-1,-1,-1
165,49,1605.52,283.85,1710.03,531.46,1,-1,-1,-1
166,13,551.68,105.89,800.23,694.81,1,-1,-1,-1
166,49,1610.20,283.03,1715.55,532.25,1,-1,-1,-1
167,49,1609.58,280.80,1713.05,525.39,1,-1,-1,-1
168,4,1703.49,269.97,1814.51,532.04,1,-1,-1,-1
168,13,1364.55,238.66,1501.99,562.46,1,-1,-1,-1
168,49,1644.80,284.52,1744.13,519.34,1,-1,-1,-1
169,4,1703.79,265.19,1815.31,528.75,1,-1,-1,-1
169,13,1377.47,238.96,1514.83,562.57,1,-1,-1,-1
169,22,744.04,147.43,935.72,598.98,1,-1,-1,-1
169,49,1608.84,269.12,1715.55,521.64,1,-1,-1,-1
170,4,1706.36,264.88,1818.14,529.04,1,-1,-1,-1
170,13,632.83,392.71,682.13,508.20,1,-1,-1,-1
170,22,751.30,148.86,936.63,584.81,1,-1,-1,-1
170,49,1607.83,266.89,1715.09,520.57,1,-1,-1,-1
171,13,731.81,133.38,927.77,592.63,1,-1,-1,-1
171,22,760.28,149.95,943.26,580.36,1,-1,-1,-1
171,49,1606.54,265.42,1714.35,520.36,1,-1,-1,-1
172,13,715.77,98.73,930.93,603.45,1,-1,-1,-1
172,49,1608.66,262.20,1719.00,523.14,1,-1,-1,-1
173,13,715.86,78.59,941.93,609.27,1,-1,-1,-1
173,49,1609.15,260.38,1720.78,524.26,1,-1,-1,-1
174,13,727.43,73.04,955.91,610.15,1,-1,-1,-1
174,49,1609.06,260.40,1720.73,524.11,1,-1,-1,-1
175,13,733.89,76.32,962.90,614.56,1,-1,-1,-1
175,49,1613.37,261.79,1724.13,523.47,1,-1,-1,-1
176,4,1725.98,260.17,1833.84,515.89,1,-1,-1,-1
176,13,1266.53,172.97,1430.24,558.97,1,-1,-1,-1
176,49,1622.22,261.07,1732.63,521.90,1,-1,-1,-1
177,4,1728.88,259.63,1836.57,514.97,1,-1,-1,-1
177,13,1519.91,223.21,1650.60,531.74,1,-1,-1,-1
177,22,788.57,130.08,982.50,585.69,1,-1,-1,-1
178,4,1727.16,259.02,1835.05,514.81,1,-1,-1,-1
178,13,1602.75,241.24,1721.71,522.36,1,-1,-1,-1
178,22,793.91,126.90,990.17,588.74,1,-1,-1,-1
179,4,1729.58,258.47,1837.34,513.96,1,-1,-1,-1
179,13,1628.87,247.75,1743.48,518.48,1,-1,-1,-1
179,22,808.87,148.73,989.52,575.45,1,-1,-1,-1
180,13,1637.86,249.32,1747.72,508.70,1,-1,-1,-1
180,22,818.60,157.33,993.29,571.02,1,-1,-1,-1
181,13,1639.03,249.17,1744.82,498.83,1,-1,-1,-1
181,22,828.68,154.29,1006.52,576.27,1,-1,-1,-1
182,5,486.90,135.39,715.86,665.78,1,-1,-1,-1
182,13,1636.70,247.52,1742.09,496.03,1,-1,-1,-1
182,22,839.39,159.13,1013.15,572.24,1,-1,-1,-1
182,25,834.19,243.60,974.69,560.24,1,-1,-1,-1
183,5,471.75,129.87,704.74,669.61,1,-1,-1,-1
183,13,1663.19,241.20,1770.10,493.30,1,-1,-1,-1
183,22,838.99,150.18,1020.09,581.52,1,-1,-1,-1
183,25,834.59,240.44,976.42,560.08,1,-1,-1,-1
183,49,1621.40,238.75,1730.04,495.66,1,-1,-1,-1
183,51,695.52,191.75,877.45,609.48,1,-1,-1,-1
184,22,846.10,150.51,1026.83,580.98,1,-1,-1,-1
184,25,835.61,241.07,976.62,559.18,1,-1,-1,-1
184,49,1077.15,172.47,1239.96,558.77,1,-1,-1,-1
184,51,680.36,185.89,867.20,615.13,1,-1,-1,-1
185,13,820.33,197.93,987.80,592.20,1,-1,-1,-1
185,22,847.39,153.30,1025.56,578.54,1,-1,-1,-1
185,25,836.07,238.29,978.21,558.95,1,-1,-1,-1
185,49,1362.07,205.28,1496.47,524.39,1,-1,-1,-1
185,51,672.72,184.00,861.13,616.85,1,-1,-1,-1
186,13,693.35,187.27,873.05,609.40,1,-1,-1,-1
186,22,848.33,153.29,1025.90,577.93,1,-1,-1,-1
186,49,1519.78,224.00,1638.73,506.41,1,-1,-1,-1
187,4,1617.22,239.53,1724.41,494.47,1,-1,-1,-1
187,13,643.05,188.56,822.71,610.52,1,-1,-1,-1
187,22,854.17,153.81,1031.21,577.20,1,-1,-1,-1
187,49,1057.08,176.46,1215.25,553.05,1,-1,-1,-1
188,4,1606.47,237.27,1714.84,494.97,1,-1,-1,-1
188,13,553.35,179.04,741.59,621.13,1,-1,-1,-1
188,22,852.02,146.25,1034.70,583.93,1,-1,-1,-1
188,26,1718.50,235.05,1826.26,495.01,1,-1,-1,-1
188,49,804.85,183.51,971.43,580.36,1,-1,-1,-1
189,4,1602.78,237.84,1710.38,493.79,1,-1,-1,-1
189,22,845.66,135.95,1033.24,584.67,1,-1,-1,-1
189,26,1745.94,234.49,1853.59,494.20,1,-1,-1,-1
189,49,1339.73,214.69,1471.19,528.52,1,-1,-1,-1
190,4,1597.76,242.75,1704.33,495.40,1,-1,-1,-1
190,22,844.08,134.85,1031.19,582.32,1,-1,-1,-1
190,26,1730.18,235.38,1837.48,494.52,1,-1,-1,-1
190,49,860.58,207.39,1011.33,567.00,1,-1,-1,-1
191,4,1592.07,242.00,1697.82,492.07,1,-1,-1,-1
191,22,849.42,137.11,1033.98,578.78,1,-1,-1,-1
191,25,815.30,277.71,930.44,536.25,1,-1,-1,-1
191,26,1755.99,234.88,1863.18,493.75,1,-1,-1,-1
191,49,1362.27,223.04,1488.50,524.56,1,-1,-1,-1
191,51,656.55,212.80,813.89,575.54,1,-1,-1,-1
192,4,1590.36,243.08,1694.88,489.55,1,-1,-1,-1
192,22,853.18,142.00,1033.03,572.81,1,-1,-1,-1
192,25,815.58,284.48,925.43,531.01,1,-1,-1,-1
192,49,867.81,218.78,1008.96,556.27,1,-1,-1,-1
192,51,652.10,215.28,806.67,571.64,1,-1,-1,-1
193,4,1586.19,245.52,1688.54,486.66,1,-1,-1,-1
193,22,852.68,139.88,1033.60,574.58,1,-1,-1,-1
193,25,808.74,282.09,921.04,533.78,1,-1,-1,-1
193,49,700.87,216.03,848.06,567.90,1,-1,-1,-1
194,4,1575.43,245.11,1677.84,486.32,1,-1,-1,-1
194,22,855.69,139.33,1036.52,573.83,1,-1,-1,-1
194,25,806.64,283.87,917.42,532.15,1,-1,-1,-1
194,49,766.81,164.39,938.67,576.26,1,-1,-1,-1
195,4,1571.01,244.96,1673.48,486.26,1,-1,-1,-1
195,49,791.78,145.85,972.09,578.86,1,-1,-1,-1
195,51,634.29,224.83,780.43,563.70,1,-1,-1,-1
196,4,1564.66,244.75,1666.63,484.88,1,-1,-1,-1
196,49,803.56,142.71,983.56,575.92,1,-1,-1,-1
196,51,626.78,223.62,773.09,564.32,1,-1,-1,-1
197,4,1552.30,248.04,1656.30,492.53,1,-1,-1,-1
197,49,812.62,145.04,989.62,572.54,1,-1,-1,-1
197,51,609.33,221.20,757.30,567.23,1,-1,-1,-1
198,4,1545.29,248.22,1649.05,492.16,1,-1,-1,-1
198,25,755.72,273.27,876.25,542.77,1,-1,-1,-1
198,49,1268.57,213.43,1396.63,520.66,1,-1,-1,-1
198,51,602.08,232.30,743.53,563.69,1,-1,-1,-1
199,4,1527.55,255.17,1628.06,490.38,1,-1,-1,-1
199,25,747.41,288.35,858.88,537.01,1,-1,-1,-1
199,49,952.34,170.28,1115.37,561.85,1,-1,-1,-1
199,51,589.02,234.35,729.81,565.21,1,-1,-1,-1
200,4,1519.43,256.07,1619.34,489.86,1,-1,-1,-1
200,25,740.58,289.82,851.20,536.60,1,-1,-1,-1
200,49,1284.94,223.32,1408.17,517.34,1,-1,-1,-1
200,51,568.53,230.29,712.94,570.54,1,-1,-1,-1
201,13,754.99,139.09,948.35,594.67,1,-1,-1,-1
201,49,1518.00,239.96,1629.17,505.17,1,-1,-1,-1
201,51,551.58,228.07,697.55,573.20,1,-1,-1,-1
202,13,796.89,135.60,986.91,585.05,1,-1,-1,-1
202,25,698.99,286.11,809.97,532.54,1,-1,-1,-1
202,49,1580.40,250.76,1686.14,502.88,1,-1,-1,-1
202,51,538.79,232.45,681.05,569.60,1,-1,-1,-1
203,13,801.29,137.12,987.88,578.99,1,-1,-1,-1
203,25,689.24,286.88,799.54,531.79,1,-1,-1,-1
203,49,1588.89,253.53,1693.90,503.62,1,-1,-1,-1
203,51,523.55,231.37,666.15,570.27,1,-1,-1,-1
204,13,798.82,134.45,982.69,570.66,1,-1,-1,-1
204,49,1581.37,254.34,1685.96,503.27,1,-1,-1,-1
204,51,509.37,226.94,652.04,566.55,1,-1,-1,-1
205,13,789.05,129.56,971.20,562.85,1,-1,-1,-1
205,49,1565.05,245.55,1673.67,503.92,1,-1,-1,-1
205,51,497.88,227.22,634.59,553.24,1,-1,-1,-1
206,13,774.37,123.19,959.65,564.13,1,-1,-1,-1
206,25,651.54,304.24,738.89,498.62,1,-1,-1,-1
206,49,1545.47,239.64,1654.36,498.84,1,-1,-1,-1
206,51,486.82,230.66,617.76,542.85,1,-1,-1,-1
207,13,758.41,113.64,946.41,562.02,1,-1,-1,-1
207,25,640.95,306.47,725.61,494.85,1,-1,-1,-1
207,49,1528.89,240.70,1634.44,492.30,1,-1,-1,-1
207,51,474.69,231.21,600.42,532.37,1,-1,-1,-1
208,13,745.48,94.29,940.36,559.32,1,-1,-1,-1
208,46,451.54,217.33,581.78,528.32,1,-1,-1,-1
208,49,1511.01,232.94,1618.34,489.26,1,-1,-1,-1
208,51,462.99,232.14,586.56,528.14,1,-1,-1,-1
209,13,733.42,91.75,926.83,553.78,1,-1,-1,-1
209,46,453.91,220.28,575.41,514.97,1,-1,-1,-1
209,49,1495.99,232.80,1601.41,484.24,1,-1,-1,-1
210,13,720.63,81.18,921.28,561.00,1,-1,-1,-1
210,25,587.06,276.79,686.57,497.90,1,-1,-1,-1
210,46,438.23,215.19,561.14,515.28,1,-1,-1,-1
210,49,1475.41,226.73,1581.17,479.11,1,-1,-1,-1
211,13,715.87,83.89,910.54,550.09,1,-1,-1,-1
211,25,579.15,264.63,684.71,499.15,1,-1,-1,-1
211,46,428.52,216.18,549.29,512.12,1,-1,-1,-1
211,49,1463.95,225.19,1568.84,475.99,1,-1,-1,-1
211,60,177.30,148.67,344.71,564.31,1,-1,-1,-1
212,13,702.00,82.03,900.11,556.50,1,-1,-1,-1
212,25,566.58,261.59,672.71,497.39,1,-1,-1,-1
212,46,414.96,214.66,533.40,505.64,1,-1,-1,-1
212,49,1448.95,221.99,1555.60,476.96,1,-1,-1,-1
212,60,163.98,144.55,331.61,560.90,1,-1,-1,-1
213,13,692.60,93.29,882.63,547.80,1,-1,-1,-1
213,25,546.67,238.27,668.27,509.66,1,-1,-1,-1
213,46,395.71,212.85,514.13,504.09,1,-1,-1,-1
213,49,1432.61,218.86,1541.78,480.06,1,-1,-1,-1
213,60,157.26,146.42,322.67,557.24,1,-1,-1,-1
214,13,682.49,89.78,873.03,545.52,1,-1,-1,-1
214,25,529.54,237.55,649.83,506.55,1,-1,-1,-1
214,46,379.58,214.30,495.88,500.96,1,-1,-1,-1
214,49,933.09,133.04,1098.59,528.57,1,-1,-1,-1
215,13,657.21,89.98,850.51,551.68,1,-1,-1,-1
215,25,515.94,232.97,637.98,505.88,1,-1,-1,-1
215,46,355.54,206.14,478.20,507.39,1,-1,-1,-1
215,49,1164.72,175.95,1299.28,498.03,1,-1,-1,-1
215,60,112.82,133.51,282.96,556.41,1,-1,-1,-1
216,13,638.67,95.04,828.13,546.74,1,-1,-1,-1
216,25,481.75,216.70,615.21,515.69,1,-1,-1,-1
216,46,1017.69,212.43,1128.64,484.80,1,-1,-1,-1
216,49,1124.77,168.54,1262.99,499.39,1,-1,-1,-1
216,60,100.22,132.22,269.90,553.98,1,-1,-1,-1
217,13,619.53,88.94,814.47,553.01,1,-1,-1,-1
217,25,467.13,225.79,594.78,512.12,1,-1,-1,-1
217,46,554.88,214.47,669.12,495.32,1,-1,-1,-1
217,49,1288.42,204.78,1402.62,478.68,1,-1,-1,-1
218,13,613.48,96.59,798.56,537.64,1,-1,-1,-1
218,25,451.86,221.41,581.41,512.02,1,-1,-1,-1
218,46,379.16,205.85,502.07,507.58,1,-1,-1,-1
218,49,1316.67,214.50,1423.19,470.24,1,-1,-1,-1
219,13,595.08,93.68,781.75,538.42,1,-1,-1,-1
219,46,305.24,203.98,430.81,512.16,1,-1,-1,-1
219,49,1311.58,218.18,1415.08,466.94,1,-1,-1,-1
219,60,35.54,101.59,230.12,585.27,1,-1,-1,-1
220,13,579.68,93.33,766.49,538.11,1,-1,-1,-1
220,46,269.64,211.81,393.04,513.35,1,-1,-1,-1
220,49,1305.04,219.55,1407.18,465.13,1,-1,-1,-1
220,60,19.70,97.08,216.99,587.49,1,-1,-1,-1
221,13,574.84,94.59,760.82,536.74,1,-1,-1,-1
221,46,252.34,214.96,374.90,513.81,1,-1,-1,-1
221,49,1297.47,213.36,1402.01,465.21,1,-1,-1,-1
222,13,574.06,96.45,758.73,534.98,1,-1,-1,-1
222,25,408.86,230.86,533.40,511.06,1,-1,-1,-1
222,46,242.87,208.22,371.56,521.93,1,-1,-1,-1
222,49,1292.18,218.44,1394.24,463.96,1,-1,-1,-1
223,13,574.40,98.53,757.65,533.06,1,-1,-1,-1
223,25,406.34,232.40,529.87,510.98,1,-1,-1,-1
223,46,234.40,203.15,367.68,528.16,1,-1,-1,-1
223,49,1290.40,219.82,1391.91,463.55,1,-1,-1,-1
224,13,574.60,102.00,758.72,537.74,1,-1,-1,-1
224,25,405.13,231.50,529.29,512.28,1,-1,-1,-1
224,46,229.91,196.04,368.89,535.07,1,-1,-1,-1
224,49,1289.89,221.04,1391.22,464.12,1,-1,-1,-1
225,13,574.30,102.65,759.53,540.20,1,-1,-1,-1
225,25,393.59,229.72,518.54,512.29,1,-1,-1,-1
225,46,342.91,220.97,465.99,519.71,1,-1,-1,-1
225,49,1290.06,220.85,1392.17,465.72,1,-1,-1,-1
226,13,574.34,102.23,760.99,542.49,1,-1,-1,-1
226,46,390.06,230.05,507.94,514.57,1,-1,-1,-1
226,49,1290.51,219.47,1393.52,466.34,1,-1,-1,-1
227,13,1051.10,177.36,1185.48,494.50,1,-1,-1,-1
227,46,407.12,233.87,522.93,512.08,1,-1,-1,-1
227,49,1282.74,218.91,1385.76,465.83,1,-1,-1,-1
228,13,711.76,125.46,882.30,527.52,1,-1,-1,-1
228,46,413.51,236.54,527.41,509.18,1,-1,-1,-1
228,49,1295.32,216.51,1400.65,468.98,1,-1,-1,-1
229,13,627.48,108.60,810.75,539.81,1,-1,-1,-1
229,46,414.52,234.75,530.29,510.83,1,-1,-1,-1
229,49,1296.74,214.58,1403.75,470.97,1,-1,-1,-1
230,13,600.08,112.42,782.66,541.78,1,-1,-1,-1
230,46,410.97,236.71,525.81,509.46,1,-1,-1,-1
230,49,1299.00,205.35,1411.18,474.31,1,-1,-1,-1
231,4,996.88,306.96,1057.20,439.07,1,-1,-1,-1
231,13,589.68,108.22,773.44,540.52,1,-1,-1,-1
231,46,410.61,239.39,523.66,506.95,1,-1,-1,-1
231,49,1301.12,203.20,1413.52,472.98,1,-1,-1,-1
232,4,979.41,308.66,1038.15,437.33,1,-1,-1,-1
232,13,584.91,103.42,771.46,542.60,1,-1,-1,-1
232,46,409.81,239.65,522.77,506.05,1,-1,-1,-1
232,49,1302.89,203.74,1414.49,471.78,1,-1,-1,-1
233,13,589.36,108.84,774.76,545.31,1,-1,-1,-1
233,46,411.48,233.67,529.79,511.77,1,-1,-1,-1
233,49,1309.33,210.60,1417.89,470.66,1,-1,-1,-1
234,13,597.37,112.34,781.03,544.97,1,-1,-1,-1
234,46,413.00,234.07,531.42,511.25,1,-1,-1,-1
234,49,1313.52,216.61,1419.01,469.56,1,-1,-1,-1
235,13,608.72,111.10,794.04,548.09,1,-1,-1,-1
235,46,414.22,234.59,532.38,511.17,1,-1,-1,-1
235,49,1321.45,215.54,1431.91,479.83,1,-1,-1,-1
236,13,608.22,97.54,805.11,561.68,1,-1,-1,-1
236,46,867.23,306.91,934.90,461.02,1,-1,-1,-1
236,49,1336.72,228.83,1441.82,480.31,1,-1,-1,-1
237,13,619.69,98.26,816.57,562.25,1,-1,-1,-1
237,46,986.92,334.43,1043.16,459.31,1,-1,-1,-1
237,49,1346.00,234.08,1452.56,489.15,1,-1,-1,-1
238,13,633.16,101.28,831.31,568.21,1,-1,-1,-1
238,46,586.22,270.96,692.44,506.75,1,-1,-1,-1
238,49,1359.99,243.88,1464.89,494.97,1,-1,-1,-1
239,13,650.42,114.25,842.90,567.13,1,-1,-1,-1
239,46,794.47,304.88,879.24,486.52,1,-1,-1,-1
239,49,1376.78,242.20,1485.86,503.09,1,-1,-1,-1
240,13,659.62,113.38,855.20,573.20,1,-1,-1,-1
240,46,771.72,302.44,859.88,491.36,1,-1,-1,-1
240,49,1392.49,247.40,1501.51,508.64,1,-1,-1,-1
241,13,667.15,111.76,864.89,576.69,1,-1,-1,-1
241,46,557.64,290.46,654.65,499.22,1,-1,-1,-1
241,49,1401.92,246.03,1513.62,513.94,1,-1,-1,-1
242,13,1157.57,198.83,1301.78,538.65,1,-1,-1,-1
242,46,510.50,286.81,611.63,504.44,1,-1,-1,-1
242,49,1408.56,248.13,1520.83,517.43,1,-1,-1,-1
243,13,1372.06,246.69,1487.01,517.69,1,-1,-1,-1
243,46,513.11,283.80,615.48,505.36,1,-1,-1,-1
243,60,671.42,104.96,867.22,583.51,1,-1,-1,-1
244,13,1435.21,249.58,1547.07,513.90,1,-1,-1,-1
244,46,510.89,286.01,610.59,502.78,1,-1,-1,-1
244,60,692.16,111.21,885.02,577.72,1,-1,-1,-1
244,63,1039.94,346.80,1109.46,458.84,1,-1,-1,-1
245,13,1457.77,248.96,1569.77,514.29,1,-1,-1,-1
245,46,473.00,283.02,575.93,506.80,1,-1,-1,-1
245,60,700.44,117.64,889.72,571.42,1,-1,-1,-1
245,63,1042.32,345.46,1111.58,457.33,1,-1,-1,-1
246,13,1469.86,253.26,1577.80,509.63,1,-1,-1,-1
246,60,702.25,120.56,889.83,568.53,1,-1,-1,-1
246,63,1043.16,345.07,1111.86,456.28,1,-1,-1,-1
247,13,1475.78,254.21,1581.95,506.76,1,-1,-1,-1
247,25,552.27,269.39,656.66,503.07,1,-1,-1,-1
247,60,702.86,124.27,887.57,564.13,1,-1,-1,-1
247,63,1045.35,347.14,1110.56,452.47,1,-1,-1,-1
248,13,1479.26,247.92,1586.99,504.52,1,-1,-1,-1
248,25,556.52,253.24,670.97,509.89,1,-1,-1,-1
248,60,699.31,114.51,888.49,564.69,1,-1,-1,-1
248,63,1047.69,347.47,1110.92,449.59,1,-1,-1,-1
249,13,1481.63,248.24,1586.36,497.70,1,-1,-1,-1
249,25,563.37,252.96,678.13,510.31,1,-1,-1,-1
249,60,695.48,101.54,890.36,564.96,1,-1,-1,-1
250,13,1482.84,238.44,1591.48,497.44,1,-1,-1,-1
250,25,550.69,231.51,673.48,506.18,1,-1,-1,-1
250,60,686.43,90.06,888.37,570.44,1,-1,-1,-1
250,63,1050.64,332.60,1117.90,442.17,1,-1,-1,-1
251,13,1486.38,229.58,1597.69,495.41,1,-1,-1,-1
251,25,551.34,232.75,670.49,498.61,1,-1,-1,-1
251,60,678.56,83.16,881.41,565.99,1,-1,-1,-1
251,63,1053.50,334.90,1115.76,436.96,1,-1,-1,-1
252,13,1486.95,226.85,1598.75,494.11,1,-1,-1,-1
252,25,554.96,230.04,674.78,497.39,1,-1,-1,-1
252,60,676.54,82.60,877.47,561.67,1,-1,-1,-1
252,63,1055.61,333.36,1116.71,433.52,1,-1,-1,-1
253,13,1487.20,227.12,1597.73,491.76,1,-1,-1,-1
253,25,553.68,237.35,667.64,491.29,1,-1,-1,-1
253,60,673.61,85.18,867.53,548.80,1,-1,-1,-1
254,13,1487.13,227.86,1596.34,489.66,1,-1,-1,-1
254,25,557.83,238.74,670.64,489.84,1,-1,-1,-1
254,60,672.93,86.31,863.37,543.33,1,-1,-1,-1
255,13,1485.64,226.78,1595.15,489.66,1,-1,-1,-1
255,25,548.41,221.00,673.62,499.50,1,-1,-1,-1
255,60,671.80,82.79,861.03,538.08,1,-1,-1,-1
256,13,1484.23,225.70,1594.48,490.41,1,-1,-1,-1
256,25,544.46,213.42,675.31,504.20,1,-1,-1,-1
256,60,664.45,90.22,848.81,535.58,1,-1,-1,-1
257,13,1483.86,226.62,1593.04,488.79,1,-1,-1,-1
257,25,543.82,213.11,674.20,502.88,1,-1,-1,-1
257,60,655.94,91.09,839.61,536.14,1,-1,-1,-1
258,13,1487.56,226.95,1596.24,487.60,1,-1,-1,-1
258,25,543.51,213.17,673.62,502.99,1,-1,-1,-1
258,60,651.75,88.78,837.17,539.12,1,-1,-1,-1
259,13,1486.90,219.08,1599.29,488.56,1,-1,-1,-1
259,25,544.04,214.63,672.64,501.72,1,-1,-1,-1
259,60,650.20,87.28,836.87,541.64,1,-1,-1,-1
260,13,1486.84,216.18,1599.75,487.00,1,-1,-1,-1
260,25,544.15,214.65,672.24,501.23,1,-1,-1,-1
260,60,644.94,87.41,831.52,542.01,1,-1,-1,-1
261,13,1487.72,217.07,1598.88,483.83,1,-1,-1,-1
261,25,538.37,211.46,669.28,504.34,1,-1,-1,-1
261,60,643.44,88.17,829.00,540.89,1,-1,-1,-1
262,13,1488.71,219.44,1597.16,480.04,1,-1,-1,-1
262,25,535.05,209.02,668.59,508.12,1,-1,-1,-1
262,60,638.65,89.81,823.05,540.52,1,-1,-1,-1
263,13,1486.27,211.00,1598.70,481.36,1,-1,-1,-1
263,25,537.43,219.23,665.30,505.66,1,-1,-1,-1
263,60,635.40,87.14,822.33,544.41,1,-1,-1,-1
264,13,1484.95,207.28,1599.46,482.54,1,-1,-1,-1
264,25,533.49,213.38,668.19,515.32,1,-1,-1,-1
264,60,627.76,85.50,819.35,554.45,1,-1,-1,-1
265,13,1484.66,206.56,1599.09,481.74,1,-1,-1,-1
265,25,531.97,211.27,669.32,519.46,1,-1,-1,-1
265,60,624.05,82.94,819.13,560.88,1,-1,-1,-1
266,13,1484.58,206.35,1598.49,480.17,1,-1,-1,-1
266,25,532.02,211.81,669.12,519.73,1,-1,-1,-1
266,60,619.00,82.64,814.33,562.02,1,-1,-1,-1
267,13,1484.22,206.33,1597.58,478.30,1,-1,-1,-1
267,25,532.57,212.75,668.50,518.45,1,-1,-1,-1
267,60,616.72,81.91,812.30,563.06,1,-1,-1,-1
268,13,1483.33,201.08,1598.35,476.99,1,-1,-1,-1
268,25,533.48,215.13,667.57,516.59,1,-1,-1,-1
268,60,612.83,84.94,805.52,559.48,1,-1,-1,-1
269,13,1483.33,199.81,1598.08,475.22,1,-1,-1,-1
269,25,534.55,217.41,666.48,513.86,1,-1,-1,-1
269,60,615.00,91.43,798.80,545.50,1,-1,-1,-1
270,13,1483.41,200.71,1596.99,473.29,1,-1,-1,-1
270,25,536.76,222.28,664.27,508.81,1,-1,-1,-1
270,60,615.27,92.57,796.38,540.84,1,-1,-1,-1
271,13,1483.57,201.78,1596.22,471.95,1,-1,-1,-1
271,25,538.56,226.15,662.46,504.88,1,-1,-1,-1
271,60,610.49,90.97,791.86,539.84,1,-1,-1,-1
272,13,1483.72,202.90,1595.65,471.50,1,-1,-1,-1
272,25,540.25,229.58,660.77,500.75,1,-1,-1,-1
272,60,602.58,87.05,787.18,543.50,1,-1,-1,-1
273,13,1486.23,211.31,1594.16,470.06,1,-1,-1,-1
273,25,537.49,218.02,664.87,504.64,1,-1,-1,-1
273,60,596.29,88.88,779.73,541.61,1,-1,-1,-1
274,13,1490.17,213.19,1598.48,472.27,1,-1,-1,-1
274,25,541.94,217.13,668.74,502.78,1,-1,-1,-1
274,60,593.97,90.26,776.40,540.26,1,-1,-1,-1
275,13,1495.44,212.53,1605.43,475.11,1,-1,-1,-1
275,25,549.07,218.14,674.10,500.09,1,-1,-1,-1
275,60,594.60,93.43,774.59,537.13,1,-1,-1,-1
276,13,1500.05,208.31,1614.49,481.48,1,-1,-1,-1
276,25,550.86,215.22,677.66,501.09,1,-1,-1,-1
276,60,598.39,91.95,779.97,538.66,1,-1,-1,-1
277,13,1509.00,215.20,1620.30,481.27,1,-1,-1,-1
277,25,561.80,216.79,687.08,498.85,1,-1,-1,-1
277,60,605.27,92.72,785.94,537.27,1,-1,-1,-1
278,13,909.54,132.76,1071.05,519.76,1,-1,-1,-1
278,25,578.39,225.40,696.06,490.06,1,-1,-1,-1
278,60,604.31,92.99,784.49,536.36,1,-1,-1,-1
279,13,1242.29,182.81,1376.22,503.93,1,-1,-1,-1
279,25,579.62,211.70,705.61,494.92,1,-1,-1,-1
279,60,607.54,89.92,790.29,539.79,1,-1,-1,-1
280,13,806.01,123.78,973.12,524.43,1,-1,-1,-1
280,25,583.30,210.52,709.42,494.02,1,-1,-1,-1
280,49,1544.02,233.24,1647.64,482.42,1,-1,-1,-1
280,60,607.02,89.84,789.63,539.35,1,-1,-1,-1
281,4,192.56,58.02,412.42,558.99,1,-1,-1,-1
281,13,660.89,105.31,838.29,530.76,1,-1,-1,-1
281,49,1553.38,229.05,1660.33,485.45,1,-1,-1,-1
282,4,187.28,50.93,410.11,565.22,1,-1,-1,-1
282,13,604.55,95.24,787.84,535.14,1,-1,-1,-1
282,25,631.79,245.90,730.03,467.63,1,-1,-1,-1
282,49,1562.27,231.35,1667.74,484.76,1,-1,-1,-1
283,4,191.93,47.66,414.91,567.91,1,-1,-1,-1
283,13,579.88,91.46,765.80,537.40,1,-1,-1,-1
283,25,639.57,248.51,735.16,464.27,1,-1,-1,-1
283,49,1573.89,230.21,1680.34,485.96,1,-1,-1,-1
284,4,198.47,44.64,422.16,570.18,1,-1,-1,-1
284,13,1193.35,172.56,1334.02,509.66,1,-1,-1,-1
284,49,1579.78,229.46,1686.25,485.26,1,-1,-1,-1
285,4,203.59,48.52,423.13,566.67,1,-1,-1,-1
285,13,1476.05,211.23,1593.96,493.43,1,-1,-1,-1
285,51,428.97,165.01,573.94,507.99,1,-1,-1,-1
285,60,623.84,90.89,801.65,526.75,1,-1,-1,-1
286,4,206.84,50.84,423.74,564.58,1,-1,-1,-1
286,13,860.60,113.36,1030.23,519.68,1,-1,-1,-1
286,49,1604.97,231.47,1710.15,483.11,1,-1,-1,-1
286,51,429.49,163.98,574.91,508.06,1,-1,-1,-1
286,60,625.01,90.93,802.26,525.42,1,-1,-1,-1
287,4,212.82,51.86,428.18,563.70,1,-1,-1,-1
287,13,684.12,86.31,867.20,525.56,1,-1,-1,-1
287,49,1609.59,217.06,1723.30,489.79,1,-1,-1,-1
288,4,217.83,56.22,428.51,558.83,1,-1,-1,-1
288,13,607.21,72.82,797.14,529.22,1,-1,-1,-1
288,49,1616.43,214.32,1731.71,490.64,1,-1,-1,-1
289,4,218.43,50.29,430.14,556.86,1,-1,-1,-1
289,13,579.86,66.56,770.10,524.28,1,-1,-1,-1
289,49,1627.78,213.34,1743.31,490.31,1,-1,-1,-1
289,66,1522.70,242.29,1622.60,471.92,1,-1,-1,-1
290,4,214.57,48.13,426.33,555.44,1,-1,-1,-1
290,13,573.46,67.19,761.09,519.54,1,-1,-1,-1
290,49,1635.64,211.75,1752.82,492.15,1,-1,-1,-1
290,66,1526.64,242.86,1625.88,471.01,1,-1,-1,-1
291,4,212.71,45.48,425.88,556.79,1,-1,-1,-1
291,13,576.11,71.20,759.25,513.66,1,-1,-1,-1
291,49,1638.19,210.56,1756.29,492.84,1,-1,-1,-1
292,4,203.54,41.96,418.59,557.79,1,-1,-1,-1
292,13,577.76,83.02,754.65,510.60,1,-1,-1,-1
292,49,1641.04,218.71,1755.77,493.09,1,-1,-1,-1
292,66,1536.60,240.27,1639.73,477.41,1,-1,-1,-1
293,13,582.84,91.34,754.11,505.40,1,-1,-1,-1
293,49,1647.74,217.86,1762.99,493.48,1,-1,-1,-1
293,66,1543.55,242.14,1645.17,475.95,1,-1,-1,-1
294,4,205.14,56.60,408.84,545.83,1,-1,-1,-1
294,13,586.87,92.85,757.32,505.36,1,-1,-1,-1
294,66,1548.41,242.30,1650.16,476.39,1,-1,-1,-1
295,4,206.46,65.39,406.62,546.57,1,-1,-1,-1
295,13,589.46,92.31,760.78,507.30,1,-1,-1,-1
296,4,199.92,64.84,400.24,546.44,1,-1,-1,-1
296,13,592.58,98.87,762.56,510.64,1,-1,-1,-1
297,13,595.58,101.61,764.94,511.89,1,-1,-1,-1
297,66,1558.10,245.70,1661.74,484.33,1,-1,-1,-1
298,13,597.56,101.48,767.74,513.64,1,-1,-1,-1
298,66,1559.41,245.37,1663.27,484.48,1,-1,-1,-1
299,13,1226.57,191.73,1350.18,489.91,1,-1,-1,-1
299,66,1563.31,245.78,1667.48,485.59,1,-1,-1,-1
300,13,779.81,135.93,934.40,509.12,1,-1,-1,-1
300,51,475.49,152.90,637.89,535.22,1,-1,-1,-1
300,66,1572.10,240.55,1671.59,470.46,1,-1,-1,-1
301,13,671.44,122.10,833.81,514.62,1,-1,-1,-1
301,49,1678.45,209.08,1797.44,493.14,1,-1,-1,-1
301,51,477.76,154.04,640.11,534.89,1,-1,-1,-1
301,66,1575.85,240.79,1672.81,465.08,1,-1,-1,-1
302,13,626.01,112.50,794.53,520.07,1,-1,-1,-1
302,49,1682.22,213.56,1796.98,486.87,1,-1,-1,-1
302,51,481.31,150.49,646.64,538.71,1,-1,-1,-1
302,66,1580.20,240.62,1676.68,463.80,1,-1,-1,-1
303,13,1298.86,173.46,1432.14,495.00,1,-1,-1,-1
303,49,1687.13,213.08,1801.89,486.39,1,-1,-1,-1
303,51,482.10,147.88,649.46,540.76,1,-1,-1,-1
304,13,1595.20,202.00,1711.34,481.90,1,-1,-1,-1
304,51,481.88,145.60,650.82,542.79,1,-1,-1,-1
304,60,622.21,107.87,792.16,522.83,1,-1,-1,-1
305,13,918.46,136.72,1073.39,510.19,1,-1,-1,-1
305,51,484.11,144.35,654.30,544.47,1,-1,-1,-1
305,60,622.18,108.73,791.68,522.58,1,-1,-1,-1
306,13,733.72,117.27,896.92,511.08,1,-1,-1,-1
306,49,1709.35,211.96,1821.15,477.00,1,-1,-1,-1
306,51,501.28,152.28,665.11,536.78,1,-1,-1,-1
307,13,653.54,105.79,822.69,513.80,1,-1,-1,-1
307,49,1714.98,208.37,1829.66,479.41,1,-1,-1,-1
307,51,507.26,157.44,666.84,531.71,1,-1,-1,-1
308,13,1316.11,171.81,1448.35,489.85,1,-1,-1,-1
308,49,1720.66,207.57,1835.31,478.56,1,-1,-1,-1
308,51,512.62,156.56,672.73,532.62,1,-1,-1,-1
309,13,1615.73,203.36,1729.74,476.35,1,-1,-1,-1
309,51,516.91,151.59,680.94,537.58,1,-1,-1,-1
309,60,646.93,99.15,819.29,518.29,1,-1,-1,-1
310,13,1716.48,211.32,1826.20,473.46,1,-1,-1,-1
310,51,524.16,151.04,688.60,538.12,1,-1,-1,-1
310,60,654.78,100.31,825.80,515.86,1,-1,-1,-1
311,13,1759.29,217.98,1864.40,468.37,1,-1,-1,-1
311,51,540.62,176.54,686.72,519.85,1,-1,-1,-1
311,60,656.71,99.37,828.70,517.03,1,-1,-1,-1
312,13,996.22,126.19,1157.55,511.54,1,-1,-1,-1
312,51,544.17,165.12,697.78,527.16,1,-1,-1,-1
312,60,659.55,99.08,831.43,516.50,1,-1,-1,-1
313,13,768.84,93.23,948.76,523.14,1,-1,-1,-1
313,49,1676.79,220.75,1781.44,466.56,1,-1,-1,-1
313,51,559.94,162.64,714.61,527.61,1,-1,-1,-1
314,13,1287.67,170.31,1420.22,486.51,1,-1,-1,-1
314,49,1676.20,221.46,1779.90,465.04,1,-1,-1,-1
314,51,573.32,168.27,722.53,520.53,1,-1,-1,-1
315,13,1566.31,207.96,1676.77,470.56,1,-1,-1,-1
315,51,581.12,165.03,732.91,523.21,1,-1,-1,-1
315,60,673.60,72.28,864.55,533.63,1,-1,-1,-1
316,13,926.96,104.66,1101.96,520.30,1,-1,-1,-1
316,25,893.78,287.00,962.22,444.00,1,-1,-1,-1
316,46,593.69,178.80,740.45,509.51,1,-1,-1,-1
316,49,1709.00,224.72,1810.84,462.87,1,-1,-1,-1
316,51,588.64,165.46,740.01,522.65,1,-1,-1,-1
316,60,677.02,69.47,869.67,534.92,1,-1,-1,-1
317,13,1333.98,170.03,1470.78,493.82,1,-1,-1,-1
317,25,900.60,286.49,969.69,445.31,1,-1,-1,-1
317,46,607.99,178.05,753.12,509.61,1,-1,-1,-1
317,49,1712.05,225.62,1812.89,461.44,1,-1,-1,-1
317,60,686.80,68.47,880.61,536.05,1,-1,-1,-1
318,13,872.03,88.93,1059.51,532.44,1,-1,-1,-1
318,25,914.56,292.85,977.93,438.04,1,-1,-1,-1
318,46,609.25,161.31,762.19,515.39,1,-1,-1,-1
318,49,1732.47,232.53,1832.09,464.82,1,-1,-1,-1
318,60,690.82,65.82,886.26,537.32,1,-1,-1,-1
319,13,1340.97,168.70,1479.31,495.17,1,-1,-1,-1
319,25,922.70,290.74,987.18,437.70,1,-1,-1,-1
319,46,626.61,155.33,782.34,515.87,1,-1,-1,-1
319,49,1737.52,234.12,1836.08,463.94,1,-1,-1,-1
320,13,1617.38,206.48,1731.19,474.52,1,-1,-1,-1
320,25,923.84,281.45,992.71,438.25,1,-1,-1,-1
320,46,619.18,114.43,799.03,533.79,1,-1,-1,-1
321,13,1716.24,217.24,1822.85,467.48,1,-1,-1,-1
321,25,931.30,281.60,999.77,437.49,1,-1,-1,-1
321,46,828.91,212.73,938.02,466.80,1,-1,-1,-1
322,13,1753.80,215.88,1858.26,460.31,1,-1,-1,-1
322,25,943.22,272.74,1008.82,421.61,1,-1,-1,-1
322,46,863.93,211.46,966.89,450.71,1,-1,-1,-1
322,60,699.98,4.39,926.85,548.37,1,-1,-1,-1
323,13,1200.74,243.02,1280.63,429.54,1,-1,-1,-1
323,25,951.09,272.09,1016.05,419.51,1,-1,-1,-1
323,46,907.81,215.60,1004.82,440.99,1,-1,-1,-1
323,60,700.44,-6.09,930.82,543.51,1,-1,-1,-1
324,13,789.54,36.34,995.82,517.33,1,-1,-1,-1
324,46,690.41,135.45,834.86,472.86,1,-1,-1,-1
324,49,1789.58,202.40,1894.48,446.77,1,-1,-1,-1
324,60,703.72,-13.27,937.61,544.72,1,-1,-1,-1
325,13,667.01,-8.49,898.68,531.35,1,-1,-1,-1
325,46,849.57,193.60,952.41,432.21,1,-1,-1,-1
325,49,1796.35,192.77,1904.68,444.24,1,-1,-1,-1
326,13,621.51,-37.07,868.59,538.24,1,-1,-1,-1
326,25,970.64,241.46,1039.62,397.85,1,-1,-1,-1
326,46,710.52,135.97,849.18,459.68,1,-1,-1,-1
326,49,1803.80,189.98,1912.44,442.14,1,-1,-1,-1
327,13,767.06,104.44,922.24,464.41,1,-1,-1,-1
327,25,978.14,238.19,1047.02,394.35,1,-1,-1,-1
327,46,679.97,120.16,827.35,465.57,1,-1,-1,-1
327,60,692.55,-41.90,940.44,546.32,1,-1,-1,-1
328,13,873.73,181.01,980.23,427.50,1,-1,-1,-1
328,46,673.62,109.62,828.62,473.34,1,-1,-1,-1
328,60,684.62,-63.98,947.30,555.85,1,-1,-1,-1
329,13,918.14,205.69,1009.73,417.06,1,-1,-1,-1
329,46,674.53,110.90,827.89,471.48,1,-1,-1,-1
329,60,682.76,-67.88,948.27,555.95,1,-1,-1,-1
330,13,721.47,6.68,942.70,516.82,1,-1,-1,-1
330,25,974.09,220.10,1057.91,409.60,1,-1,-1,-1
330,46,678.32,108.88,833.06,473.90,1,-1,-1,-1
330,60,683.39,-76.43,953.25,557.59,1,-1,-1,-1
331,13,645.37,-53.37,905.21,545.43,1,-1,-1,-1
331,25,980.22,228.10,1060.45,408.77,1,-1,-1,-1
331,46,680.52,109.10,834.94,474.19,1,-1,-1,-1
332,13,624.51,-73.59,895.88,551.38,1,-1,-1,-1
332,25,980.59,222.40,1063.54,409.16,1,-1,-1,-1
332,46,675.21,89.52,842.51,485.92,1,-1,-1,-1
333,13,618.96,-79.32,893.04,551.88,1,-1,-1,-1
333,25,988.25,228.69,1064.75,400.32,1,-1,-1,-1
333,46,674.14,83.44,844.55,487.85,1,-1,-1,-1
334,13,625.52,-78.29,898.77,550.48,1,-1,-1,-1
334,25,983.48,224.08,1064.26,404.89,1,-1,-1,-1
334,46,671.70,75.07,848.67,495.58,1,-1,-1,-1
335,13,630.94,-78.44,904.99,551.54,1,-1,-1,-1
335,25,988.61,227.62,1065.69,400.04,1,-1,-1,-1
335,46,672.36,75.24,848.99,495.39,1,-1,-1,-1
336,13,637.49,-60.31,899.84,543.30,1,-1,-1,-1
336,25,982.94,218.54,1064.73,401.51,1,-1,-1,-1
336,46,672.80,75.11,849.43,495.86,1,-1,-1,-1
337,13,645.86,-48.62,900.14,537.01,1,-1,-1,-1
337,25,980.40,213.98,1064.83,402.70,1,-1,-1,-1
337,46,673.80,77.32,848.47,494.03,1,-1,-1,-1
338,13,657.83,-39.90,905.77,531.30,1,-1,-1,-1
338,25,979.39,212.30,1064.61,402.56,1,-1,-1,-1
338,46,675.99,81.76,846.64,489.34,1,-1,-1,-1
339,13,667.73,-44.70,916.83,529.09,1,-1,-1,-1
339,25,971.47,200.71,1063.34,405.80,1,-1,-1,-1
339,46,678.98,87.07,844.77,483.52,1,-1,-1,-1
340,13,689.15,-30.88,925.14,513.08,1,-1,-1,-1
340,25,968.58,196.37,1062.71,406.40,1,-1,-1,-1
340,46,676.37,76.10,848.11,487.23,1,-1,-1,-1
341,13,701.64,-22.96,930.54,505.27,1,-1,-1,-1
341,25,967.68,196.07,1061.37,404.73,1,-1,-1,-1
341,46,674.93,71.49,849.28,489.24,1,-1,-1,-1
342,13,709.56,-16.38,932.75,499.32,1,-1,-1,-1
342,25,967.00,195.47,1061.03,404.74,1,-1,-1,-1
342,46,675.02,70.57,849.31,488.70,1,-1,-1,-1
343,13,715.52,-11.71,934.37,494.80,1,-1,-1,-1
343,25,973.85,201.86,1062.15,398.25,1,-1,-1,-1
343,46,676.78,73.71,848.45,485.84,1,-1,-1,-1
344,13,717.00,-19.15,938.38,494.19,1,-1,-1,-1
344,25,976.74,205.22,1062.24,395.07,1,-1,-1,-1
344,46,678.88,77.77,846.88,481.42,1,-1,-1,-1
345,13,719.77,-18.25,938.73,490.56,1,-1,-1,-1
345,25,978.46,207.87,1061.50,391.94,1,-1,-1,-1
345,46,681.77,84.12,844.35,475.09,1,-1,-1,-1
346,13,722.32,-17.29,939.54,488.35,1,-1,-1,-1
346,25,972.36,204.21,1059.12,396.20,1,-1,-1,-1
346,46,682.78,86.66,843.63,473.39,1,-1,-1,-1
347,13,725.48,-13.83,939.29,484.77,1,-1,-1,-1
347,25,969.84,202.26,1058.54,398.42,1,-1,-1,-1
347,46,683.30,87.67,843.32,472.79,1,-1,-1,-1
348,13,728.82,-9.43,938.57,480.68,1,-1,-1,-1
348,25,969.53,203.52,1056.94,396.69,1,-1,-1,-1
348,46,683.49,88.11,843.29,472.61,1,-1,-1,-1
349,13,726.46,-7.41,934.57,479.08,1,-1,-1,-1
349,25,970.89,206.74,1055.46,393.39,1,-1,-1,-1
349,46,683.15,86.99,843.79,473.24,1,-1,-1,-1
350,13,725.53,-7.05,933.46,479.12,1,-1,-1,-1
350,25,968.84,199.31,1056.77,393.51,1,-1,-1,-1
350,46,683.22,87.94,843.18,472.19,1,-1,-1,-1
351,13,876.08,119.00,1009.30,428.84,1,-1,-1,-1
351,25,968.85,197.81,1057.11,392.75,1,-1,-1,-1
351,46,683.31,102.94,834.34,465.84,1,-1,-1,-1
352,13,943.09,173.48,1044.30,407.97,1,-1,-1,-1
352,46,683.28,108.03,831.12,463.47,1,-1,-1,-1
352,60,729.84,-10.90,941.18,485.24,1,-1,-1,-1
353,13,958.18,185.44,1052.84,403.96,1,-1,-1,-1
353,46,682.43,107.13,831.56,466.04,1,-1,-1,-1
353,60,728.39,-12.10,942.05,488.60,1,-1,-1,-1
354,13,786.28,45.56,970.16,470.18,1,-1,-1,-1
354,46,682.63,108.09,831.28,466.35,1,-1,-1,-1
354,49,1808.19,148.84,1910.68,384.00,1,-1,-1,-1
354,60,730.11,-9.52,941.59,486.07,1,-1,-1,-1
355,13,738.40,4.33,949.62,492.05,1,-1,-1,-1
355,25,959.48,195.62,1053.92,404.51,1,-1,-1,-1
355,46,688.33,111.07,834.31,463.17,1,-1,-1,-1
355,49,1807.70,147.49,1909.87,381.92,1,-1,-1,-1
356,13,705.76,-16.39,934.62,511.94,1,-1,-1,-1
356,25,964.29,198.86,1056.61,403.01,1,-1,-1,-1
356,46,690.12,112.14,835.21,462.69,1,-1,-1,-1
357,13,697.70,-23.12,932.37,519.05,1,-1,-1,-1
357,25,968.72,209.96,1055.52,402.46,1,-1,-1,-1
357,46,696.05,128.50,830.96,454.54,1,-1,-1,-1
357,60,708.51,5.44,922.94,508.64,1,-1,-1,-1
358,13,688.33,-18.01,922.44,523.93,1,-1,-1,-1
358,25,976.86,223.60,1056.73,400.89,1,-1,-1,-1
358,46,697.05,121.58,839.54,465.93,1,-1,-1,-1
358,60,706.30,9.07,919.98,510.52,1,-1,-1,-1
359,13,694.34,-15.50,927.95,525.42,1,-1,-1,-1
359,25,978.89,226.54,1058.80,403.73,1,-1,-1,-1
359,46,695.76,114.59,844.79,474.45,1,-1,-1,-1
359,73,-161.38,-125.50,148.62,524.50,1,-1,-1,-1
360,13,696.73,-16.23,931.82,528.12,1,-1,-1,-1
360,25,965.20,220.80,1055.09,420.17,1,-1,-1,-1
360,46,696.49,115.38,845.54,475.28,1,-1,-1,-1
360,73,-159.03,-109.86,146.82,531.22,1,-1,-1,-1
361,13,705.61,-10.16,935.66,522.47,1,-1,-1,-1
361,25,964.92,218.76,1058.72,426.68,1,-1,-1,-1
361,73,-157.41,-108.13,145.38,526.00,1,-1,-1,-1
362,13,711.04,-6.23,937.69,518.42,1,-1,-1,-1
362,25,959.84,221.75,1055.54,433.71,1,-1,-1,-1
362,73,-155.75,-102.48,143.85,524.99,1,-1,-1,-1
363,13,720.77,1.75,940.54,510.66,1,-1,-1,-1
363,25,957.83,222.89,1054.31,436.36,1,-1,-1,-1
364,13,724.78,4.23,942.77,509.22,1,-1,-1,-1
364,25,956.11,221.35,1054.82,439.86,1,-1,-1,-1
365,13,726.71,4.29,944.75,509.74,1,-1,-1,-1
365,25,956.93,223.97,1053.57,437.87,1,-1,-1,-1
366,13,726.29,0.79,947.47,513.65,1,-1,-1,-1
366,25,955.85,221.67,1054.55,440.21,1,-1,-1,-1
367,13,725.76,-2.17,949.52,516.93,1,-1,-1,-1
367,25,957.15,224.04,1053.25,437.12,1,-1,-1,-1
368,13,731.15,-1.04,954.45,516.71,1,-1,-1,-1
368,25,952.38,218.98,1048.81,433.13,1,-1,-1,-1
369,13,733.04,-0.90,956.55,517.07,1,-1,-1,-1
369,25,950.92,217.73,1046.88,430.93,1,-1,-1,-1
369,46,719.65,127.82,864.40,475.25,1,-1,-1,-1
370,13,873.99,139.43,1013.18,460.79,1,-1,-1,-1
370,25,949.66,217.74,1046.10,432.02,1,-1,-1,-1
370,46,719.46,126.19,866.31,477.27,1,-1,-1,-1
371,13,938.38,204.34,1038.23,434.30,1,-1,-1,-1
371,46,721.22,127.08,867.89,477.74,1,-1,-1,-1
371,60,768.84,29.34,970.86,503.40,1,-1,-1,-1
372,13,959.18,225.34,1049.14,432.05,1,-1,-1,-1
372,49,1801.60,186.56,1914.25,441.33,1,-1,-1,-1
372,60,774.09,26.90,978.13,505.89,1,-1,-1,-1
373,13,965.70,233.90,1050.46,428.48,1,-1,-1,-1
373,49,1800.98,187.52,1914.24,442.12,1,-1,-1,-1
373,60,774.79,23.49,982.19,510.01,1,-1,-1,-1
374,13,966.93,235.51,1051.10,428.47,1,-1,-1,-1
374,49,1797.24,189.13,1909.88,441.69,1,-1,-1,-1
374,60,778.91,21.51,988.22,512.20,1,-1,-1,-1
375,13,969.14,239.88,1049.51,424.23,1,-1,-1,-1
375,49,1795.77,190.33,1907.62,440.75,1,-1,-1,-1
375,60,779.50,18.74,991.21,514.98,1,-1,-1,-1
376,13,832.48,82.90,1008.02,486.56,1,-1,-1,-1
376,46,725.96,126.37,872.56,477.20,1,-1,-1,-1
376,49,1796.11,189.39,1905.25,435.01,1,-1,-1,-1
376,60,782.59,18.95,994.65,516.02,1,-1,-1,-1
377,13,1313.74,126.68,1461.82,466.43,1,-1,-1,-1
377,25,977.21,260.80,1044.73,412.39,1,-1,-1,-1
377,46,726.84,127.63,872.15,475.75,1,-1,-1,-1
377,49,1795.46,190.87,1904.49,436.24,1,-1,-1,-1
378,13,983.48,57.28,1172.65,492.61,1,-1,-1,-1
378,25,978.70,264.11,1044.30,411.39,1,-1,-1,-1
378,46,728.66,132.05,870.50,471.93,1,-1,-1,-1
378,49,1789.43,190.51,1900.06,438.67,1,-1,-1,-1
379,13,872.88,37.50,1071.17,496.14,1,-1,-1,-1
379,46,724.81,132.33,866.28,471.18,1,-1,-1,-1
379,49,1781.98,184.51,1894.93,438.66,1,-1,-1,-1
380,13,825.65,36.54,1020.72,490.51,1,-1,-1,-1
380,46,724.66,136.40,862.72,466.93,1,-1,-1,-1
380,49,1772.10,184.34,1883.31,435.36,1,-1,-1,-1
381,13,1404.11,114.55,1550.61,455.23,1,-1,-1,-1
381,46,726.76,143.25,859.18,459.98,1,-1,-1,-1
381,49,1769.31,184.75,1880.66,436.09,1,-1,-1,-1
382,13,1658.74,151.45,1781.81,437.09,1,-1,-1,-1
382,46,727.19,145.73,857.51,456.77,1,-1,-1,-1
382,60,810.95,55.89,988.08,475.75,1,-1,-1,-1
383,13,1077.56,83.66,1239.62,462.42,1,-1,-1,-1
383,46,727.60,147.23,856.65,454.99,1,-1,-1,-1
383,60,814.75,59.03,989.39,472.98,1,-1,-1,-1
384,13,899.32,51.64,1079.06,473.49,1,-1,-1,-1
384,46,722.95,145.69,853.05,455.76,1,-1,-1,-1
384,49,1754.11,165.65,1863.92,414.14,1,-1,-1,-1
385,13,821.39,38.25,1007.89,477.52,1,-1,-1,-1
385,46,721.50,146.39,850.82,454.76,1,-1,-1,-1
385,49,1746.51,153.69,1859.69,410.80,1,-1,-1,-1
386,13,791.41,30.42,978.99,473.30,1,-1,-1,-1
386,46,720.96,142.58,850.03,451.11,1,-1,-1,-1
386,49,1743.56,145.13,1857.99,405.75,1,-1,-1,-1
387,13,782.89,30.58,968.01,468.73,1,-1,-1,-1
387,46,720.62,140.45,849.93,449.81,1,-1,-1,-1
387,49,1740.27,147.20,1849.95,397.99,1,-1,-1,-1
388,13,781.73,30.77,965.66,467.30,1,-1,-1,-1
388,46,719.46,137.64,850.31,450.72,1,-1,-1,-1
388,49,1738.57,142.18,1847.65,393.10,1,-1,-1,-1
389,13,784.36,37.86,965.02,467.87,1,-1,-1,-1
389,46,718.34,135.25,851.17,453.09,1,-1,-1,-1
389,49,1738.46,141.07,1846.51,390.72,1,-1,-1,-1
390,13,791.69,36.73,971.13,464.68,1,-1,-1,-1
390,25,852.09,193.59,948.18,408.95,1,-1,-1,-1
390,46,712.81,132.37,848.09,456.01,1,-1,-1,-1
390,49,1735.23,138.35,1843.22,387.86,1,-1,-1,-1
391,13,792.88,38.70,969.51,460.72,1,-1,-1,-1
391,25,848.31,193.07,944.06,407.71,1,-1,-1,-1
391,46,711.03,132.61,846.00,455.18,1,-1,-1,-1
392,13,795.64,42.57,968.82,457.10,1,-1,-1,-1
392,25,842.14,190.91,939.55,408.98,1,-1,-1,-1
392,46,707.15,135.36,839.90,452.24,1,-1,-1,-1
393,13,799.19,46.46,968.66,452.98,1,-1,-1,-1
393,25,834.22,187.06,933.20,408.68,1,-1,-1,-1
393,46,707.02,140.40,835.68,447.16,1,-1,-1,-1
394,13,802.17,49.63,968.61,450.02,1,-1,-1,-1
394,46,707.65,144.31,832.88,442.61,1,-1,-1,-1
395,13,805.59,53.77,968.23,446.21,1,-1,-1,-1
395,46,703.28,144.38,828.51,442.34,1,-1,-1,-1
395,49,1714.97,152.02,1817.03,388.88,1,-1,-1,-1
396,13,808.50,56.27,968.97,444.08,1,-1,-1,-1
396,46,700.85,143.72,827.19,443.62,1,-1,-1,-1
396,49,1711.37,151.66,1812.92,387.35,1,-1,-1,-1
397,13,803.16,51.41,967.83,449.93,1,-1,-1,-1
397,46,697.79,139.46,828.32,448.80,1,-1,-1,-1
397,49,1699.53,154.28,1806.12,402.05,1,-1,-1,-1
398,13,799.45,44.48,969.98,457.35,1,-1,-1,-1
398,46,691.25,135.23,825.71,454.04,1,-1,-1,-1
398,49,1692.41,160.09,1799.18,407.42,1,-1,-1,-1
399,13,795.04,49.10,964.98,461.47,1,-1,-1,-1
399,46,689.09,134.93,824.50,455.39,1,-1,-1,-1
399,49,1685.34,162.88,1792.08,410.04,1,-1,-1,-1
400,13,798.39,49.81,969.01,464.33,1,-1,-1,-1
400,46,689.82,142.70,822.65,455.25,1,-1,-1,-1
400,49,1678.72,168.53,1785.13,413.64,1,-1,-1,-1
401,13,799.04,48.24,971.40,467.33,1,-1,-1,-1
401,46,687.99,143.13,820.75,455.54,1,-1,-1,-1
401,49,1674.89,169.96,1782.26,416.28,1,-1,-1,-1
402,13,800.21,48.40,972.76,468.42,1,-1,-1,-1
402,46,688.98,144.69,822.27,456.74,1,-1,-1,-1
402,49,1673.64,171.11,1781.35,417.89,1,-1,-1,-1
403,13,806.25,49.88,977.59,467.45,1,-1,-1,-1
403,46,687.48,145.23,820.69,457.13,1,-1,-1,-1
403,49,1667.87,168.85,1777.44,419.76,1,-1,-1,-1
404,13,808.08,48.58,980.56,468.98,1,-1,-1,-1
404,49,1660.56,165.99,1772.87,423.05,1,-1,-1,-1
405,13,810.26,55.37,980.64,470.82,1,-1,-1,-1
405,46,1509.09,164.74,1620.60,425.70,1,-1,-1,-1
405,49,1655.59,166.53,1768.40,424.71,1,-1,-1,-1
406,13,1367.95,132.05,1493.15,436.45,1,-1,-1,-1
406,46,1589.03,167.10,1698.33,422.91,1,-1,-1,-1
407,13,1594.23,164.54,1700.14,420.55,1,-1,-1,-1
407,60,813.65,60.14,985.60,472.87,1,-1,-1,-1
408,13,1653.05,176.63,1751.86,414.57,1,-1,-1,-1
408,60,814.00,64.37,984.42,476.62,1,-1,-1,-1
409,13,1729.59,187.82,1821.83,409.94,1,-1,-1,-1
409,49,1636.36,175.32,1741.49,415.62,1,-1,-1,-1
409,60,818.84,61.04,988.29,474.37,1,-1,-1,-1
410,49,1630.82,182.52,1732.83,415.26,1,-1,-1,-1
410,60,821.89,61.69,988.65,471.53,1,-1,-1,-1
411,25,835.33,130.76,971.16,441.29,1,-1,-1,-1
411,49,1620.53,178.66,1727.74,423.29,1,-1,-1,-1
411,60,823.31,67.21,988.49,474.39,1,-1,-1,-1
411,77,1065.21,274.69,1120.53,394.36,1,-1,-1,-1
412,25,834.65,127.57,972.59,442.92,1,-1,-1,-1
412,49,1612.47,181.88,1721.29,430.05,1,-1,-1,-1
412,60,824.44,86.45,978.57,467.56,1,-1,-1,-1
412,77,1058.31,278.69,1112.79,396.74,1,-1,-1,-1
413,49,1606.59,183.21,1715.61,431.86,1,-1,-1,-1
413,60,827.06,86.99,982.01,471.71,1,-1,-1,-1
413,77,1057.13,286.48,1108.21,397.39,1,-1,-1,-1
414,13,845.79,80.06,1011.59,482.22,1,-1,-1,-1
414,60,827.87,89.38,981.81,471.61,1,-1,-1,-1
414,77,1050.43,286.56,1103.91,402.68,1,-1,-1,-1
415,13,797.99,73.94,967.23,486.38,1,-1,-1,-1
415,46,801.52,198.82,921.12,473.66,1,-1,-1,-1
415,77,1046.63,290.04,1099.62,405.09,1,-1,-1,-1
416,13,783.43,71.30,954.18,488.78,1,-1,-1,-1
416,46,773.12,205.19,890.33,470.49,1,-1,-1,-1
416,77,1041.80,290.62,1097.05,410.38,1,-1,-1,-1
417,13,780.18,69.32,952.32,490.74,1,-1,-1,-1
417,46,766.54,217.47,878.23,467.70,1,-1,-1,-1
417,77,1040.05,291.81,1095.05,411.02,1,-1,-1,-1
418,13,782.42,86.99,943.35,481.28,1,-1,-1,-1
418,46,758.21,207.10,873.66,463.83,1,-1,-1,-1
418,77,1033.48,283.32,1093.09,412.51,1,-1,-1,-1
419,13,787.74,95.25,943.18,476.43,1,-1,-1,-1
419,46,755.20,203.36,872.30,461.76,1,-1,-1,-1
419,77,1030.16,279.61,1092.12,413.68,1,-1,-1,-1
420,13,791.51,98.56,944.90,475.10,1,-1,-1,-1
420,46,755.47,203.15,872.04,458.95,1,-1,-1,-1
420,77,1028.84,278.10,1091.42,413.38,1,-1,-1,-1
421,13,793.79,98.65,947.42,475.76,1,-1,-1,-1
421,46,757.04,204.31,872.76,457.18,1,-1,-1,-1
421,77,1025.19,278.40,1088.54,415.35,1,-1,-1,-1
422,13,929.01,217.25,1020.33,438.15,1,-1,-1,-1
422,46,757.33,201.35,875.85,459.82,1,-1,-1,-1
423,13,1001.84,272.50,1063.65,420.27,1,-1,-1,-1
423,46,756.34,196.92,879.18,464.07,1,-1,-1,-1
423,60,830.85,131.42,967.62,469.05,1,-1,-1,-1
424,13,1021.13,287.19,1075.28,415.34,1,-1,-1,-1
424,46,755.69,193.26,881.82,466.97,1,-1,-1,-1
424,60,829.08,129.37,968.88,473.24,1,-1,-1,-1
425,13,1025.94,291.66,1077.25,411.94,1,-1,-1,-1
425,46,755.95,191.83,883.48,468.05,1,-1,-1,-1
425,60,827.88,127.53,969.91,475.84,1,-1,-1,-1
426,13,868.13,163.30,995.77,463.25,1,-1,-1,-1
426,46,757.55,193.24,883.75,465.80,1,-1,-1,-1
426,60,828.03,130.17,969.21,476.37,1,-1,-1,-1
427,13,816.77,120.60,968.80,479.25,1,-1,-1,-1
427,46,759.56,196.42,883.59,462.91,1,-1,-1,-1
427,77,1017.25,283.76,1079.25,417.65,1,-1,-1,-1
428,13,794.62,102.99,955.25,483.12,1,-1,-1,-1
428,46,598.37,185.66,744.89,502.30,1,-1,-1,-1
428,77,1016.96,285.52,1077.08,415.42,1,-1,-1,-1
429,13,781.92,87.93,948.91,484.59,1,-1,-1,-1
429,25,770.45,197.84,889.33,460.18,1,-1,-1,-1
429,46,571.84,184.88,720.87,506.93,1,-1,-1,-1
429,77,1014.64,286.21,1074.83,416.30,1,-1,-1,-1
430,13,779.54,76.47,953.64,490.73,1,-1,-1,-1
430,25,768.20,201.83,887.01,458.67,1,-1,-1,-1
431,13,779.77,71.22,957.19,494.20,1,-1,-1,-1
431,25,766.60,202.26,887.00,459.84,1,-1,-1,-1
431,77,1011.45,286.24,1071.15,415.45,1,-1,-1,-1
432,13,785.44,82.84,955.66,490.37,1,-1,-1,-1
432,25,763.92,205.15,883.37,460.69,1,-1,-1,-1
432,77,1012.40,293.13,1069.13,416.02,1,-1,-1,-1
433,13,784.90,92.94,951.89,493.82,1,-1,-1,-1
433,46,615.07,172.21,762.62,493.09,1,-1,-1,-1
433,49,1521.80,205.04,1624.75,441.22,1,-1,-1,-1
433,77,1011.76,295.49,1068.82,418.92,1,-1,-1,-1
434,13,785.72,111.69,942.45,489.83,1,-1,-1,-1
434,25,771.73,232.06,882.54,466.44,1,-1,-1,-1
434,46,622.31,171.60,772.45,499.92,1,-1,-1,-1
434,49,1514.56,206.04,1620.48,449.79,1,-1,-1,-1
434,77,1010.08,296.89,1066.90,419.79,1,-1,-1,-1
435,13,789.32,123.05,938.94,485.75,1,-1,-1,-1
435,25,765.46,232.91,878.95,470.86,1,-1,-1,-1
435,46,622.47,168.75,775.74,505.44,1,-1,-1,-1
435,49,1509.93,207.13,1615.95,451.13,1,-1,-1,-1
436,13,1248.89,178.35,1369.96,470.80,1,-1,-1,-1
436,25,764.62,240.74,876.73,474.28,1,-1,-1,-1
436,46,619.05,172.25,773.34,511.99,1,-1,-1,-1
437,13,1439.62,208.29,1547.52,468.12,1,-1,-1,-1
437,25,762.92,239.95,877.52,478.85,1,-1,-1,-1
437,46,622.71,178.87,776.73,517.68,1,-1,-1,-1
437,60,804.32,134.48,952.34,497.70,1,-1,-1,-1
437,77,1005.21,313.51,1063.49,440.80,1,-1,-1,-1
438,13,1007.42,150.32,1150.88,495.89,1,-1,-1,-1
438,25,762.25,238.84,878.66,481.77,1,-1,-1,-1
438,46,623.67,179.51,779.29,521.71,1,-1,-1,-1
438,60,802.77,135.45,951.03,499.27,1,-1,-1,-1
438,77,1005.42,316.74,1063.09,443.18,1,-1,-1,-1
439,13,1293.55,193.19,1415.26,485.72,1,-1,-1,-1
439,25,760.28,234.25,880.94,486.09,1,-1,-1,-1
439,46,623.86,179.11,781.02,524.43,1,-1,-1,-1
439,60,807.50,136.87,958.25,506.41,1,-1,-1,-1
439,77,1011.01,325.13,1064.78,443.31,1,-1,-1,-1
440,13,1105.11,283.47,1178.76,459.49,1,-1,-1,-1
440,25,759.20,231.77,882.24,488.94,1,-1,-1,-1
440,46,625.06,180.92,781.10,523.39,1,-1,-1,-1
440,49,1492.75,235.45,1597.55,477.65,1,-1,-1,-1
440,60,806.89,133.95,961.20,512.17,1,-1,-1,-1
440,77,1010.27,328.47,1063.63,445.74,1,-1,-1,-1
441,13,861.40,169.94,997.58,495.90,1,-1,-1,-1
441,25,759.63,232.68,881.34,487.30,1,-1,-1,-1
441,46,626.23,177.03,780.99,517.58,1,-1,-1,-1
441,49,1491.05,236.11,1596.55,480.95,1,-1,-1,-1
441,60,805.95,134.58,961.01,514.62,1,-1,-1,-1
441,77,1006.92,324.02,1063.49,448.83,1,-1,-1,-1
442,13,1182.31,201.90,1302.36,488.99,1,-1,-1,-1
442,25,759.38,231.60,881.52,487.21,1,-1,-1,-1
442,46,627.40,176.87,780.66,514.61,1,-1,-1,-1
442,49,1487.19,239.07,1592.80,484.15,1,-1,-1,-1
442,77,1006.19,323.50,1063.25,449.78,1,-1,-1,-1
443,13,1378.92,224.89,1486.36,481.92,1,-1,-1,-1
443,25,758.32,233.31,880.60,489.22,1,-1,-1,-1
443,46,629.76,179.46,779.70,510.11,1,-1,-1,-1
443,60,821.34,160.24,960.35,498.16,1,-1,-1,-1
443,77,1005.49,322.59,1063.00,450.07,1,-1,-1,-1
444,13,1128.13,284.23,1201.23,458.31,1,-1,-1,-1
444,46,631.13,181.79,778.61,507.00,1,-1,-1,-1
444,49,1486.54,242.46,1586.89,476.54,1,-1,-1,-1
444,60,825.05,163.75,958.41,486.77,1,-1,-1,-1
444,77,1004.50,324.39,1062.14,452.18,1,-1,-1,-1
445,13,1397.93,253.50,1488.90,469.96,1,-1,-1,-1
445,46,632.80,184.66,777.35,503.15,1,-1,-1,-1
445,49,1483.38,245.15,1583.32,478.30,1,-1,-1,-1
445,60,831.01,164.86,962.60,482.55,1,-1,-1,-1
445,77,1004.75,316.74,1063.30,447.09,1,-1,-1,-1
446,13,1424.10,249.86,1517.86,472.95,1,-1,-1,-1
446,46,759.14,159.65,908.24,490.99,1,-1,-1,-1
446,49,1481.32,243.96,1580.28,475.21,1,-1,-1,-1
446,60,832.74,167.60,962.66,481.27,1,-1,-1,-1
446,77,1004.42,313.85,1063.77,446.15,1,-1,-1,-1
447,25,646.11,197.19,788.08,495.20,1,-1,-1,-1
447,46,806.95,153.13,954.34,483.29,1,-1,-1,-1
447,49,1476.79,246.07,1574.12,473.40,1,-1,-1,-1
447,77,1003.59,314.31,1063.25,447.30,1,-1,-1,-1
448,13,1469.74,243.77,1567.20,474.79,1,-1,-1,-1
448,25,635.36,195.05,779.21,497.02,1,-1,-1,-1
448,46,701.58,178.47,841.31,490.28,1,-1,-1,-1
448,49,1473.57,248.32,1570.32,474.29,1,-1,-1,-1
449,13,1038.44,173.27,1169.94,485.27,1,-1,-1,-1
449,46,789.81,260.02,870.21,440.37,1,-1,-1,-1
450,13,899.74,146.02,1045.76,492.99,1,-1,-1,-1
450,46,665.21,201.32,794.44,490.14,1,-1,-1,-1
450,49,1458.96,240.16,1561.61,480.28,1,-1,-1,-1
451,13,837.39,136.12,991.43,502.97,1,-1,-1,-1
451,46,643.17,195.99,780.85,502.61,1,-1,-1,-1
451,49,1453.05,244.36,1555.79,484.55,1,-1,-1,-1
451,77,1004.52,318.73,1064.68,452.89,1,-1,-1,-1
452,13,818.57,155.86,963.36,501.53,1,-1,-1,-1
452,46,632.14,194.33,777.11,516.52,1,-1,-1,-1
452,49,1450.95,251.15,1553.15,490.03,1,-1,-1,-1
452,77,1004.93,324.63,1064.60,458.17,1,-1,-1,-1
453,13,810.55,159.33,955.81,507.06,1,-1,-1,-1
453,46,619.27,191.64,767.91,521.99,1,-1,-1,-1
453,49,1448.53,250.35,1553.44,495.99,1,-1,-1,-1
453,77,1005.73,329.25,1063.92,459.93,1,-1,-1,-1
454,13,807.94,164.04,954.47,514.84,1,-1,-1,-1
454,49,1443.02,253.27,1549.88,503.38,1,-1,-1,-1
454,77,1005.46,330.81,1063.68,461.57,1,-1,-1,-1
455,13,808.54,175.13,955.06,526.07,1,-1,-1,-1
455,25,743.02,257.14,864.18,511.87,1,-1,-1,-1
455,49,1438.96,254.96,1546.37,506.37,1,-1,-1,-1
455,77,1007.04,350.84,1060.31,470.08,1,-1,-1,-1
456,13,813.45,208.12,943.95,520.05,1,-1,-1,-1
456,25,752.33,260.10,872.15,513.96,1,-1,-1,-1
456,77,1006.70,354.81,1060.22,474.24,1,-1,-1,-1
457,13,812.17,209.15,946.60,530.75,1,-1,-1,-1
457,25,755.12,263.34,874.35,515.94,1,-1,-1,-1
457,46,619.46,216.60,770.33,551.99,1,-1,-1,-1
457,49,1426.23,255.54,1538.78,518.75,1,-1,-1,-1
457,77,1001.60,358.80,1056.43,481.65,1,-1,-1,-1
458,13,806.97,208.86,943.17,535.13,1,-1,-1,-1
458,46,622.23,222.49,770.14,551.79,1,-1,-1,-1
458,49,1424.19,256.32,1536.81,520.11,1,-1,-1,-1
458,77,999.90,361.48,1054.25,483.62,1,-1,-1,-1
459,13,803.75,204.28,944.16,541.21,1,-1,-1,-1
459,46,624.05,231.70,768.97,553.13,1,-1,-1,-1
459,49,1423.40,256.58,1535.61,519.23,1,-1,-1,-1
459,77,993.27,357.68,1051.49,488.88,1,-1,-1,-1
459,83,831.55,331.42,895.45,485.34,1,-1,-1,-1
460,13,783.60,201.84,927.00,545.96,1,-1,-1,-1
460,46,743.99,211.21,894.63,548.78,1,-1,-1,-1
460,49,1423.24,256.63,1535.29,518.78,1,-1,-1,-1
460,77,990.74,356.25,1049.96,490.13,1,-1,-1,-1
460,83,830.09,328.61,896.16,487.62,1,-1,-1,-1
461,13,799.39,207.49,937.00,537.96,1,-1,-1,-1
461,46,800.55,285.83,900.62,511.53,1,-1,-1,-1
461,49,1419.49,257.26,1531.23,517.85,1,-1,-1,-1
461,77,990.11,356.21,1049.11,489.82,1,-1,-1,-1
461,83,829.31,326.99,896.69,489.14,1,-1,-1,-1
462,13,1215.50,241.23,1333.71,523.50,1,-1,-1,-1
462,25,634.41,238.48,780.07,549.57,1,-1,-1,-1
462,46,823.82,318.43,901.51,494.86,1,-1,-1,-1
462,49,1415.95,258.34,1528.19,520.09,1,-1,-1,-1
462,77,988.56,358.19,1047.89,492.55,1,-1,-1,-1
463,13,934.41,204.45,1073.87,538.38,1,-1,-1,-1
463,25,625.54,236.00,773.11,552.67,1,-1,-1,-1
463,46,831.58,331.44,899.23,485.79,1,-1,-1,-1
463,49,1414.47,262.97,1521.88,512.77,1,-1,-1,-1
463,84,811.51,391.23,842.69,467.20,1,-1,-1,-1
464,13,967.45,295.59,1054.30,501.61,1,-1,-1,-1
464,25,615.35,235.11,765.28,556.84,1,-1,-1,-1
464,46,681.83,265.37,798.35,530.33,1,-1,-1,-1
464,49,1411.16,264.42,1518.49,514.03,1,-1,-1,-1
464,60,804.84,189.14,950.52,541.58,1,-1,-1,-1
464,84,810.33,385.65,842.83,464.62,1,-1,-1,-1
465,13,988.08,342.52,1046.70,480.35,1,-1,-1,-1
465,46,642.84,248.56,772.25,542.43,1,-1,-1,-1
465,60,802.19,179.73,952.21,543.60,1,-1,-1,-1
465,84,810.67,384.61,842.18,460.93,1,-1,-1,-1
466,13,993.16,353.55,1045.19,475.17,1,-1,-1,-1
466,46,625.85,241.34,760.68,547.15,1,-1,-1,-1
466,60,798.83,179.45,947.02,540.47,1,-1,-1,-1
466,84,811.01,385.85,841.06,458.28,1,-1,-1,-1
467,13,839.10,207.86,972.55,521.83,1,-1,-1,-1
467,46,621.03,239.95,756.62,547.46,1,-1,-1,-1
467,49,1402.63,262.73,1504.65,500.14,1,-1,-1,-1
467,60,797.23,179.91,946.24,542.89,1,-1,-1,-1
467,84,811.23,386.37,840.61,456.77,1,-1,-1,-1
468,13,794.00,171.71,946.64,533.15,1,-1,-1,-1
468,46,620.39,239.76,755.78,547.22,1,-1,-1,-1
468,49,1402.40,264.58,1501.92,496.40,1,-1,-1,-1
468,84,811.72,387.30,840.08,454.94,1,-1,-1,-1
469,13,1116.36,209.13,1246.07,515.87,1,-1,-1,-1
469,46,621.37,240.61,755.86,546.21,1,-1,-1,-1
469,49,1399.54,265.55,1498.29,495.60,1,-1,-1,-1
469,84,811.98,388.37,839.83,454.41,1,-1,-1,-1
470,13,1290.93,233.85,1405.48,504.59,1,-1,-1,-1
470,46,620.31,231.56,758.85,546.85,1,-1,-1,-1
470,60,796.83,173.19,943.58,533.45,1,-1,-1,-1
470,84,812.11,388.20,839.32,452.72,1,-1,-1,-1
471,13,968.29,188.66,1107.35,519.79,1,-1,-1,-1
471,46,616.62,229.49,755.88,546.32,1,-1,-1,-1
471,49,1395.34,261.07,1497.36,498.29,1,-1,-1,-1
471,60,795.55,172.97,942.81,534.50,1,-1,-1,-1
471,84,811.30,381.45,841.35,452.64,1,-1,-1,-1
472,13,853.66,172.29,1000.69,524.45,1,-1,-1,-1
472,46,616.29,229.58,754.91,544.60,1,-1,-1,-1
472,49,1392.75,252.29,1498.34,497.99,1,-1,-1,-1
472,84,812.03,381.43,841.48,451.07,1,-1,-1,-1
473,13,801.91,162.26,954.81,530.31,1,-1,-1,-1
473,46,617.42,231.16,754.51,542.43,1,-1,-1,-1
473,49,1391.83,249.88,1498.07,497.23,1,-1,-1,-1
473,84,812.53,380.81,841.98,450.54,1,-1,-1,-1
474,13,783.76,168.83,933.97,531.28,1,-1,-1,-1
474,46,623.63,233.96,757.51,538.81,1,-1,-1,-1
474,49,1391.60,248.99,1498.04,496.95,1,-1,-1,-1
474,84,812.68,379.85,841.96,449.20,1,-1,-1,-1
475,13,777.27,169.27,928.55,535.03,1,-1,-1,-1
475,46,628.50,239.84,757.22,533.32,1,-1,-1,-1
475,49,1391.78,248.03,1498.61,496.86,1,-1,-1,-1
475,77,1000.45,350.69,1051.49,467.25,1,-1,-1,-1
475,84,819.75,382.92,847.02,447.18,1,-1,-1,-1
476,13,781.19,172.68,930.29,533.18,1,-1,-1,-1
476,46,761.83,285.51,854.10,496.50,1,-1,-1,-1
476,49,1389.79,247.12,1496.86,496.52,1,-1,-1,-1
476,77,1000.80,350.67,1051.45,466.34,1,-1,-1,-1
476,84,825.91,382.83,852.72,445.93,1,-1,-1,-1
477,13,792.30,183.27,933.45,524.48,1,-1,-1,-1
477,25,639.81,250.26,765.99,523.43,1,-1,-1,-1
477,46,823.39,305.35,899.83,480.44,1,-1,-1,-1
477,49,1397.75,250.70,1502.30,494.49,1,-1,-1,-1
477,77,1008.34,350.94,1057.87,464.24,1,-1,-1,-1
477,84,827.87,383.48,853.94,444.85,1,-1,-1,-1
478,13,793.19,170.37,941.75,529.74,1,-1,-1,-1
478,25,640.69,238.55,770.84,524.44,1,-1,-1,-1
478,46,848.20,316.15,915.59,470.70,1,-1,-1,-1
478,49,1398.75,249.40,1504.71,496.03,1,-1,-1,-1
478,77,1014.29,351.69,1062.10,461.66,1,-1,-1,-1
478,84,829.52,383.18,855.14,443.49,1,-1,-1,-1
479,13,799.23,168.18,948.48,529.14,1,-1,-1,-1
479,25,643.94,231.88,777.39,527.96,1,-1,-1,-1
479,46,978.89,337.91,1032.79,461.28,1,-1,-1,-1
479,49,1397.99,248.85,1504.06,495.75,1,-1,-1,-1
479,77,1016.10,351.80,1063.31,460.41,1,-1,-1,-1
480,13,802.58,161.65,953.35,526.10,1,-1,-1,-1
480,25,646.84,230.78,779.50,527.29,1,-1,-1,-1
480,46,1022.40,342.33,1072.64,457.37,1,-1,-1,-1
481,13,804.83,159.61,955.95,524.73,1,-1,-1,-1
481,25,648.18,230.44,780.11,527.03,1,-1,-1,-1
481,46,1032.78,343.30,1082.20,456.48,1,-1,-1,-1
482,13,808.43,143.22,964.82,522.11,1,-1,-1,-1
482,25,648.27,229.11,780.70,526.84,1,-1,-1,-1
482,46,768.36,258.11,870.45,491.65,1,-1,-1,-1
482,49,1395.86,226.69,1510.96,493.22,1,-1,-1,-1
482,77,1029.76,335.67,1079.17,450.61,1,-1,-1,-1
483,13,812.96,138.47,965.97,510.17,1,-1,-1,-1
483,25,662.21,220.08,788.19,504.09,1,-1,-1,-1
483,46,736.54,244.38,846.47,495.86,1,-1,-1,-1
483,49,1401.08,227.40,1514.34,488.92,1,-1,-1,-1
483,77,1031.82,329.24,1081.60,445.51,1,-1,-1,-1
484,13,814.57,130.73,967.52,502.61,1,-1,-1,-1
484,25,663.96,217.82,789.64,501.16,1,-1,-1,-1
484,46,679.98,222.84,800.17,497.34,1,-1,-1,-1
484,49,1398.91,223.76,1511.05,482.09,1,-1,-1,-1
484,77,1034.45,326.94,1084.24,443.21,1,-1,-1,-1
485,13,715.78,177.54,848.15,497.72,1,-1,-1,-1
485,46,646.51,208.59,774.70,501.37,1,-1,-1,-1
485,49,1397.58,221.15,1510.33,480.23,1,-1,-1,-1
485,84,852.71,340.33,887.14,420.44,1,-1,-1,-1
486,13,780.41,133.32,932.28,500.56,1,-1,-1,-1
486,49,1397.16,218.80,1510.30,478.77,1,-1,-1,-1
486,77,1037.98,322.05,1086.82,436.40,1,-1,-1,-1
486,84,855.36,336.57,890.32,417.93,1,-1,-1,-1
487,13,797.15,121.17,953.53,498.95,1,-1,-1,-1
487,46,653.60,205.65,779.97,494.34,1,-1,-1,-1
487,77,1039.34,321.98,1087.11,433.96,1,-1,-1,-1
488,13,805.48,117.99,962.06,496.35,1,-1,-1,-1
488,46,658.80,207.63,782.61,491.16,1,-1,-1,-1
488,77,1039.58,317.28,1088.04,430.48,1,-1,-1,-1
489,13,807.50,128.92,957.61,492.08,1,-1,-1,-1
489,46,660.16,206.89,784.05,491.38,1,-1,-1,-1
489,77,1039.77,320.26,1087.51,431.92,1,-1,-1,-1
490,13,808.14,132.40,956.54,491.75,1,-1,-1,-1
490,46,660.55,205.60,785.19,492.04,1,-1,-1,-1
490,77,1038.98,321.49,1086.66,433.25,1,-1,-1,-1
491,13,805.83,137.90,950.40,488.36,1,-1,-1,-1
491,46,662.26,206.75,785.57,490.30,1,-1,-1,-1
491,77,1040.55,320.06,1088.09,431.48,1,-1,-1,-1
492,13,804.26,138.28,948.46,488.43,1,-1,-1,-1
492,46,666.22,197.93,793.17,490.79,1,-1,-1,-1
493,13,803.90,138.59,947.77,488.49,1,-1,-1,-1
493,46,668.34,194.76,796.36,490.94,1,-1,-1,-1
494,13,804.00,138.87,947.57,488.55,1,-1,-1,-1
494,46,670.00,193.86,798.07,490.92,1,-1,-1,-1
495,13,798.61,137.15,943.93,491.25,1,-1,-1,-1
495,46,670.16,190.61,800.97,494.08,1,-1,-1,-1
495,77,1038.99,322.27,1086.41,433.19,1,-1,-1,-1
496,13,792.15,137.27,938.01,492.29,1,-1,-1,-1
496,46,669.97,188.30,803.09,497.19,1,-1,-1,-1
496,77,1039.85,321.57,1087.15,432.24,1,-1,-1,-1
497,13,788.42,133.50,937.26,495.99,1,-1,-1,-1
497,46,670.21,187.65,803.74,497.71,1,-1,-1,-1
498,13,782.70,132.16,932.35,496.74,1,-1,-1,-1
498,46,671.02,188.32,804.05,497.19,1,-1,-1,-1
499,13,780.68,131.76,930.56,497.02,1,-1,-1,-1
499,46,671.74,188.82,804.45,496.92,1,-1,-1,-1
500,13,779.61,126.46,930.44,494.48,1,-1,-1,-1
500,46,674.69,199.01,802.51,495.46,1,-1,-1,-1
500,77,1029.75,309.81,1084.02,435.37,1,-1,-1,-1
501,13,778.62,122.57,931.23,495.48,1,-1,-1,-1
501,46,675.97,202.55,802.32,495.49,1,-1,-1,-1
501,77,1029.35,310.07,1083.86,435.01,1,-1,-1,-1
502,13,773.52,120.53,927.30,496.51,1,-1,-1,-1
502,46,676.34,203.31,802.77,496.13,1,-1,-1,-1
502,77,1029.47,310.87,1083.53,434.24,1,-1,-1,-1
503,13,771.17,118.55,926.41,498.21,1,-1,-1,-1
503,25,910.73,260.41,997.57,455.93,1,-1,-1,-1
503,46,676.87,204.35,802.93,496.34,1,-1,-1,-1
503,77,1033.94,317.78,1085.56,435.26,1,-1,-1,-1
504,13,767.26,125.09,920.14,499.51,1,-1,-1,-1
504,25,904.35,250.35,1000.05,465.62,1,-1,-1,-1
504,46,677.25,205.49,802.52,495.72,1,-1,-1,-1
504,77,1035.75,320.49,1086.24,435.01,1,-1,-1,-1
505,13,765.47,127.73,917.60,500.65,1,-1,-1,-1
505,25,897.94,244.89,998.41,470.95,1,-1,-1,-1
505,46,675.71,202.02,804.37,500.09,1,-1,-1,-1
505,77,1036.25,321.49,1086.64,435.59,1,-1,-1,-1
506,13,764.35,126.81,917.98,503.70,1,-1,-1,-1
506,25,895.69,243.46,997.39,472.35,1,-1,-1,-1
506,46,677.40,209.26,803.66,501.05,1,-1,-1,-1
506,77,1035.93,321.19,1087.27,437.14,1,-1,-1,-1
507,13,766.66,137.66,914.91,502.20,1,-1,-1,-1
507,25,901.41,253.65,998.28,472.21,1,-1,-1,-1
507,46,673.17,211.50,799.31,502.69,1,-1,-1,-1
507,77,1036.59,327.01,1086.70,439.70,1,-1,-1,-1
508,13,766.62,138.57,915.62,505.59,1,-1,-1,-1
508,25,911.43,269.21,1000.25,470.09,1,-1,-1,-1
508,46,673.34,219.63,796.81,504.59,1,-1,-1,-1
508,77,1035.80,327.90,1087.49,444.02,1,-1,-1,-1
509,13,767.08,144.84,915.53,510.78,1,-1,-1,-1
509,25,915.62,281.82,999.02,471.40,1,-1,-1,-1
509,46,670.42,220.21,794.16,505.79,1,-1,-1,-1
509,77,1036.50,332.81,1088.10,448.87,1,-1,-1,-1
510,13,772.19,153.17,919.34,516.02,1,-1,-1,-1
510,25,915.17,282.56,1000.71,477.43,1,-1,-1,-1
510,46,682.46,242.87,796.90,507.78,1,-1,-1,-1
510,77,1035.51,331.36,1090.88,455.98,1,-1,-1,-1
511,13,779.98,163.57,924.35,519.26,1,-1,-1,-1
511,25,919.32,286.12,1006.25,484.21,1,-1,-1,-1
511,46,679.69,235.48,803.30,521.59,1,-1,-1,-1
511,77,1040.05,336.58,1094.70,459.88,1,-1,-1,-1
512,13,781.23,163.40,928.01,525.08,1,-1,-1,-1
512,25,923.92,284.61,1014.27,490.03,1,-1,-1,-1
512,46,681.44,229.28,811.73,531.28,1,-1,-1,-1
512,77,1046.38,339.29,1100.87,461.99,1,-1,-1,-1
513,13,790.34,176.46,930.61,523.21,1,-1,-1,-1
513,25,926.51,289.87,1016.74,495.43,1,-1,-1,-1
513,46,687.62,233.91,817.96,536.23,1,-1,-1,-1
513,77,1054.38,347.49,1106.11,464.03,1,-1,-1,-1
514,13,795.57,190.09,929.89,522.35,1,-1,-1,-1
514,25,932.17,297.05,1021.21,500.05,1,-1,-1,-1
514,46,689.17,231.78,822.69,541.94,1,-1,-1,-1
514,77,1056.81,349.22,1109.28,467.38,1,-1,-1,-1
515,13,803.58,198.33,932.96,518.56,1,-1,-1,-1
515,25,940.36,303.62,1025.78,498.33,1,-1,-1,-1
515,46,696.81,238.08,825.21,536.86,1,-1,-1,-1
515,77,1058.76,351.34,1111.27,469.61,1,-1,-1,-1
516,13,805.16,192.96,935.33,515.76,1,-1,-1,-1
516,25,943.25,304.53,1028.57,498.89,1,-1,-1,-1
516,46,700.18,241.17,826.44,534.64,1,-1,-1,-1
516,77,1063.47,349.99,1115.97,468.07,1,-1,-1,-1
517,13,805.74,190.90,936.08,514.73,1,-1,-1,-1
517,25,942.30,297.39,1030.62,498.35,1,-1,-1,-1
517,46,701.78,242.26,827.14,533.05,1,-1,-1,-1
517,49,1369.71,251.63,1480.45,506.74,1,-1,-1,-1
517,77,1065.12,353.95,1117.51,471.32,1,-1,-1,-1
518,13,804.59,186.65,937.61,517.67,1,-1,-1,-1
518,25,948.55,299.93,1033.76,493.50,1,-1,-1,-1
518,46,706.54,242.61,831.79,532.37,1,-1,-1,-1
518,49,1368.48,250.86,1480.28,509.43,1,-1,-1,-1
518,77,1070.68,357.97,1120.98,470.44,1,-1,-1,-1
519,13,804.71,186.30,937.55,517.43,1,-1,-1,-1
519,25,950.08,299.43,1035.39,492.85,1,-1,-1,-1
519,46,708.44,243.35,833.33,531.38,1,-1,-1,-1
519,49,1368.78,256.08,1479.51,512.96,1,-1,-1,-1
519,77,1071.90,358.04,1122.93,472.04,1,-1,-1,-1
520,13,805.58,187.40,937.25,515.99,1,-1,-1,-1
520,25,957.40,307.84,1038.30,491.24,1,-1,-1,-1
520,46,714.48,245.56,837.75,528.95,1,-1,-1,-1
520,49,1368.50,257.29,1479.71,515.56,1,-1,-1,-1
520,77,1072.39,358.02,1123.48,471.91,1,-1,-1,-1
521,13,807.00,190.40,935.95,512.76,1,-1,-1,-1
521,25,961.86,310.66,1041.77,491.84,1,-1,-1,-1
521,46,716.24,245.67,839.80,528.64,1,-1,-1,-1
521,49,1364.93,259.68,1474.57,513.75,1,-1,-1,-1
521,77,1074.59,359.76,1125.55,473.36,1,-1,-1,-1
522,13,803.45,177.40,939.47,516.89,1,-1,-1,-1
522,25,974.15,310.71,1048.92,480.13,1,-1,-1,-1
522,46,718.53,248.98,839.45,524.51,1,-1,-1,-1
522,49,1364.19,261.84,1472.13,511.63,1,-1,-1,-1
523,13,801.31,170.70,941.57,520.35,1,-1,-1,-1
523,25,976.47,310.25,1050.71,478.38,1,-1,-1,-1
523,46,718.89,249.49,839.64,523.58,1,-1,-1,-1
523,49,1363.31,257.81,1471.26,508.09,1,-1,-1,-1
524,13,799.82,167.45,942.33,522.32,1,-1,-1,-1
524,25,977.18,310.08,1051.28,477.82,1,-1,-1,-1
524,46,723.56,250.30,843.71,522.56,1,-1,-1,-1
524,49,1358.89,256.95,1466.43,506.09,1,-1,-1,-1
525,13,792.21,160.35,940.46,528.93,1,-1,-1,-1
525,25,977.64,309.95,1051.66,477.64,1,-1,-1,-1
525,46,725.30,249.88,845.77,522.85,1,-1,-1,-1
525,49,1356.96,257.25,1463.68,504.67,1,-1,-1,-1
526,13,789.80,158.96,939.25,530.13,1,-1,-1,-1
526,25,977.70,309.16,1052.30,478.29,1,-1,-1,-1
526,46,727.50,251.00,847.48,522.86,1,-1,-1,-1
526,49,1352.66,262.02,1458.34,506.82,1,-1,-1,-1
527,13,784.81,159.78,933.69,529.23,1,-1,-1,-1
527,25,981.81,310.15,1055.53,477.22,1,-1,-1,-1
527,49,1351.07,264.43,1455.83,506.96,1,-1,-1,-1
528,13,915.34,256.49,1012.76,496.06,1,-1,-1,-1
528,25,985.33,311.40,1058.20,476.53,1,-1,-1,-1
528,49,1348.96,258.58,1455.93,506.34,1,-1,-1,-1
528,89,8.80,350.15,140.23,521.02,1,-1,-1,-1
529,13,972.69,298.50,1047.71,481.50,1,-1,-1,-1
529,46,773.33,174.80,925.83,523.88,1,-1,-1,-1
529,49,1349.07,258.37,1455.20,504.13,1,-1,-1,-1
529,89,9.75,351.99,139.45,520.27,1,-1,-1,-1
530,13,992.21,311.99,1059.55,475.52,1,-1,-1,-1
530,25,1040.15,318.27,1112.65,481.88,1,-1,-1,-1
530,46,774.72,166.79,929.36,523.37,1,-1,-1,-1
530,49,1344.33,256.94,1451.24,504.62,1,-1,-1,-1
530,89,9.74,353.82,137.92,520.12,1,-1,-1,-1
531,13,833.97,215.33,954.11,507.86,1,-1,-1,-1
531,25,1048.81,319.98,1120.57,481.91,1,-1,-1,-1
531,46,780.31,159.97,937.93,523.44,1,-1,-1,-1
531,49,1341.89,255.07,1449.90,505.47,1,-1,-1,-1
532,13,786.74,180.90,925.81,519.37,1,-1,-1,-1
532,49,1341.89,256.33,1448.63,503.82,1,-1,-1,-1
533,13,897.70,250.16,999.84,497.49,1,-1,-1,-1
533,49,1342.49,256.82,1448.39,502.53,1,-1,-1,-1
534,13,959.65,288.62,1041.23,485.27,1,-1,-1,-1
534,46,769.09,160.51,925.86,523.95,1,-1,-1,-1
534,49,1342.76,257.66,1447.74,501.39,1,-1,-1,-1
535,13,980.97,301.74,1056.04,481.81,1,-1,-1,-1
535,46,761.45,158.50,920.07,527.43,1,-1,-1,-1
535,49,1342.31,257.30,1447.50,501.65,1,-1,-1,-1
536,13,987.77,305.89,1060.72,480.00,1,-1,-1,-1
536,46,757.69,155.14,918.88,531.19,1,-1,-1,-1
536,49,1338.14,257.16,1443.59,501.76,1,-1,-1,-1
537,13,991.67,300.36,1069.96,486.34,1,-1,-1,-1
537,46,757.56,156.58,916.92,529.37,1,-1,-1,-1
537,49,1336.79,257.10,1441.99,501.15,1,-1,-1,-1
538,13,827.33,193.22,964.52,519.18,1,-1,-1,-1
538,46,759.24,152.37,920.60,529.83,1,-1,-1,-1
538,49,1333.15,246.47,1444.00,503.58,1,-1,-1,-1
539,13,771.58,157.94,927.77,528.98,1,-1,-1,-1
539,25,996.64,295.21,1078.47,479.10,1,-1,-1,-1
539,49,1333.54,245.78,1443.06,499.95,1,-1,-1,-1
540,13,744.97,140.74,910.26,533.45,1,-1,-1,-1
540,25,992.95,290.77,1077.94,481.54,1,-1,-1,-1
540,49,1333.35,240.95,1443.20,495.89,1,-1,-1,-1
540,89,-26.30,354.15,120.62,545.77,1,-1,-1,-1
541,13,887.76,219.18,1007.35,501.88,1,-1,-1,-1
541,25,992.07,289.27,1077.74,481.56,1,-1,-1,-1
541,49,1334.77,241.15,1442.52,491.08,1,-1,-1,-1
541,89,-29.23,354.54,118.96,547.80,1,-1,-1,-1
542,13,960.75,260.41,1056.09,484.39,1,-1,-1,-1
542,46,747.90,143.16,912.58,529.26,1,-1,-1,-1
542,49,1333.57,232.65,1444.11,489.29,1,-1,-1,-1
543,13,805.65,175.90,950.18,516.06,1,-1,-1,-1
543,46,748.05,139.59,914.35,529.52,1,-1,-1,-1
543,49,1333.18,229.55,1444.69,488.65,1,-1,-1,-1
543,93,136.92,380.32,268.08,547.64,1,-1,-1,-1
544,13,760.24,151.53,918.37,524.36,1,-1,-1,-1
544,25,995.49,278.89,1085.35,480.21,1,-1,-1,-1
544,49,1332.95,228.44,1444.43,487.81,1,-1,-1,-1
544,77,947.76,311.44,1007.93,447.29,1,-1,-1,-1
544,93,139.36,383.35,265.64,544.56,1,-1,-1,-1
545,13,738.26,132.85,906.25,529.06,1,-1,-1,-1
545,25,998.17,272.27,1092.87,484.74,1,-1,-1,-1
545,49,1333.26,229.42,1443.33,485.56,1,-1,-1,-1
545,77,946.22,311.66,1005.15,445.41,1,-1,-1,-1
545,93,140.69,384.92,264.31,542.73,1,-1,-1,-1
546,13,730.72,126.24,901.94,530.19,1,-1,-1,-1
546,25,998.44,267.40,1096.76,488.22,1,-1,-1,-1
546,49,1328.04,222.60,1440.38,484.09,1,-1,-1,-1
546,77,946.56,312.52,1004.29,444.07,1,-1,-1,-1
546,93,130.01,372.98,262.78,543.60,1,-1,-1,-1
547,13,726.51,132.41,894.64,529.14,1,-1,-1,-1
547,25,998.47,265.56,1098.34,490.21,1,-1,-1,-1
547,49,1325.52,219.45,1439.24,484.23,1,-1,-1,-1
547,77,946.84,312.26,1004.24,443.61,1,-1,-1,-1
547,93,128.44,371.41,261.50,542.40,1,-1,-1,-1
547,95,-30.18,337.34,108.92,539.96,1,-1,-1,-1
548,13,724.95,133.89,892.99,530.35,1,-1,-1,-1
548,25,1002.41,264.30,1103.35,492.26,1,-1,-1,-1
548,49,1324.08,217.08,1438.32,483.08,1,-1,-1,-1
548,77,952.38,316.18,1006.35,440.18,1,-1,-1,-1
548,95,-32.61,332.03,110.78,542.12,1,-1,-1,-1
549,13,728.61,129.25,898.37,530.01,1,-1,-1,-1
549,25,1004.15,264.53,1105.04,493.04,1,-1,-1,-1
549,77,953.65,313.73,1009.85,442.98,1,-1,-1,-1
549,95,-31.24,332.42,110.06,540.07,1,-1,-1,-1
549,96,138.85,373.82,252.15,541.18,1,-1,-1,-1
550,13,733.14,136.18,899.33,528.45,1,-1,-1,-1
550,25,1012.72,272.51,1106.81,486.17,1,-1,-1,-1
550,77,958.19,313.52,1014.93,443.99,1,-1,-1,-1
550,95,-32.81,329.93,110.12,539.96,1,-1,-1,-1
550,96,136.14,370.26,254.86,545.51,1,-1,-1,-1
550,94,1330.50,224.34,1447.71,492.46,1,-1,-1,-1
551,13,736.10,140.26,900.28,527.61,1,-1,-1,-1
551,25,1015.92,278.44,1108.22,488.10,1,-1,-1,-1
551,77,958.36,308.23,1020.00,450.33,1,-1,-1,-1
551,96,137.11,376.36,253.89,548.34,1,-1,-1,-1
551,94,1332.92,233.49,1446.48,493.35,1,-1,-1,-1
552,13,737.61,145.54,901.49,532.33,1,-1,-1,-1
552,25,1018.91,279.98,1115.46,499.43,1,-1,-1,-1
552,77,963.45,313.28,1024.55,453.97,1,-1,-1,-1
552,95,-23.42,347.80,114.13,547.86,1,-1,-1,-1
552,96,139.26,375.69,261.07,553.56,1,-1,-1,-1
552,94,1336.80,233.69,1452.49,498.71,1,-1,-1,-1
553,13,740.50,156.40,900.67,535.33,1,-1,-1,-1
553,25,1025.40,286.38,1122.41,506.82,1,-1,-1,-1
553,77,964.68,315.42,1030.01,465.91,1,-1,-1,-1
553,95,-23.04,348.67,114.65,548.95,1,-1,-1,-1
553,96,147.26,383.69,266.59,556.68,1,-1,-1,-1
553,94,1340.26,246.47,1453.58,506.07,1,-1,-1,-1
554,13,745.41,157.09,906.92,540.27,1,-1,-1,-1
554,25,1033.19,290.87,1129.52,509.64,1,-1,-1,-1
554,77,977.32,329.62,1036.46,465.90,1,-1,-1,-1
554,96,155.66,392.16,272.78,561.84,1,-1,-1,-1
554,94,1343.97,250.20,1461.12,518.40,1,-1,-1,-1
555,13,751.91,160.82,914.46,547.25,1,-1,-1,-1
555,25,1043.09,301.13,1135.00,509.97,1,-1,-1,-1
555,77,987.74,339.59,1044.13,469.80,1,-1,-1,-1
555,96,158.30,395.10,275.85,564.94,1,-1,-1,-1
555,94,1347.45,246.60,1470.95,529.39,1,-1,-1,-1
556,13,756.45,155.97,925.18,557.62,1,-1,-1,-1
556,25,1050.77,305.68,1140.95,510.65,1,-1,-1,-1
556,77,988.93,336.41,1050.73,479.24,1,-1,-1,-1
556,96,166.71,404.86,278.76,565.95,1,-1,-1,-1
556,94,1356.85,262.39,1474.90,532.60,1,-1,-1,-1
557,13,757.72,152.31,930.16,563.41,1,-1,-1,-1
557,25,1051.96,303.27,1145.17,514.84,1,-1,-1,-1
557,77,996.82,345.55,1054.57,479.37,1,-1,-1,-1
557,96,168.42,406.92,280.89,567.51,1,-1,-1,-1
557,94,1360.03,267.02,1477.13,534.76,1,-1,-1,-1
557,98,1592.90,372.34,1664.63,485.05,1,-1,-1,-1
558,13,752.24,150.42,930.18,574.54,1,-1,-1,-1
558,25,1061.08,304.97,1156.23,520.93,1,-1,-1,-1
558,77,1005.52,353.24,1057.79,474.51,1,-1,-1,-1
558,96,173.63,407.52,286.33,567.31,1,-1,-1,-1
558,94,1360.07,266.51,1478.76,537.35,1,-1,-1,-1
558,98,1596.60,373.64,1667.85,485.59,1,-1,-1,-1
559,13,755.22,151.76,933.75,577.44,1,-1,-1,-1
559,25,1065.65,307.52,1159.75,521.21,1,-1,-1,-1
559,77,1008.38,355.93,1060.15,476.02,1,-1,-1,-1
559,96,176.07,408.94,287.52,565.77,1,-1,-1,-1
559,94,1359.30,264.83,1479.90,539.45,1,-1,-1,-1
559,98,1600.04,371.45,1674.55,488.67,1,-1,-1,-1
560,13,751.43,149.89,932.12,580.94,1,-1,-1,-1
560,25,1067.47,309.09,1160.64,520.54,1,-1,-1,-1
560,96,175.85,408.63,288.09,565.79,1,-1,-1,-1
560,94,1359.16,264.72,1479.92,539.39,1,-1,-1,-1
560,98,1598.95,368.35,1677.41,492.13,1,-1,-1,-1
561,13,750.42,149.95,931.31,581.46,1,-1,-1,-1
561,25,1067.73,308.95,1161.06,520.85,1,-1,-1,-1
561,96,170.03,407.06,285.09,567.74,1,-1,-1,-1
561,94,1358.80,265.20,1479.33,539.17,1,-1,-1,-1
561,98,1598.51,366.62,1678.99,493.96,1,-1,-1,-1
561,100,1003.77,336.19,1066.23,481.81,1,-1,-1,-1
562,13,744.37,147.52,927.86,584.72,1,-1,-1,-1
562,25,1067.57,308.84,1161.19,521.57,1,-1,-1,-1
562,46,954.13,371.53,995.96,468.76,1,-1,-1,-1
562,96,167.58,405.74,284.12,568.42,1,-1,-1,-1
562,94,1358.83,265.27,1479.39,538.93,1,-1,-1,-1
562,98,1598.88,370.01,1679.43,497.91,1,-1,-1,-1
562,100,1010.54,345.68,1067.75,479.10,1,-1,-1,-1
563,13,742.00,146.69,926.16,585.17,1,-1,-1,-1
563,25,1071.40,308.08,1165.66,522.43,1,-1,-1,-1
563,46,957.23,374.21,998.00,468.92,1,-1,-1,-1
563,96,166.96,405.82,283.29,567.96,1,-1,-1,-1
563,94,1358.22,264.53,1479.20,538.70,1,-1,-1,-1
563,98,1598.18,369.99,1680.16,500.67,1,-1,-1,-1
563,100,1015.10,351.17,1068.22,475.08,1,-1,-1,-1
564,13,741.49,147.15,925.39,584.52,1,-1,-1,-1
564,25,1073.46,309.72,1166.50,521.38,1,-1,-1,-1
564,46,957.49,374.50,998.43,469.52,1,-1,-1,-1
564,96,167.45,407.11,281.47,565.73,1,-1,-1,-1
564,94,1358.12,264.83,1478.85,537.84,1,-1,-1,-1
564,98,1599.06,370.65,1680.45,500.97,1,-1,-1,-1
564,100,1014.41,345.14,1070.28,475.41,1,-1,-1,-1
565,13,737.75,149.41,919.75,582.15,1,-1,-1,-1
565,25,1076.56,310.89,1169.67,522.69,1,-1,-1,-1
565,46,956.46,374.08,998.17,470.59,1,-1,-1,-1
565,96,163.52,408.19,276.75,564.84,1,-1,-1,-1
565,94,1357.35,263.54,1479.31,538.73,1,-1,-1,-1
565,98,1598.70,370.90,1680.39,502.31,1,-1,-1,-1
565,100,1058.06,323.66,1135.61,504.24,1,-1,-1,-1
566,13,735.76,149.06,917.76,581.75,1,-1,-1,-1
566,46,955.80,373.75,998.17,471.70,1,-1,-1,-1
566,77,1015.23,349.90,1070.48,478.30,1,-1,-1,-1
566,96,160.95,407.20,275.39,565.14,1,-1,-1,-1
566,94,1356.82,263.00,1479.63,539.64,1,-1,-1,-1
566,98,1599.62,372.31,1679.84,502.08,1,-1,-1,-1
566,100,1070.97,315.82,1159.36,521.16,1,-1,-1,-1
567,13,731.39,150.32,912.32,580.84,1,-1,-1,-1
567,46,949.91,369.92,995.76,476.40,1,-1,-1,-1
567,77,1016.99,350.52,1072.32,479.12,1,-1,-1,-1
567,95,-14.75,361.00,122.70,554.12,1,-1,-1,-1
567,96,154.70,407.46,270.88,565.90,1,-1,-1,-1
567,94,1356.86,263.40,1479.41,539.25,1,-1,-1,-1
567,98,1598.43,371.52,1680.36,504.56,1,-1,-1,-1
567,100,1043.60,335.09,1113.77,498.01,1,-1,-1,-1
568,13,728.35,147.58,911.89,584.34,1,-1,-1,-1
568,46,953.56,376.75,996.75,477.30,1,-1,-1,-1
568,77,1020.89,356.46,1075.20,483.09,1,-1,-1,-1
568,95,-14.05,361.88,123.13,554.61,1,-1,-1,-1
568,96,152.22,412.81,268.65,569.48,1,-1,-1,-1
568,94,1359.74,274.08,1477.03,537.69,1,-1,-1,-1
568,98,1604.80,379.08,1682.17,504.79,1,-1,-1,-1
568,100,1065.49,323.30,1153.22,526.34,1,-1,-1,-1
569,13,726.94,145.95,911.55,585.59,1,-1,-1,-1
569,46,954.33,378.01,997.88,479.62,1,-1,-1,-1
569,77,1021.39,357.86,1076.58,486.77,1,-1,-1,-1
569,95,-9.88,378.21,119.11,549.40,1,-1,-1,-1
569,96,147.47,410.79,271.67,576.13,1,-1,-1,-1
569,94,1359.24,274.73,1477.61,541.04,1,-1,-1,-1
569,98,1607.92,387.42,1682.78,508.80,1,-1,-1,-1
569,100,1077.23,319.50,1170.96,536.03,1,-1,-1,-1
570,13,725.93,144.73,912.14,587.95,1,-1,-1,-1
570,46,955.59,385.23,997.28,482.42,1,-1,-1,-1
570,77,1022.05,362.28,1076.55,490.02,1,-1,-1,-1
570,95,-8.39,380.70,118.65,549.29,1,-1,-1,-1
570,96,137.59,404.83,272.49,583.09,1,-1,-1,-1
570,94,1357.49,271.60,1479.35,546.19,1,-1,-1,-1
570,98,1609.43,391.11,1683.18,510.21,1,-1,-1,-1
570,100,1085.20,316.77,1182.67,541.74,1,-1,-1,-1
571,13,721.67,148.26,907.95,592.04,1,-1,-1,-1
571,46,955.35,385.76,998.43,486.13,1,-1,-1,-1
571,77,1021.26,361.94,1078.10,495.16,1,-1,-1,-1
571,95,-6.24,395.33,114.01,545.76,1,-1,-1,-1
571,96,135.64,408.90,271.00,587.00,1,-1,-1,-1
571,94,1355.83,272.34,1480.96,553.97,1,-1,-1,-1
571,98,1618.10,403.14,1683.16,507.29,1,-1,-1,-1
571,100,956.99,313.26,1050.48,528.73,1,-1,-1,-1
572,13,719.77,149.02,906.82,594.83,1,-1,-1,-1
572,25,1084.99,324.73,1182.10,545.36,1,-1,-1,-1
572,46,954.04,383.90,999.39,489.40,1,-1,-1,-1
572,77,1020.85,361.13,1079.36,498.33,1,-1,-1,-1
572,95,-9.83,396.92,116.47,548.69,1,-1,-1,-1
572,96,133.27,408.57,271.46,590.42,1,-1,-1,-1
572,94,1354.98,273.23,1481.08,556.87,1,-1,-1,-1
572,98,1621.35,407.55,1683.65,506.73,1,-1,-1,-1
572,100,898.05,309.41,991.91,525.53,1,-1,-1,-1
573,13,718.82,149.35,906.17,595.80,1,-1,-1,-1
573,25,1086.32,323.38,1182.13,541.09,1,-1,-1,-1
573,46,952.71,381.18,1000.57,492.53,1,-1,-1,-1
573,77,1020.09,359.48,1080.35,500.79,1,-1,-1,-1
573,95,-14.71,402.93,113.46,551.64,1,-1,-1,-1
573,96,130.00,405.18,274.07,595.54,1,-1,-1,-1
573,94,1355.37,274.83,1481.02,557.22,1,-1,-1,-1
573,98,1622.24,409.61,1683.19,505.82,1,-1,-1,-1
573,100,875.11,308.02,969.40,524.81,1,-1,-1,-1
574,13,718.70,150.17,905.89,596.07,1,-1,-1,-1
574,25,1086.79,322.25,1182.76,540.29,1,-1,-1,-1
574,46,952.23,379.44,1001.62,494.31,1,-1,-1,-1
574,77,1023.21,359.45,1083.68,501.03,1,-1,-1,-1
574,95,-20.51,403.55,115.02,556.14,1,-1,-1,-1
574,96,132.45,413.48,271.43,597.44,1,-1,-1,-1
574,94,1355.48,275.39,1480.99,557.25,1,-1,-1,-1
574,98,1622.80,410.19,1683.34,504.77,1,-1,-1,-1
574,100,866.78,311.46,961.10,528.26,1,-1,-1,-1
575,13,718.97,155.11,905.65,600.04,1,-1,-1,-1
575,25,1088.97,316.52,1188.79,543.90,1,-1,-1,-1
575,46,951.67,378.72,1001.75,494.91,1,-1,-1,-1
575,77,1023.68,356.80,1085.63,501.68,1,-1,-1,-1
575,95,-25.66,400.98,118.70,561.08,1,-1,-1,-1
575,96,127.42,413.50,267.94,601.34,1,-1,-1,-1
575,94,1355.62,275.55,1480.85,556.51,1,-1,-1,-1
575,98,1620.07,402.03,1686.19,505.06,1,-1,-1,-1
575,100,862.92,311.63,958.39,530.74,1,-1,-1,-1
576,13,719.21,157.01,905.61,601.46,1,-1,-1,-1
576,25,1089.80,314.35,1190.93,545.21,1,-1,-1,-1
576,46,951.43,378.42,1001.80,495.05,1,-1,-1,-1
576,77,1023.80,355.77,1086.33,501.87,1,-1,-1,-1
576,95,-28.11,399.93,120.64,562.88,1,-1,-1,-1
576,96,125.97,413.49,266.28,602.73,1,-1,-1,-1
576,94,1355.63,275.57,1480.80,556.15,1,-1,-1,-1
576,98,1619.05,399.17,1687.23,505.16,1,-1,-1,-1
576,100,861.69,311.77,957.60,531.58,1,-1,-1,-1
577,13,720.14,159.05,905.55,601.25,1,-1,-1,-1
577,25,1095.36,314.80,1195.48,543.70,1,-1,-1,-1
577,46,951.28,376.98,1003.18,496.98,1,-1,-1,-1
577,77,1024.55,355.36,1087.10,501.88,1,-1,-1,-1
577,95,-28.46,402.16,119.70,564.46,1,-1,-1,-1
577,96,126.96,419.32,264.19,605.77,1,-1,-1,-1
577,94,1360.53,276.19,1484.44,553.97,1,-1,-1,-1
577,98,1615.90,388.78,1690.27,504.52,1,-1,-1,-1
577,100,867.55,315.16,960.61,528.50,1,-1,-1,-1
578,13,721.52,166.42,904.64,603.07,1,-1,-1,-1
578,25,1098.10,315.63,1197.12,542.38,1,-1,-1,-1
578,46,951.17,377.06,1003.10,497.02,1,-1,-1,-1
578,77,1024.38,354.54,1087.75,503.13,1,-1,-1,-1
578,96,125.28,419.56,263.59,609.46,1,-1,-1,-1
578,94,1361.71,271.09,1486.45,551.75,1,-1,-1,-1
578,98,1614.81,385.52,1690.66,503.64,1,-1,-1,-1
578,100,863.05,309.98,960.65,533.73,1,-1,-1,-1
579,13,722.11,169.18,904.36,603.67,1,-1,-1,-1
579,25,1099.09,315.94,1197.60,541.83,1,-1,-1,-1
579,46,951.16,376.44,1003.68,497.60,1,-1,-1,-1
579,77,1025.02,355.52,1087.86,502.90,1,-1,-1,-1
579,95,-34.06,410.34,115.37,573.03,1,-1,-1,-1
579,96,119.79,418.31,260.47,612.73,1,-1,-1,-1
579,94,1362.60,269.81,1486.71,550.22,1,-1,-1,-1
579,98,1615.25,384.88,1690.49,501.97,1,-1,-1,-1
579,100,860.78,306.79,961.42,537.56,1,-1,-1,-1
