69,13,528.01,-37.68,658.99,242.90,1,-1,-1,-1
70,13,527.40,-39.15,659.60,244.13,1,-1,-1,-1
71,13,533.22,-38.06,663.99,242.25,1,-1,-1,-1
72,13,535.27,-37.59,665.44,241.52,1,-1,-1,-1
73,13,540.84,-37.38,670.75,241.24,1,-1,-1,-1
74,13,543.57,-39.34,671.76,235.62,1,-1,-1,-1
75,13,544.47,-40.03,672.00,233.56,1,-1,-1,-1
76,13,545.09,-40.93,672.29,232.18,1,-1,-1,-1
77,13,545.26,-41.22,672.30,231.71,1,-1,-1,-1
78,13,545.28,-41.30,672.21,231.58,1,-1,-1,-1
79,13,551.08,-42.64,674.95,223.55,1,-1,-1,-1
80,13,553.18,-43.11,675.94,220.57,1,-1,-1,-1
81,13,555.11,-43.79,677.29,218.64,1,-1,-1,-1
82,13,553.88,-49.63,676.52,213.78,1,-1,-1,-1
83,13,549.95,-53.02,670.81,206.39,1,-1,-1,-1
84,13,548.50,-54.18,668.79,203.84,1,-1,-1,-1
85,13,547.92,-54.55,668.06,203.00,1,-1,-1,-1
86,13,547.66,-54.64,667.81,202.80,1,-1,-1,-1
87,13,548.42,-62.60,666.84,190.85,1,-1,-1,-1
88,13,548.66,-65.53,666.52,186.47,1,-1,-1,-1
89,13,548.69,-66.54,666.44,184.97,1,-1,-1,-1
90,13,548.66,-66.84,666.44,184.55,1,-1,-1,-1
91,13,548.74,-71.53,666.35,179.20,1,-1,-1,-1
92,13,548.72,-73.22,666.35,177.31,1,-1,-1,-1
93,13,548.67,-73.77,666.40,176.73,1,-1,-1,-1
94,13,549.24,-76.55,665.82,171.32,1,-1,-1,-1
95,13,549.71,-78.18,666.01,168.74,1,-1,-1,-1
96,13,550.04,-80.13,665.83,165.70,1,-1,-1,-1
102,13,555.87,-91.99,672.50,155.56,1,-1,-1,-1
103,13,556.21,-92.62,672.95,155.12,1,-1,-1,-1
104,13,556.32,-92.83,673.10,154.97,1,-1,-1,-1
105,13,556.33,-92.84,673.15,154.99,1,-1,-1,-1
106,13,556.32,-92.79,673.15,155.06,1,-1,-1,-1
107,13,556.29,-92.71,673.14,155.16,1,-1,-1,-1
108,13,556.26,-92.63,673.13,155.25,1,-1,-1,-1
109,13,555.99,-93.22,673.35,155.34,1,-1,-1,-1
110,13,555.84,-93.41,673.47,155.42,1,-1,-1,-1
111,13,555.73,-93.44,673.54,155.48,1,-1,-1,-1
112,13,555.65,-93.42,673.59,155.55,1,-1,-1,-1
113,13,555.58,-93.38,673.63,155.60,1,-1,-1,-1
114,13,552.55,-88.72,667.38,153.00,1,-1,-1,-1
115,13,551.34,-86.91,665.05,152.05,1,-1,-1,-1
116,13,544.84,-86.92,661.61,159.06,1,-1,-1,-1
117,13,543.07,-85.61,659.75,160.35,1,-1,-1,-1
118,13,541.27,-87.09,659.58,162.82,1,-1,-1,-1
119,13,540.19,-87.66,659.35,164.40,1,-1,-1,-1
120,13,539.73,-87.88,659.38,165.64,1,-1,-1,-1
121,13,540.28,-86.65,658.75,164.78,1,-1,-1,-1
122,13,535.98,-82.88,654.51,169.05,1,-1,-1,-1
123,13,534.57,-80.81,652.78,170.64,1,-1,-1,-1
124,13,533.85,-80.04,652.40,172.52,1,-1,-1,-1
125,13,534.08,-78.46,651.86,172.54,1,-1,-1,-1
126,13,533.10,-76.57,652.81,178.46,1,-1,-1,-1
127,13,537.96,-73.26,656.54,179.32,1,-1,-1,-1
128,13,539.12,-70.71,659.41,185.55,1,-1,-1,-1
129,13,539.82,-67.82,659.59,187.17,1,-1,-1,-1
130,13,540.08,-66.11,659.67,188.37,1,-1,-1,-1
131,13,539.15,-64.86,661.39,195.35,1,-1,-1,-1
132,13,539.07,-64.44,662.43,198.57,1,-1,-1,-1
133,13,539.23,-63.68,662.63,199.71,1,-1,-1,-1
134,13,539.35,-63.44,663.31,201.36,1,-1,-1,-1
135,13,539.05,-60.12,663.24,205.19,1,-1,-1,-1
136,13,539.31,-57.58,662.84,206.55,1,-1,-1,-1
137,13,539.42,-55.36,662.01,206.98,1,-1,-1,-1
138,13,538.89,-52.59,662.93,213.00,1,-1,-1,-1
139,13,538.97,-47.01,662.98,218.47,1,-1,-1,-1
140,13,544.58,-41.66,665.99,218.48,1,-1,-1,-1
141,13,544.47,-40.38,669.38,227.66,1,-1,-1,-1
142,13,545.36,-38.01,670.33,230.33,1,-1,-1,-1
143,13,545.95,-31.93,669.73,233.84,1,-1,-1,-1
144,13,547.40,-25.75,668.23,233.72,1,-1,-1,-1
145,13,547.98,-22.62,668.69,236.61,1,-1,-1,-1
151,13,538.06,1.69,664.12,272.92,1,-1,-1,-1
152,13,537.52,5.28,663.98,277.38,1,-1,-1,-1
159,13,558.13,60.48,682.64,328.97,1,-1,-1,-1
159,46,863.38,43.59,933.81,204.24,1,-1,-1,-1
160,13,557.65,63.30,686.18,340.58,1,-1,-1,-1
160,46,864.21,51.43,934.09,210.84,1,-1,-1,-1
161,13,563.51,74.86,691.20,350.33,1,-1,-1,-1
161,46,860.03,62.48,929.51,220.93,1,-1,-1,-1
162,13,565.13,81.06,693.13,357.21,1,-1,-1,-1
162,46,859.85,70.31,928.41,226.65,1,-1,-1,-1
163,13,575.72,89.39,704.93,368.69,1,-1,-1,-1
163,49,302.89,-31.91,429.88,262.13,1,-1,-1,-1
164,13,578.12,95.94,708.62,378.71,1,-1,-1,-1
164,49,301.51,-28.62,431.51,272.33,1,-1,-1,-1
165,13,585.46,107.39,712.57,382.83,1,-1,-1,-1
165,49,300.79,-26.88,432.30,277.61,1,-1,-1,-1
166,13,592.32,118.78,719.09,392.70,1,-1,-1,-1
166,49,308.78,-13.71,433.47,274.86,1,-1,-1,-1
167,13,601.20,131.39,724.90,398.10,1,-1,-1,-1
167,49,312.79,-2.70,433.46,276.25,1,-1,-1,-1
168,13,609.98,143.82,729.36,400.45,1,-1,-1,-1
168,49,314.44,2.98,434.32,280.11,1,-1,-1,-1
169,13,617.30,150.77,736.72,407.74,1,-1,-1,-1
169,49,319.07,4.84,441.00,286.46,1,-1,-1,-1
170,13,623.76,151.03,746.00,414.85,1,-1,-1,-1
170,49,316.51,3.05,445.41,300.61,1,-1,-1,-1
171,13,635.67,157.48,756.77,419.26,1,-1,-1,-1
171,49,321.97,10.34,449.82,305.45,1,-1,-1,-1
172,13,640.82,165.58,760.50,424.61,1,-1,-1,-1
172,49,323.94,14.82,452.27,311.05,1,-1,-1,-1
173,13,646.94,172.32,766.56,431.68,1,-1,-1,-1
173,49,327.01,13.57,460.20,320.85,1,-1,-1,-1
174,13,654.56,181.20,772.36,437.40,1,-1,-1,-1
174,49,327.88,17.80,462.24,327.65,1,-1,-1,-1
175,13,657.22,187.56,775.61,445.27,1,-1,-1,-1
175,49,326.85,20.57,464.22,337.23,1,-1,-1,-1
176,13,664.04,201.59,779.20,451.95,1,-1,-1,-1
176,49,328.49,24.31,467.08,343.77,1,-1,-1,-1
177,13,670.22,206.55,785.14,456.17,1,-1,-1,-1
178,13,669.42,206.10,790.70,469.49,1,-1,-1,-1
179,13,673.48,209.71,797.31,478.17,1,-1,-1,-1
180,13,678.62,214.09,805.02,487.78,1,-1,-1,-1
181,13,680.52,219.46,808.33,495.76,1,-1,-1,-1
182,13,685.20,225.59,813.68,503.35,1,-1,-1,-1
183,49,363.83,79.43,494.48,380.49,1,-1,-1,-1
184,49,363.91,82.94,497.54,390.41,1,-1,-1,-1
185,13,711.03,238.73,841.67,520.75,1,-1,-1,-1
185,49,366.74,95.52,495.92,391.58,1,-1,-1,-1
186,13,720.62,247.54,848.42,523.18,1,-1,-1,-1
186,49,367.94,104.69,495.52,396.41,1,-1,-1,-1
187,13,726.75,253.51,854.86,529.83,1,-1,-1,-1
187,49,371.40,105.79,500.86,402.00,1,-1,-1,-1
188,49,375.87,106.65,509.42,411.84,1,-1,-1,-1
189,49,384.24,116.63,514.94,414.70,1,-1,-1,-1
190,49,399.55,131.55,522.66,412.13,1,-1,-1,-1
191,49,405.47,141.58,525.67,415.61,1,-1,-1,-1
192,49,407.11,148.31,527.59,422.77,1,-1,-1,-1
193,49,412.51,153.19,531.89,425.22,1,-1,-1,-1
194,49,413.73,158.05,533.92,431.96,1,-1,-1,-1
195,49,415.09,166.26,533.47,436.28,1,-1,-1,-1
196,49,414.89,171.72,534.31,443.71,1,-1,-1,-1
197,49,418.19,175.50,540.32,453.60,1,-1,-1,-1
198,13,792.77,280.94,947.72,622.52,1,-1,-1,-1
198,49,417.79,178.01,543.99,465.02,1,-1,-1,-1
199,13,798.72,284.42,955.69,630.44,1,-1,-1,-1
199,49,424.05,187.91,547.90,469.16,1,-1,-1,-1
200,13,807.57,304.64,950.65,623.69,1,-1,-1,-1
200,49,429.33,192.11,555.53,479.07,1,-1,-1,-1
201,13,818.32,315.30,952.10,617.83,1,-1,-1,-1
201,49,433.82,190.22,564.83,488.48,1,-1,-1,-1
202,13,826.36,328.97,956.78,623.81,1,-1,-1,-1
202,49,435.86,193.88,568.45,495.75,1,-1,-1,-1
203,13,835.38,337.08,962.01,624.45,1,-1,-1,-1
203,49,435.92,198.35,570.26,504.17,1,-1,-1,-1
204,13,843.37,343.85,968.15,628.49,1,-1,-1,-1
204,49,441.70,207.05,574.05,507.81,1,-1,-1,-1
205,13,847.31,352.13,969.58,632.47,1,-1,-1,-1
205,49,447.84,214.14,579.86,513.51,1,-1,-1,-1
206,13,853.78,361.63,973.26,635.75,1,-1,-1,-1
206,49,454.91,217.93,586.89,517.39,1,-1,-1,-1
207,13,857.39,368.90,973.55,635.40,1,-1,-1,-1
207,49,463.76,227.06,592.30,518.62,1,-1,-1,-1
208,13,860.85,371.26,979.79,643.87,1,-1,-1,-1
208,46,775.66,407.00,865.35,609.99,1,-1,-1,-1
208,49,466.95,234.29,594.80,524.13,1,-1,-1,-1
209,13,865.25,372.61,987.91,653.46,1,-1,-1,-1
209,46,775.64,416.26,863.81,615.04,1,-1,-1,-1
209,49,474.15,245.39,598.03,525.97,1,-1,-1,-1
210,13,866.52,371.59,992.29,658.87,1,-1,-1,-1
210,46,776.21,424.49,863.62,620.63,1,-1,-1,-1
210,49,483.16,253.99,602.59,524.37,1,-1,-1,-1
211,13,871.61,373.61,996.83,658.78,1,-1,-1,-1
211,46,778.34,435.18,861.80,621.87,1,-1,-1,-1
211,49,489.22,257.55,609.92,530.98,1,-1,-1,-1
212,13,874.26,375.47,998.72,657.84,1,-1,-1,-1
212,46,780.45,442.94,860.61,621.98,1,-1,-1,-1
212,49,492.09,264.64,612.30,536.57,1,-1,-1,-1
213,13,879.42,376.65,1003.48,657.31,1,-1,-1,-1
213,46,780.51,448.22,860.99,627.04,1,-1,-1,-1
213,49,498.75,274.37,616.52,540.47,1,-1,-1,-1
214,13,884.41,380.73,1008.22,660.82,1,-1,-1,-1
214,46,779.75,451.94,861.97,633.99,1,-1,-1,-1
214,49,501.40,282.42,618.18,545.74,1,-1,-1,-1
215,46,779.18,457.70,862.68,641.62,1,-1,-1,-1
215,49,507.25,287.80,622.27,546.83,1,-1,-1,-1
216,46,778.99,464.22,862.34,646.90,1,-1,-1,-1
216,49,512.33,294.61,626.27,551.18,1,-1,-1,-1
217,13,901.13,372.58,1023.52,647.97,1,-1,-1,-1
217,46,778.37,465.77,862.83,650.61,1,-1,-1,-1
217,49,516.05,300.29,630.31,556.69,1,-1,-1,-1
218,13,907.84,372.14,1029.82,645.61,1,-1,-1,-1
218,46,778.98,468.77,862.23,651.14,1,-1,-1,-1
218,49,521.00,306.97,634.28,561.18,1,-1,-1,-1
219,13,909.97,371.33,1032.02,644.16,1,-1,-1,-1
219,46,778.05,470.96,863.22,657.01,1,-1,-1,-1
220,13,916.98,370.30,1036.23,636.30,1,-1,-1,-1
220,46,776.56,469.65,864.78,662.31,1,-1,-1,-1
221,13,918.99,367.83,1038.66,633.98,1,-1,-1,-1
221,46,781.00,471.59,868.83,663.50,1,-1,-1,-1
222,13,923.49,362.23,1044.12,629.81,1,-1,-1,-1
222,46,783.03,476.06,870.16,666.33,1,-1,-1,-1
222,49,539.67,315.53,660.55,586.39,1,-1,-1,-1
223,13,924.69,358.79,1046.98,629.60,1,-1,-1,-1
223,46,783.59,476.26,872.20,669.83,1,-1,-1,-1
223,49,544.52,320.50,665.50,591.56,1,-1,-1,-1
224,13,929.41,357.50,1052.03,628.24,1,-1,-1,-1
224,46,787.86,480.13,876.74,674.26,1,-1,-1,-1
225,13,930.82,351.73,1054.63,624.45,1,-1,-1,-1
225,46,789.51,481.45,879.11,677.08,1,-1,-1,-1
226,13,934.37,346.94,1060.86,625.04,1,-1,-1,-1
226,46,790.13,481.81,880.61,679.29,1,-1,-1,-1
227,13,936.42,341.24,1063.54,620.06,1,-1,-1,-1
227,46,790.76,485.25,881.68,683.70,1,-1,-1,-1
228,13,941.91,335.82,1068.72,613.59,1,-1,-1,-1
228,46,803.81,492.80,888.77,677.97,1,-1,-1,-1
229,13,946.56,329.88,1076.38,613.83,1,-1,-1,-1
229,46,807.03,494.82,891.08,677.66,1,-1,-1,-1
230,13,951.85,321.84,1084.62,612.02,1,-1,-1,-1
230,46,813.74,498.82,895.59,676.86,1,-1,-1,-1
231,13,958.27,318.21,1092.20,610.74,1,-1,-1,-1
231,46,820.71,504.19,901.34,679.13,1,-1,-1,-1
232,13,961.78,314.98,1094.37,604.42,1,-1,-1,-1
232,46,829.70,510.04,906.25,675.84,1,-1,-1,-1
233,13,962.57,312.56,1095.34,602.08,1,-1,-1,-1
233,46,826.83,508.59,905.79,679.25,1,-1,-1,-1
234,13,966.80,306.49,1100.67,597.98,1,-1,-1,-1
234,46,831.33,511.34,908.65,678.43,1,-1,-1,-1
235,13,972.64,299.06,1107.34,592.57,1,-1,-1,-1
235,46,833.27,513.55,909.22,677.34,1,-1,-1,-1
236,13,973.67,292.43,1111.41,592.57,1,-1,-1,-1
236,46,832.76,514.90,909.75,680.91,1,-1,-1,-1
237,13,972.33,282.21,1114.40,592.00,1,-1,-1,-1
237,46,830.22,510.64,912.16,687.49,1,-1,-1,-1
238,13,977.83,278.43,1117.69,583.43,1,-1,-1,-1
238,46,830.64,510.32,912.90,687.95,1,-1,-1,-1
239,13,980.45,277.19,1118.78,578.87,1,-1,-1,-1
239,46,828.33,506.14,914.80,693.27,1,-1,-1,-1
240,13,981.44,273.60,1118.89,573.30,1,-1,-1,-1
240,46,826.88,503.25,916.04,696.51,1,-1,-1,-1
241,13,981.67,271.75,1118.79,570.65,1,-1,-1,-1
241,46,826.32,501.43,917.03,698.34,1,-1,-1,-1
242,13,981.13,266.59,1118.48,565.82,1,-1,-1,-1
242,46,827.23,501.96,918.80,700.73,1,-1,-1,-1
243,13,980.18,262.81,1118.88,564.77,1,-1,-1,-1
244,13,979.20,256.27,1119.47,561.87,1,-1,-1,-1
245,13,978.78,253.28,1119.58,560.22,1,-1,-1,-1
246,13,973.76,250.33,1116.43,561.68,1,-1,-1,-1
247,13,972.82,248.05,1113.50,555.14,1,-1,-1,-1
248,13,972.66,248.02,1111.40,550.75,1,-1,-1,-1
249,13,968.26,243.52,1106.26,545.23,1,-1,-1,-1
250,13,968.03,240.64,1102.88,536.00,1,-1,-1,-1
251,13,966.63,237.71,1101.58,533.33,1,-1,-1,-1
252,13,962.10,232.10,1097.16,528.50,1,-1,-1,-1
253,13,961.25,227.48,1094.68,520.21,1,-1,-1,-1
254,13,960.70,221.90,1093.37,512.59,1,-1,-1,-1
255,13,954.04,211.98,1089.42,508.59,1,-1,-1,-1
256,13,951.12,206.44,1088.47,507.24,1,-1,-1,-1
257,13,944.41,197.95,1084.61,505.59,1,-1,-1,-1
258,13,941.13,192.27,1083.97,506.42,1,-1,-1,-1
259,13,940.70,187.01,1083.69,501.65,1,-1,-1,-1
260,13,935.45,183.23,1079.64,500.62,1,-1,-1,-1
261,13,933.87,179.36,1077.15,495.12,1,-1,-1,-1
262,13,929.55,178.74,1071.52,491.83,1,-1,-1,-1
263,13,928.88,177.38,1067.93,484.13,1,-1,-1,-1
264,13,927.36,173.74,1067.36,482.70,1,-1,-1,-1
265,13,921.81,166.57,1063.70,479.65,1,-1,-1,-1
266,13,920.43,161.39,1061.77,472.71,1,-1,-1,-1
267,13,920.81,160.92,1060.32,467.58,1,-1,-1,-1
268,13,921.31,157.61,1058.95,459.83,1,-1,-1,-1
269,13,917.75,153.20,1053.70,451.77,1,-1,-1,-1
270,13,914.96,145.05,1052.03,446.28,1,-1,-1,-1
271,13,908.81,139.52,1048.08,445.72,1,-1,-1,-1
272,13,907.42,136.28,1045.16,439.10,1,-1,-1,-1
273,13,901.77,132.60,1040.77,438.11,1,-1,-1,-1
274,13,900.29,129.39,1038.02,432.61,1,-1,-1,-1
275,13,894.78,126.37,1032.87,430.71,1,-1,-1,-1
276,13,889.48,123.40,1025.80,424.20,1,-1,-1,-1
277,13,883.57,123.79,1017.31,419.26,1,-1,-1,-1
278,13,876.77,122.76,1010.33,418.26,1,-1,-1,-1
279,13,873.92,117.85,1007.68,414.06,1,-1,-1,-1
280,13,867.91,114.81,1002.66,413.30,1,-1,-1,-1
281,13,861.72,110.49,996.41,408.54,1,-1,-1,-1
282,13,854.24,107.66,989.59,406.88,1,-1,-1,-1
283,13,848.23,105.41,981.29,399.80,1,-1,-1,-1
284,13,840.92,102.71,974.29,397.93,1,-1,-1,-1
285,13,832.54,94.53,968.42,395.39,1,-1,-1,-1
286,13,829.99,89.61,964.64,387.98,1,-1,-1,-1
287,13,824.68,86.56,959.41,385.31,1,-1,-1,-1
288,13,819.14,83.58,952.13,378.50,1,-1,-1,-1
289,13,816.88,81.95,949.30,375.43,1,-1,-1,-1
290,13,812.30,79.48,943.09,369.13,1,-1,-1,-1
291,13,806.28,76.70,937.48,366.93,1,-1,-1,-1
292,13,804.59,73.80,933.87,359.64,1,-1,-1,-1
293,13,800.26,73.52,927.99,355.73,1,-1,-1,-1
294,13,798.04,68.86,926.13,351.78,1,-1,-1,-1
295,13,792.13,64.59,922.23,351.80,1,-1,-1,-1
296,13,790.02,63.09,920.31,350.63,1,-1,-1,-1
297,13,790.48,62.00,918.04,343.06,1,-1,-1,-1
298,13,785.93,60.39,913.62,341.03,1,-1,-1,-1
299,13,784.83,57.90,911.01,335.10,1,-1,-1,-1
300,13,783.31,54.41,910.80,334.36,1,-1,-1,-1
301,13,777.50,50.56,907.61,336.20,1,-1,-1,-1
302,13,776.75,47.89,905.20,329.78,1,-1,-1,-1
303,13,772.48,47.00,899.96,326.80,1,-1,-1,-1
304,13,771.37,43.45,897.78,321.16,1,-1,-1,-1
305,13,770.73,41.57,896.79,318.52,1,-1,-1,-1
306,13,771.12,38.31,896.02,312.35,1,-1,-1,-1
307,13,766.45,35.20,892.15,310.85,1,-1,-1,-1
308,13,763.50,32.15,890.78,311.08,1,-1,-1,-1
309,13,763.68,30.44,889.17,305.35,1,-1,-1,-1
310,13,759.24,28.59,884.69,303.31,1,-1,-1,-1
311,13,756.89,26.66,883.23,303.34,1,-1,-1,-1
312,13,751.40,24.05,879.57,304.78,1,-1,-1,-1
313,13,750.49,22.50,876.55,298.84,1,-1,-1,-1
314,13,749.77,22.02,874.71,296.02,1,-1,-1,-1
315,13,746.35,24.59,868.75,293.08,1,-1,-1,-1
316,13,745.44,25.64,866.36,290.76,1,-1,-1,-1
316,46,766.27,559.99,861.97,767.08,1,-1,-1,-1
317,13,744.41,24.76,865.72,290.67,1,-1,-1,-1
317,46,764.63,560.89,860.01,767.28,1,-1,-1,-1
318,13,740.12,24.48,861.61,290.73,1,-1,-1,-1
318,46,757.02,574.39,844.47,765.28,1,-1,-1,-1
319,13,738.16,21.11,859.29,286.87,1,-1,-1,-1
319,46,754.14,577.75,839.94,765.05,1,-1,-1,-1
320,13,732.58,17.90,854.84,286.17,1,-1,-1,-1
321,13,730.68,17.41,852.51,284.66,1,-1,-1,-1
321,46,735.31,580.35,824.36,776.02,1,-1,-1,-1
322,13,725.59,13.32,847.63,280.87,1,-1,-1,-1
322,46,729.89,582.93,818.65,777.96,1,-1,-1,-1
323,13,724.01,11.84,845.67,278.20,1,-1,-1,-1
324,13,718.85,11.35,840.46,277.28,1,-1,-1,-1
324,46,711.88,589.77,804.49,793.40,1,-1,-1,-1
325,13,716.81,11.90,837.51,275.70,1,-1,-1,-1
325,46,707.25,591.50,803.55,803.15,1,-1,-1,-1
326,13,712.29,12.17,832.44,274.53,1,-1,-1,-1
326,46,702.80,596.69,796.93,803.88,1,-1,-1,-1
327,13,710.53,9.00,830.19,270.19,1,-1,-1,-1
327,46,696.81,599.66,791.37,807.79,1,-1,-1,-1
328,13,704.71,6.53,825.45,269.97,1,-1,-1,-1
329,13,702.47,5.66,823.31,269.30,1,-1,-1,-1
330,13,701.73,6.05,822.00,268.47,1,-1,-1,-1
331,13,698.24,6.92,817.68,267.56,1,-1,-1,-1
332,13,696.89,7.96,815.67,267.29,1,-1,-1,-1
333,13,696.27,8.38,814.61,266.59,1,-1,-1,-1
334,13,691.74,7.91,810.76,267.71,1,-1,-1,-1
335,13,689.52,7.09,809.38,268.84,1,-1,-1,-1
336,13,688.42,6.81,808.67,269.31,1,-1,-1,-1
337,13,687.83,6.07,808.79,270.18,1,-1,-1,-1
338,13,687.71,5.81,808.91,270.53,1,-1,-1,-1
339,13,688.02,6.40,808.78,270.03,1,-1,-1,-1
340,13,688.56,7.30,808.47,269.19,1,-1,-1,-1
341,13,688.98,7.66,808.28,268.23,1,-1,-1,-1
342,13,688.58,6.48,808.88,269.22,1,-1,-1,-1
343,13,688.32,6.05,808.65,268.94,1,-1,-1,-1
344,13,688.04,4.58,809.50,270.18,1,-1,-1,-1
345,13,684.41,4.69,805.52,269.99,1,-1,-1,-1
346,13,682.49,4.10,803.97,270.59,1,-1,-1,-1
347,13,681.89,3.23,804.02,271.48,1,-1,-1,-1
348,13,681.75,2.91,804.04,271.82,1,-1,-1,-1
349,13,681.79,2.81,804.05,271.95,1,-1,-1,-1
350,13,681.88,2.79,804.06,272.00,1,-1,-1,-1
351,13,681.99,2.80,804.06,272.02,1,-1,-1,-1
352,13,682.09,2.82,804.07,272.02,1,-1,-1,-1
353,13,676.23,5.48,800.13,278.62,1,-1,-1,-1
354,13,673.51,6.48,798.55,281.75,1,-1,-1,-1
355,13,673.24,8.18,797.92,282.26,1,-1,-1,-1
356,13,672.23,8.16,797.38,283.07,1,-1,-1,-1
357,13,672.35,9.46,796.75,282.69,1,-1,-1,-1
358,13,673.18,11.27,795.81,280.52,1,-1,-1,-1
359,13,668.94,14.59,792.14,284.98,1,-1,-1,-1
360,13,666.87,15.15,790.67,286.63,1,-1,-1,-1
361,13,666.59,16.64,789.70,286.55,1,-1,-1,-1
362,13,666.40,17.18,789.52,287.15,1,-1,-1,-1
363,13,666.51,18.01,789.37,287.34,1,-1,-1,-1
364,13,665.94,21.60,789.34,292.01,1,-1,-1,-1
365,13,665.76,22.91,789.37,293.73,1,-1,-1,-1
366,13,664.85,26.01,790.30,300.94,1,-1,-1,-1
367,13,665.66,30.42,789.54,301.64,1,-1,-1,-1
368,13,665.98,32.04,789.31,301.82,1,-1,-1,-1
369,13,667.76,39.21,788.93,303.81,1,-1,-1,-1
370,13,668.40,41.84,788.87,304.49,1,-1,-1,-1
371,13,668.60,42.73,788.92,304.68,1,-1,-1,-1
372,13,672.51,47.62,793.76,311.34,1,-1,-1,-1
373,13,673.94,49.38,795.62,313.77,1,-1,-1,-1
374,13,674.44,49.94,796.34,314.61,1,-1,-1,-1
375,13,674.58,50.06,796.63,314.85,1,-1,-1,-1
376,13,674.59,50.03,796.75,314.87,1,-1,-1,-1
377,13,674.56,49.94,796.80,314.82,1,-1,-1,-1
378,13,674.51,49.84,796.83,314.74,1,-1,-1,-1
379,13,674.46,49.75,796.85,314.66,1,-1,-1,-1
380,13,674.41,49.66,796.86,314.58,1,-1,-1,-1
381,13,674.37,49.58,796.87,314.51,1,-1,-1,-1
382,13,674.33,49.51,796.88,314.45,1,-1,-1,-1
383,13,674.30,49.45,796.89,314.40,1,-1,-1,-1
384,13,674.27,49.40,796.90,314.35,1,-1,-1,-1
385,13,674.24,49.35,796.91,314.31,1,-1,-1,-1
386,13,691.39,78.39,816.75,348.64,1,-1,-1,-1
387,13,697.74,89.24,824.25,361.48,1,-1,-1,-1
388,13,700.02,93.25,827.08,366.22,1,-1,-1,-1
389,13,700.74,94.60,828.10,367.82,1,-1,-1,-1
390,13,700.88,94.94,828.44,368.24,1,-1,-1,-1
391,13,700.79,94.92,828.51,368.22,1,-1,-1,-1
392,13,700.65,94.78,828.49,368.06,1,-1,-1,-1
393,13,700.49,94.60,828.44,367.85,1,-1,-1,-1
394,13,702.79,107.62,835.82,392.06,1,-1,-1,-1
395,13,703.80,113.07,838.36,401.02,1,-1,-1,-1
396,13,705.03,117.64,838.34,402.98,1,-1,-1,-1
397,13,704.84,121.21,839.49,409.41,1,-1,-1,-1
398,13,705.01,123.08,840.23,412.32,1,-1,-1,-1
399,13,708.35,126.27,844.99,417.82,1,-1,-1,-1
400,13,710.35,128.67,846.61,419.07,1,-1,-1,-1
401,13,715.60,129.43,851.82,420.00,1,-1,-1,-1
402,13,717.87,134.20,854.03,424.13,1,-1,-1,-1
403,13,716.45,131.93,856.98,430.80,1,-1,-1,-1
404,13,715.62,135.55,857.62,436.44,1,-1,-1,-1
405,13,720.29,143.38,861.23,441.05,1,-1,-1,-1
405,46,715.68,-47.60,825.89,195.41,1,-1,-1,-1
406,13,719.74,140.33,865.46,449.21,1,-1,-1,-1
406,46,718.34,-60.29,828.67,182.99,1,-1,-1,-1
407,13,723.04,136.52,872.52,454.75,1,-1,-1,-1
408,13,724.86,135.61,874.57,456.71,1,-1,-1,-1
409,13,726.45,137.35,877.58,461.51,1,-1,-1,-1
414,13,755.52,140.48,912.01,478.59,1,-1,-1,-1
414,46,674.57,38.78,785.18,284.77,1,-1,-1,-1
415,13,757.05,143.98,914.65,485.69,1,-1,-1,-1
415,46,666.81,45.50,779.29,297.88,1,-1,-1,-1
416,13,766.52,153.69,916.49,479.57,1,-1,-1,-1
416,46,662.09,59.01,770.24,302.21,1,-1,-1,-1
417,13,775.11,163.35,920.54,479.67,1,-1,-1,-1
417,46,647.69,64.53,760.94,319.64,1,-1,-1,-1
418,13,778.57,171.51,922.10,483.59,1,-1,-1,-1
418,46,637.93,76.23,752.46,333.67,1,-1,-1,-1
419,13,785.32,177.74,925.58,482.92,1,-1,-1,-1
419,46,635.39,87.71,748.38,340.74,1,-1,-1,-1
420,13,790.44,185.27,924.59,477.83,1,-1,-1,-1
420,46,630.10,97.76,742.35,349.02,1,-1,-1,-1
421,13,794.90,187.86,930.08,483.27,1,-1,-1,-1
421,46,632.81,109.85,744.43,359.77,1,-1,-1,-1
422,13,802.77,192.02,935.57,482.50,1,-1,-1,-1
422,46,627.33,114.75,742.81,373.43,1,-1,-1,-1
423,13,805.42,193.38,937.57,482.78,1,-1,-1,-1
423,46,619.69,118.32,739.54,386.78,1,-1,-1,-1
424,13,806.39,193.73,937.99,482.14,1,-1,-1,-1
424,46,614.49,133.06,731.75,395.50,1,-1,-1,-1
425,13,807.65,195.05,938.26,481.18,1,-1,-1,-1
425,46,603.69,147.71,719.42,406.33,1,-1,-1,-1
426,13,812.70,196.73,941.50,478.76,1,-1,-1,-1
426,46,598.14,156.61,714.22,416.01,1,-1,-1,-1
427,13,813.75,196.56,942.58,478.48,1,-1,-1,-1
427,46,602.96,163.56,719.99,425.15,1,-1,-1,-1
428,13,815.89,195.06,942.33,471.69,1,-1,-1,-1
428,46,604.00,170.74,720.90,432.23,1,-1,-1,-1
429,13,821.52,195.72,945.17,466.44,1,-1,-1,-1
429,46,604.08,177.77,721.02,439.88,1,-1,-1,-1
429,80,1524.15,-87.58,1637.83,86.58,1,-1,-1,-1
430,13,823.24,194.53,947.00,465.85,1,-1,-1,-1
430,46,600.61,186.15,717.91,449.04,1,-1,-1,-1
430,80,1521.82,-83.63,1630.36,82.63,1,-1,-1,-1
431,13,823.20,191.37,948.81,467.01,1,-1,-1,-1
431,46,592.73,191.79,709.93,454.16,1,-1,-1,-1
431,80,1520.74,-82.24,1627.44,81.24,1,-1,-1,-1
432,13,825.63,183.52,954.79,466.80,1,-1,-1,-1
432,46,588.82,199.88,706.30,462.91,1,-1,-1,-1
432,80,1521.17,-80.37,1625.89,80.10,1,-1,-1,-1
433,13,827.08,179.89,957.64,466.08,1,-1,-1,-1
433,46,582.38,200.14,704.74,474.28,1,-1,-1,-1
433,80,1522.29,-78.36,1624.57,78.33,1,-1,-1,-1
434,13,832.97,176.53,962.37,459.91,1,-1,-1,-1
434,46,580.18,204.49,704.31,483.10,1,-1,-1,-1
434,80,1521.86,-77.07,1622.56,77.23,1,-1,-1,-1
435,13,834.96,173.95,964.86,458.25,1,-1,-1,-1
435,46,583.33,219.66,700.35,482.23,1,-1,-1,-1
436,13,840.17,173.00,969.70,456.34,1,-1,-1,-1
436,46,585.63,231.18,698.15,484.03,1,-1,-1,-1
437,13,841.63,167.39,972.45,453.69,1,-1,-1,-1
437,46,588.21,244.51,695.19,485.06,1,-1,-1,-1
438,13,846.40,165.32,976.97,451.42,1,-1,-1,-1
438,46,582.47,244.95,692.23,491.89,1,-1,-1,-1
439,13,849.17,161.96,978.79,446.00,1,-1,-1,-1
439,46,578.17,258.21,684.25,496.18,1,-1,-1,-1
440,13,854.22,159.42,983.82,443.35,1,-1,-1,-1
440,46,575.45,266.65,680.60,502.52,1,-1,-1,-1
441,13,859.62,151.92,991.24,440.44,1,-1,-1,-1
441,46,566.06,261.53,678.32,513.73,1,-1,-1,-1
442,13,862.85,150.48,993.91,437.45,1,-1,-1,-1
442,46,559.79,267.47,672.69,520.88,1,-1,-1,-1
443,13,869.23,148.05,998.05,429.79,1,-1,-1,-1
443,46,559.72,278.04,668.57,522.00,1,-1,-1,-1
444,13,871.61,145.91,1000.01,426.33,1,-1,-1,-1
444,46,554.37,281.72,662.65,524.75,1,-1,-1,-1
445,13,876.89,141.87,1004.70,421.16,1,-1,-1,-1
445,46,550.37,292.16,654.11,524.90,1,-1,-1,-1
446,13,880.79,139.37,1008.31,418.01,1,-1,-1,-1
446,46,540.70,292.36,649.32,536.13,1,-1,-1,-1
447,46,537.23,294.98,646.42,540.72,1,-1,-1,-1
448,13,883.14,122.18,1015.79,411.96,1,-1,-1,-1
448,46,533.58,302.29,640.76,543.54,1,-1,-1,-1
449,13,889.65,118.14,1020.36,403.56,1,-1,-1,-1
449,46,532.72,310.12,637.82,547.01,1,-1,-1,-1
450,13,890.91,114.12,1022.90,401.96,1,-1,-1,-1
450,46,527.07,316.80,632.38,554.09,1,-1,-1,-1
451,13,894.34,110.32,1026.50,398.51,1,-1,-1,-1
451,46,523.01,323.14,627.94,559.55,1,-1,-1,-1
460,46,481.22,381.95,592.79,633.27,1,-1,-1,-1
461,13,915.46,81.73,1039.57,351.36,1,-1,-1,-1
461,46,483.11,397.52,586.74,630.78,1,-1,-1,-1
462,13,914.42,77.45,1041.19,352.01,1,-1,-1,-1
462,46,480.09,409.67,579.79,633.66,1,-1,-1,-1
463,13,913.35,70.07,1042.58,349.40,1,-1,-1,-1
463,46,473.02,415.13,574.10,641.91,1,-1,-1,-1
464,13,914.59,66.11,1041.99,341.29,1,-1,-1,-1
464,46,464.68,419.56,568.76,652.71,1,-1,-1,-1
465,13,914.95,64.11,1041.70,337.70,1,-1,-1,-1
465,46,462.70,428.22,565.24,658.52,1,-1,-1,-1
466,13,914.65,61.51,1042.56,337.19,1,-1,-1,-1
466,46,448.97,426.54,559.38,674.38,1,-1,-1,-1
467,13,914.52,57.36,1042.13,332.51,1,-1,-1,-1
467,46,446.51,441.31,553.48,680.75,1,-1,-1,-1
468,13,920.05,54.60,1044.90,324.25,1,-1,-1,-1
468,46,442.29,452.82,547.05,687.45,1,-1,-1,-1
469,13,920.88,50.39,1047.11,323.32,1,-1,-1,-1
469,46,437.29,460.47,541.98,694.94,1,-1,-1,-1
470,13,920.42,46.95,1048.59,324.42,1,-1,-1,-1
471,13,920.00,45.12,1049.29,324.97,1,-1,-1,-1
472,13,920.04,40.61,1049.92,322.02,1,-1,-1,-1
473,13,919.68,38.37,1050.43,321.67,1,-1,-1,-1
473,46,409.92,507.45,509.89,730.47,1,-1,-1,-1
474,13,922.87,35.01,1055.77,322.95,1,-1,-1,-1
474,46,409.61,522.51,504.02,733.22,1,-1,-1,-1
475,13,924.04,33.85,1057.75,323.53,1,-1,-1,-1
475,46,397.04,524.56,496.88,747.05,1,-1,-1,-1
476,13,923.85,31.57,1059.70,325.80,1,-1,-1,-1
476,46,388.26,535.76,488.38,758.37,1,-1,-1,-1
477,13,930.65,32.11,1062.62,317.57,1,-1,-1,-1
477,46,381.20,546.28,480.08,765.66,1,-1,-1,-1
478,13,933.30,33.14,1062.94,313.14,1,-1,-1,-1
478,46,372.62,551.18,474.10,776.03,1,-1,-1,-1
479,13,935.02,30.89,1064.58,310.71,1,-1,-1,-1
479,46,370.89,565.90,470.14,785.55,1,-1,-1,-1
480,46,367.26,578.45,463.61,791.43,1,-1,-1,-1
481,46,354.88,588.75,453.26,805.33,1,-1,-1,-1
482,46,346.64,602.83,444.30,817.44,1,-1,-1,-1
483,46,339.92,613.17,437.17,826.86,1,-1,-1,-1
484,46,331.68,627.82,429.02,841.55,1,-1,-1,-1
485,13,939.55,23.64,1070.99,307.36,1,-1,-1,-1
485,46,324.80,638.63,421.76,851.55,1,-1,-1,-1
486,13,940.07,24.03,1070.91,306.64,1,-1,-1,-1
487,13,941.41,26.15,1070.39,305.07,1,-1,-1,-1
487,46,302.80,670.28,403.30,890.70,1,-1,-1,-1
488,13,942.03,27.66,1069.99,304.54,1,-1,-1,-1
488,46,301.15,690.14,397.86,902.21,1,-1,-1,-1
489,13,942.74,29.60,1069.27,303.07,1,-1,-1,-1
489,46,290.42,704.28,388.38,918.74,1,-1,-1,-1
490,13,943.42,31.69,1068.51,301.90,1,-1,-1,-1
490,46,281.88,718.36,380.68,935.01,1,-1,-1,-1
491,13,942.61,34.49,1068.56,306.19,1,-1,-1,-1
491,46,274.28,731.32,373.02,947.85,1,-1,-1,-1
492,13,937.86,34.87,1065.01,309.15,1,-1,-1,-1
492,46,267.54,751.07,366.02,967.16,1,-1,-1,-1
493,13,936.31,35.67,1063.41,309.62,1,-1,-1,-1
493,46,257.48,771.68,352.55,979.54,1,-1,-1,-1
494,13,935.54,36.63,1062.32,309.81,1,-1,-1,-1
494,46,243.50,777.28,347.82,1005.10,1,-1,-1,-1
495,13,935.37,37.64,1061.79,309.89,1,-1,-1,-1
495,46,234.84,793.46,340.80,1024.44,1,-1,-1,-1
496,13,935.65,38.67,1061.27,309.26,1,-1,-1,-1
496,46,216.07,795.35,335.91,1056.81,1,-1,-1,-1
497,13,936.01,40.37,1060.16,307.70,1,-1,-1,-1
497,46,201.42,809.82,324.83,1078.92,1,-1,-1,-1
498,13,936.91,42.32,1059.67,306.46,1,-1,-1,-1
498,46,186.05,816.45,319.57,1107.60,1,-1,-1,-1
499,13,930.91,43.03,1056.51,313.34,1,-1,-1,-1
499,46,175.62,828.62,311.99,1126.00,1,-1,-1,-1
500,13,929.34,43.92,1055.36,315.23,1,-1,-1,-1
501,13,928.78,44.23,1054.95,315.93,1,-1,-1,-1
502,13,928.60,44.32,1054.81,316.18,1,-1,-1,-1
503,13,928.57,44.33,1054.78,316.25,1,-1,-1,-1
504,13,928.59,44.31,1054.79,316.25,1,-1,-1,-1
505,13,928.62,44.28,1054.81,316.24,1,-1,-1,-1
506,13,928.66,44.25,1054.83,316.21,1,-1,-1,-1
507,13,928.70,44.22,1054.85,316.19,1,-1,-1,-1
508,13,928.73,44.19,1054.87,316.17,1,-1,-1,-1
509,13,928.76,44.17,1054.89,316.15,1,-1,-1,-1
510,13,928.79,44.15,1054.90,316.13,1,-1,-1,-1
511,13,928.81,44.13,1054.92,316.12,1,-1,-1,-1
512,13,928.83,44.12,1054.93,316.10,1,-1,-1,-1
513,13,928.85,44.10,1054.94,316.09,1,-1,-1,-1
514,13,928.87,44.09,1054.95,316.08,1,-1,-1,-1
515,13,928.88,44.08,1054.95,316.07,1,-1,-1,-1
516,13,928.89,44.07,1054.96,316.06,1,-1,-1,-1
517,13,928.90,44.06,1054.97,316.05,1,-1,-1,-1
518,13,928.92,44.06,1054.97,316.05,1,-1,-1,-1
519,13,940.32,71.80,1071.33,354.37,1,-1,-1,-1
520,13,944.89,84.09,1076.46,367.99,1,-1,-1,-1
521,13,946.63,88.72,1078.35,373.09,1,-1,-1,-1
522,13,947.25,90.33,1078.98,374.84,1,-1,-1,-1
523,13,947.44,90.79,1079.13,375.30,1,-1,-1,-1
524,13,947.48,90.82,1079.11,375.30,1,-1,-1,-1
525,13,947.45,90.70,1079.02,375.13,1,-1,-1,-1
526,13,947.41,90.53,1078.92,374.92,1,-1,-1,-1
527,13,947.36,90.37,1078.82,374.71,1,-1,-1,-1
528,13,947.32,90.21,1078.73,374.52,1,-1,-1,-1
529,13,947.28,90.07,1078.65,374.34,1,-1,-1,-1
530,13,947.24,89.95,1078.58,374.19,1,-1,-1,-1
531,13,941.09,128.13,1075.39,418.94,1,-1,-1,-1
532,13,938.80,142.39,1074.15,435.65,1,-1,-1,-1
533,13,940.27,158.79,1070.65,441.14,1,-1,-1,-1
534,13,940.85,164.77,1069.31,442.85,1,-1,-1,-1
535,13,934.92,170.71,1066.97,456.55,1,-1,-1,-1
536,13,932.75,172.72,1066.12,461.43,1,-1,-1,-1
537,13,931.95,173.20,1065.82,462.99,1,-1,-1,-1
538,13,931.00,182.34,1065.75,474.49,1,-1,-1,-1
539,13,928.75,186.25,1067.01,486.49,1,-1,-1,-1
540,13,928.51,192.75,1067.57,494.72,1,-1,-1,-1
541,13,928.47,195.01,1067.79,497.58,1,-1,-1,-1
542,13,928.49,195.65,1067.89,498.38,1,-1,-1,-1
543,13,927.38,207.51,1068.42,514.19,1,-1,-1,-1
544,13,927.04,211.82,1068.58,519.95,1,-1,-1,-1
545,13,926.98,213.25,1068.60,521.86,1,-1,-1,-1
545,94,1467.00,-92.00,1581.00,91.00,1,-1,-1,-1
545,95,353.00,-58.00,466.00,57.00,1,-1,-1,-1
546,13,928.52,230.00,1067.73,533.48,1,-1,-1,-1
546,94,1465.38,-95.05,1582.62,93.29,1,-1,-1,-1
546,95,336.18,-69.45,472.13,69.21,1,-1,-1,-1
547,13,928.04,239.47,1067.85,544.24,1,-1,-1,-1
547,94,1464.69,-96.03,1583.31,94.75,1,-1,-1,-1
547,95,322.96,-77.15,473.24,76.49,1,-1,-1,-1
548,13,929.25,246.09,1067.18,546.70,1,-1,-1,-1
548,94,1461.90,-94.19,1586.81,107.94,1,-1,-1,-1
548,95,312.67,-76.78,476.18,89.65,1,-1,-1,-1
548,96,340.43,83.39,467.09,189.37,1,-1,-1,-1
549,13,928.23,248.97,1068.42,554.60,1,-1,-1,-1
549,94,1460.40,-94.87,1588.56,113.91,1,-1,-1,-1
549,95,306.49,-77.05,478.38,97.31,1,-1,-1,-1
549,96,339.39,90.90,465.27,196.39,1,-1,-1,-1
550,13,922.66,253.14,1064.90,563.24,1,-1,-1,-1
550,94,1458.75,-97.11,1590.29,118.67,1,-1,-1,-1
550,95,300.20,-73.12,476.93,105.25,1,-1,-1,-1
550,96,337.83,98.51,465.40,205.71,1,-1,-1,-1
551,13,920.56,254.50,1063.55,566.27,1,-1,-1,-1
551,94,1458.47,-97.94,1590.60,120.31,1,-1,-1,-1
551,95,297.75,-71.38,476.52,108.15,1,-1,-1,-1
551,96,337.56,100.96,465.32,208.64,1,-1,-1,-1
552,13,921.14,267.26,1061.70,573.71,1,-1,-1,-1
552,94,1459.53,-104.83,1598.77,127.35,1,-1,-1,-1
552,95,297.31,-51.85,467.04,116.11,1,-1,-1,-1
552,96,334.04,116.78,458.52,221.09,1,-1,-1,-1
553,13,921.26,276.52,1060.51,580.22,1,-1,-1,-1
553,94,1457.86,-107.41,1603.92,138.29,1,-1,-1,-1
553,95,299.35,-35.22,459.41,120.87,1,-1,-1,-1
553,96,332.99,135.49,447.62,230.84,1,-1,-1,-1
554,13,916.35,283.07,1056.46,589.03,1,-1,-1,-1
554,94,1455.62,-111.57,1607.49,146.30,1,-1,-1,-1
554,95,292.83,-27.62,456.03,130.44,1,-1,-1,-1
554,96,326.21,141.85,448.91,244.49,1,-1,-1,-1
554,97,127.64,-46.92,249.36,45.92,1,-1,-1,-1
555,13,914.69,291.22,1054.16,596.05,1,-1,-1,-1
555,94,1454.26,-113.46,1610.36,151.61,1,-1,-1,-1
555,95,289.08,-20.97,455.02,139.03,1,-1,-1,-1
555,96,323.97,148.64,448.64,253.03,1,-1,-1,-1
555,97,110.60,-55.37,254.85,54.37,1,-1,-1,-1
556,13,913.53,297.36,1053.92,604.37,1,-1,-1,-1
556,95,283.39,-13.94,451.91,147.96,1,-1,-1,-1
556,96,314.53,152.85,448.07,265.20,1,-1,-1,-1
556,97,97.55,-60.02,255.43,59.70,1,-1,-1,-1
557,13,914.64,307.33,1052.36,608.57,1,-1,-1,-1
557,95,282.50,-4.82,448.36,154.40,1,-1,-1,-1
557,96,309.32,161.37,441.89,273.45,1,-1,-1,-1
557,97,89.18,-64.37,257.91,63.66,1,-1,-1,-1
558,13,910.60,320.13,1047.03,618.48,1,-1,-1,-1
558,95,280.76,4.49,448.04,165.80,1,-1,-1,-1
558,96,302.59,164.36,444.38,285.43,1,-1,-1,-1
558,97,74.99,-71.83,261.63,70.95,1,-1,-1,-1
559,13,909.13,324.63,1045.09,621.92,1,-1,-1,-1
559,95,280.47,7.84,447.76,169.86,1,-1,-1,-1
559,96,300.57,165.39,444.88,289.80,1,-1,-1,-1
559,97,70.18,-74.66,262.52,73.72,1,-1,-1,-1
560,13,908.63,326.03,1044.43,622.93,1,-1,-1,-1
560,95,280.72,8.93,447.53,171.11,1,-1,-1,-1
560,96,300.33,165.49,444.78,291.14,1,-1,-1,-1
560,97,69.18,-75.63,262.32,74.66,1,-1,-1,-1
560,100,919.00,-68.00,1006.00,67.00,1,-1,-1,-1
561,13,908.49,326.28,1044.25,623.06,1,-1,-1,-1
561,95,281.15,9.15,447.31,171.30,1,-1,-1,-1
561,96,300.76,165.27,444.44,291.31,1,-1,-1,-1
561,97,69.67,-75.84,261.69,74.85,1,-1,-1,-1
561,100,919.00,-68.00,1006.00,67.00,1,-1,-1,-1
562,13,897.10,340.03,1037.07,646.07,1,-1,-1,-1
562,95,272.21,24.86,438.09,186.91,1,-1,-1,-1
562,96,292.40,187.72,434.83,312.52,1,-1,-1,-1
562,97,69.14,-54.47,252.11,87.70,1,-1,-1,-1
562,100,912.31,-71.69,1013.43,86.92,1,-1,-1,-1
563,13,892.90,344.99,1034.42,654.49,1,-1,-1,-1
563,95,268.98,30.68,434.58,192.62,1,-1,-1,-1
563,96,289.27,196.17,431.21,320.41,1,-1,-1,-1
563,97,68.90,-45.75,248.69,92.62,1,-1,-1,-1
563,100,910.59,-72.90,1015.39,93.48,1,-1,-1,-1
564,13,888.62,351.22,1027.07,654.14,1,-1,-1,-1
564,94,1460.06,-65.43,1603.70,182.87,1,-1,-1,-1
564,95,266.20,43.23,427.11,199.79,1,-1,-1,-1
564,96,286.02,211.60,422.26,330.97,1,-1,-1,-1
564,97,62.60,-31.88,237.31,100.27,1,-1,-1,-1
564,100,913.70,-75.97,1021.63,97.75,1,-1,-1,-1
565,13,887.09,358.60,1023.69,657.63,1,-1,-1,-1
565,94,1459.80,-63.08,1604.53,187.10,1,-1,-1,-1
565,95,258.77,43.09,428.91,208.88,1,-1,-1,-1
565,96,281.10,217.17,422.12,341.92,1,-1,-1,-1
565,97,59.96,-25.28,232.86,103.64,1,-1,-1,-1
565,100,915.98,-76.47,1023.63,99.17,1,-1,-1,-1
566,13,886.64,361.11,1022.51,658.68,1,-1,-1,-1
566,95,256.18,42.99,429.51,212.10,1,-1,-1,-1
566,96,279.75,219.10,421.72,345.80,1,-1,-1,-1
566,97,58.53,-22.92,231.96,104.70,1,-1,-1,-1
566,100,917.40,-76.60,1023.82,99.45,1,-1,-1,-1
567,13,882.45,363.13,1016.98,657.52,1,-1,-1,-1
567,95,254.24,54.42,423.14,218.27,1,-1,-1,-1
567,96,275.07,224.75,418.82,352.14,1,-1,-1,-1
567,97,51.83,-22.14,236.74,114.26,1,-1,-1,-1
567,100,916.51,-79.87,1025.25,102.63,1,-1,-1,-1
568,13,880.82,362.97,1015.18,656.85,1,-1,-1,-1
568,95,250.16,56.65,422.95,224.29,1,-1,-1,-1
568,96,271.33,229.92,418.56,360.14,1,-1,-1,-1
568,97,44.57,-18.65,234.99,122.23,1,-1,-1,-1
568,100,922.50,-77.85,1027.17,100.48,1,-1,-1,-1
569,13,876.54,364.03,1009.74,655.09,1,-1,-1,-1
569,95,242.52,59.31,421.97,232.90,1,-1,-1,-1
569,96,273.11,239.47,414.14,363.58,1,-1,-1,-1
569,97,40.08,-18.02,234.89,127.13,1,-1,-1,-1
569,100,926.24,-75.66,1027.13,98.73,1,-1,-1,-1
570,13,874.84,364.23,1007.34,653.59,1,-1,-1,-1
570,95,241.28,62.12,420.08,234.70,1,-1,-1,-1
570,96,273.81,244.16,412.09,365.11,1,-1,-1,-1
570,97,37.15,-12.70,229.15,131.44,1,-1,-1,-1
570,100,927.53,-75.44,1026.48,97.91,1,-1,-1,-1
571,13,875.39,362.79,1005.48,646.91,1,-1,-1,-1
571,95,239.35,64.95,419.77,239.67,1,-1,-1,-1
571,96,271.90,250.31,406.37,368.06,1,-1,-1,-1
571,97,35.11,-10.70,226.77,134.20,1,-1,-1,-1
571,100,929.37,-74.67,1026.11,96.84,1,-1,-1,-1
572,13,875.07,361.41,1004.88,644.94,1,-1,-1,-1
572,95,239.87,67.84,417.94,240.71,1,-1,-1,-1
572,96,270.50,252.31,405.14,370.20,1,-1,-1,-1
572,97,34.31,-10.03,226.10,136.38,1,-1,-1,-1
572,100,929.46,-76.34,1026.47,97.65,1,-1,-1,-1
573,13,870.78,360.78,1000.35,643.48,1,-1,-1,-1
573,94,1468.82,-63.34,1608.87,186.20,1,-1,-1,-1
573,95,238.20,71.39,412.75,239.52,1,-1,-1,-1
573,96,267.16,251.51,406.36,373.44,1,-1,-1,-1
573,97,39.58,-2.04,219.85,135.10,1,-1,-1,-1
573,100,929.81,-76.88,1028.20,99.58,1,-1,-1,-1
574,13,869.09,359.77,998.93,642.88,1,-1,-1,-1
574,94,1470.09,-64.25,1607.48,185.81,1,-1,-1,-1
574,95,235.62,75.20,411.62,244.14,1,-1,-1,-1
574,96,264.29,250.39,407.92,375.79,1,-1,-1,-1
574,97,38.03,2.30,213.32,134.31,1,-1,-1,-1
575,13,867.16,352.00,999.88,641.29,1,-1,-1,-1
575,94,1470.29,-65.18,1606.60,187.06,1,-1,-1,-1
575,95,234.97,77.15,411.05,245.70,1,-1,-1,-1
575,96,264.27,255.00,406.94,378.44,1,-1,-1,-1
575,97,37.32,5.11,209.93,133.87,1,-1,-1,-1
576,13,866.00,347.73,1000.82,641.32,1,-1,-1,-1
576,94,1470.95,-66.21,1606.32,187.48,1,-1,-1,-1
576,95,234.44,79.05,410.65,246.76,1,-1,-1,-1
576,96,263.98,257.22,407.07,379.87,1,-1,-1,-1
576,97,33.20,10.06,205.38,136.94,1,-1,-1,-1
576,100,937.48,-73.67,1030.06,94.51,1,-1,-1,-1
577,13,865.10,344.75,1001.81,642.63,1,-1,-1,-1
577,94,1471.71,-65.96,1605.67,186.92,1,-1,-1,-1
577,95,235.87,84.90,408.40,248.31,1,-1,-1,-1
577,96,259.36,261.19,404.50,384.85,1,-1,-1,-1
577,97,29.78,11.09,205.15,139.29,1,-1,-1,-1
577,100,939.76,-71.81,1029.52,93.01,1,-1,-1,-1
578,13,865.36,340.33,1001.71,637.20,1,-1,-1,-1
578,94,1471.89,-65.63,1606.23,187.96,1,-1,-1,-1
578,95,235.31,86.94,408.17,250.04,1,-1,-1,-1
578,96,256.33,262.54,404.30,387.87,1,-1,-1,-1
578,97,26.76,10.04,207.01,141.39,1,-1,-1,-1
578,100,940.77,-70.55,1028.40,91.87,1,-1,-1,-1
579,13,865.38,337.98,1001.90,635.10,1,-1,-1,-1
579,95,234.26,86.24,409.72,251.88,1,-1,-1,-1
579,96,259.02,270.11,400.51,388.86,1,-1,-1,-1
579,97,26.14,10.21,207.38,142.09,1,-1,-1,-1
579,100,941.29,-70.77,1028.44,92.10,1,-1,-1,-1
