3,1,521.44,350.53,694.23,749.47,1,-1,-1,-1
4,1,522.64,346.23,697.99,751.08,1,-1,-1,-1
5,1,537.73,349.80,715.99,761.64,1,-1,-1,-1
6,1,547.49,342.11,733.67,772.38,1,-1,-1,-1
7,1,558.24,350.48,741.40,774.53,1,-1,-1,-1
8,1,561.45,352.47,744.22,776.38,1,-1,-1,-1
9,1,567.58,351.69,752.57,780.73,1,-1,-1,-1
40,8,1062.12,433.52,1163.90,695.26,1,-1,-1,-1
41,8,1062.25,433.79,1163.95,695.31,1,-1,-1,-1
43,1,726.22,346.92,887.49,724.73,1,-1,-1,-1
44,1,723.55,331.62,891.88,727.69,1,-1,-1,-1
45,1,729.81,326.41,896.48,721.08,1,-1,-1,-1
46,1,735.10,319.74,904.51,722.27,1,-1,-1,-1
46,8,1085.77,397.92,1193.94,675.49,1,-1,-1,-1
47,1,742.38,314.02,911.26,717.34,1,-1,-1,-1
47,8,1093.35,399.29,1198.45,668.82,1,-1,-1,-1
48,1,747.01,310.15,916.45,714.80,1,-1,-1,-1
48,8,1097.61,399.87,1198.87,659.13,1,-1,-1,-1
49,8,1101.43,396.55,1202.44,655.15,1,-1,-1,-1
93,13,1647.12,390.03,1821.92,778.97,1,-1,-1,-1
94,13,1651.67,381.79,1834.09,787.96,1,-1,-1,-1
95,13,1056.40,354.05,1221.98,724.11,1,-1,-1,-1
96,8,1055.69,387.89,1168.64,666.85,1,-1,-1,-1
96,13,839.34,334.16,1002.52,700.58,1,-1,-1,-1
97,1,823.86,309.81,988.48,703.88,1,-1,-1,-1
97,8,1053.89,388.28,1167.09,667.87,1,-1,-1,-1
97,13,668.37,321.16,830.32,684.83,1,-1,-1,-1
98,1,824.77,310.62,989.17,704.15,1,-1,-1,-1
100,27,1197.43,389.66,1307.82,654.15,1,-1,-1,-1
101,27,1206.25,392.60,1314.15,650.70,1,-1,-1,-1
102,13,1151.94,384.45,1269.97,650.10,1,-1,-1,-1
102,27,1212.90,394.66,1319.14,648.79,1,-1,-1,-1
102,28,1609.98,372.14,1780.02,760.86,1,-1,-1,-1
103,13,1193.99,389.87,1308.44,647.70,1,-1,-1,-1
103,28,1595.21,353.56,1773.88,762.04,1,-1,-1,-1
104,13,1205.36,387.64,1322.21,650.87,1,-1,-1,-1
104,28,1586.15,350.52,1765.09,759.68,1,-1,-1,-1
105,13,1209.53,386.17,1327.74,652.82,1,-1,-1,-1
105,28,1579.39,352.31,1756.03,756.05,1,-1,-1,-1
106,13,1211.97,385.60,1330.38,653.16,1,-1,-1,-1
106,28,1569.09,352.06,1741.71,746.46,1,-1,-1,-1
107,13,1217.09,380.60,1336.65,650.82,1,-1,-1,-1
107,28,1551.62,343.33,1730.85,752.79,1,-1,-1,-1
108,13,1222.91,375.39,1345.55,652.84,1,-1,-1,-1
108,28,1542.44,337.08,1723.74,751.26,1,-1,-1,-1
108,30,1818.57,562.25,1938.39,819.75,1,-1,-1,-1
109,13,1231.07,375.48,1353.04,651.73,1,-1,-1,-1
109,30,1820.34,562.83,1939.98,819.93,1,-1,-1,-1
110,13,1235.47,368.88,1363.53,658.83,1,-1,-1,-1
110,30,1825.89,569.67,1944.11,823.69,1,-1,-1,-1
111,13,1243.46,373.66,1370.85,662.15,1,-1,-1,-1
111,30,1828.93,571.75,1946.69,824.77,1,-1,-1,-1
112,13,1255.91,376.92,1382.26,663.54,1,-1,-1,-1
112,28,1506.68,363.42,1685.15,770.72,1,-1,-1,-1
113,13,1261.43,372.21,1396.31,678.04,1,-1,-1,-1
113,28,1501.34,365.65,1684.83,783.93,1,-1,-1,-1
114,13,1415.14,373.07,1579.14,744.62,1,-1,-1,-1
114,28,1492.70,365.02,1677.54,786.39,1,-1,-1,-1
115,13,1469.21,370.34,1643.00,764.76,1,-1,-1,-1
116,13,1495.28,373.56,1665.14,759.33,1,-1,-1,-1
117,13,1500.93,382.03,1659.41,741.77,1,-1,-1,-1
118,13,1520.86,382.22,1681.62,747.15,1,-1,-1,-1
119,13,1354.03,338.18,1520.32,714.37,1,-1,-1,-1
120,13,1315.43,316.96,1489.65,709.50,1,-1,-1,-1
120,27,1173.52,317.22,1321.96,669.89,1,-1,-1,-1
121,13,1295.35,306.04,1475.45,710.92,1,-1,-1,-1
121,27,1169.58,312.61,1325.20,679.45,1,-1,-1,-1
121,28,1422.91,352.41,1585.62,722.11,1,-1,-1,-1
121,30,1834.26,586.09,1939.52,812.31,1,-1,-1,-1
122,13,1629.23,486.03,1757.34,773.01,1,-1,-1,-1
122,27,1162.40,299.64,1331.54,695.77,1,-1,-1,-1
122,28,1413.57,351.14,1575.12,718.20,1,-1,-1,-1
122,30,1835.36,587.67,1939.55,811.60,1,-1,-1,-1
123,13,1760.53,568.34,1863.26,797.80,1,-1,-1,-1
123,27,1160.51,295.27,1332.48,698.02,1,-1,-1,-1
124,13,1775.92,591.90,1871.86,805.49,1,-1,-1,-1
125,13,1756.93,593.23,1846.90,792.97,1,-1,-1,-1
126,13,1725.35,586.75,1818.36,792.81,1,-1,-1,-1
127,13,1739.84,599.02,1828.99,796.52,1,-1,-1,-1
129,13,1646.50,574.79,1741.88,786.12,1,-1,-1,-1
130,13,1616.99,569.19,1712.38,780.32,1,-1,-1,-1
131,13,1114.42,373.28,1267.02,712.93,1,-1,-1,-1
132,13,1080.81,320.70,1250.63,695.92,1,-1,-1,-1
132,27,879.06,277.77,1051.07,679.19,1,-1,-1,-1
133,13,1069.37,308.62,1233.22,669.04,1,-1,-1,-1
133,27,853.75,279.94,1023.46,676.15,1,-1,-1,-1
134,13,902.17,287.30,1073.18,666.06,1,-1,-1,-1
134,27,835.12,277.38,1005.75,675.76,1,-1,-1,-1
135,13,829.14,277.41,1003.52,666.23,1,-1,-1,-1
136,13,800.23,279.81,970.32,661.58,1,-1,-1,-1
137,13,787.14,272.79,963.12,669.72,1,-1,-1,-1
138,13,782.11,271.06,963.11,680.57,1,-1,-1,-1
138,28,1459.46,566.17,1556.85,785.99,1,-1,-1,-1
139,13,1183.05,453.60,1312.27,745.36,1,-1,-1,-1
139,28,1460.84,577.78,1554.51,789.21,1,-1,-1,-1
140,13,1361.11,538.64,1466.30,775.91,1,-1,-1,-1
141,13,1650.94,446.18,1769.72,712.79,1,-1,-1,-1
142,13,1504.15,527.53,1610.38,765.37,1,-1,-1,-1
143,13,1671.14,452.58,1789.49,716.18,1,-1,-1,-1
143,28,1389.87,569.99,1492.86,801.04,1,-1,-1,-1
144,13,1492.49,531.26,1597.50,765.12,1,-1,-1,-1
144,28,1381.78,574.86,1483.98,804.13,1,-1,-1,-1
145,13,1504.67,536.62,1608.00,766.75,1,-1,-1,-1
145,28,1362.95,573.66,1464.01,799.19,1,-1,-1,-1
146,28,1353.58,577.79,1453.75,801.30,1,-1,-1,-1
147,27,760.89,308.81,931.15,703.40,1,-1,-1,-1
148,27,752.55,310.20,922.91,705.00,1,-1,-1,-1
151,13,1650.88,392.68,1802.36,728.81,1,-1,-1,-1
152,13,1669.91,381.59,1825.11,725.98,1,-1,-1,-1
166,13,923.32,300.52,1100.47,695.69,1,-1,-1,-1
166,27,1001.74,346.90,1144.56,681.46,1,-1,-1,-1
167,13,970.53,331.97,1126.16,683.76,1,-1,-1,-1
167,27,1013.71,348.88,1155.23,680.39,1,-1,-1,-1
168,1,885.56,302.01,1054.44,698.01,1,-1,-1,-1
168,13,985.61,342.08,1133.43,679.47,1,-1,-1,-1
169,1,886.45,301.70,1055.39,697.85,1,-1,-1,-1
169,13,995.96,345.58,1140.97,678.79,1,-1,-1,-1
169,49,893.34,292.66,1059.83,692.62,1,-1,-1,-1
170,13,1003.79,342.82,1150.85,682.07,1,-1,-1,-1
170,49,894.40,290.37,1062.75,694.01,1,-1,-1,-1
171,13,1014.97,344.53,1157.40,673.98,1,-1,-1,-1
171,49,898.29,285.66,1070.39,697.21,1,-1,-1,-1
172,13,1021.35,347.29,1159.47,667.64,1,-1,-1,-1
172,49,889.17,278.52,1064.99,698.95,1,-1,-1,-1
173,13,1022.87,343.57,1162.78,668.85,1,-1,-1,-1
173,49,901.87,269.49,1083.21,701.73,1,-1,-1,-1
174,13,1025.49,342.92,1161.76,659.36,1,-1,-1,-1
174,49,899.74,269.46,1080.65,699.15,1,-1,-1,-1
175,13,1021.83,342.71,1156.73,655.92,1,-1,-1,-1
175,49,897.03,274.98,1073.22,692.83,1,-1,-1,-1
176,13,1013.87,346.71,1144.54,650.77,1,-1,-1,-1
176,49,890.55,276.03,1066.19,691.73,1,-1,-1,-1
177,13,1008.93,344.15,1141.30,652.42,1,-1,-1,-1
177,49,889.05,278.59,1062.97,689.31,1,-1,-1,-1
178,13,1006.05,340.57,1141.60,656.45,1,-1,-1,-1
178,49,889.81,281.73,1061.48,686.39,1,-1,-1,-1
179,13,1003.70,335.95,1143.43,661.34,1,-1,-1,-1
179,49,890.08,283.06,1061.27,685.97,1,-1,-1,-1
180,13,998.42,334.68,1138.10,659.97,1,-1,-1,-1
180,49,886.56,280.95,1058.44,685.50,1,-1,-1,-1
183,49,965.73,318.45,1123.60,689.34,1,-1,-1,-1
184,49,968.55,319.49,1128.39,694.11,1,-1,-1,-1
185,13,967.25,319.65,1127.87,693.02,1,-1,-1,-1
185,49,973.71,321.62,1132.91,694.71,1,-1,-1,-1
186,13,962.06,315.91,1130.31,706.79,1,-1,-1,-1
187,13,956.43,313.75,1126.93,709.85,1,-1,-1,-1
187,49,971.61,314.87,1141.57,712.22,1,-1,-1,-1
188,49,965.87,312.59,1138.55,715.54,1,-1,-1,-1
189,49,950.57,293.36,1132.82,717.35,1,-1,-1,-1
190,49,939.31,274.55,1134.78,728.94,1,-1,-1,-1
191,49,938.98,271.75,1132.07,720.66,1,-1,-1,-1
192,49,937.85,262.98,1132.48,715.81,1,-1,-1,-1
193,49,935.28,249.99,1134.73,714.54,1,-1,-1,-1
194,49,934.68,246.43,1134.52,712.07,1,-1,-1,-1
195,49,930.17,250.43,1129.54,714.96,1,-1,-1,-1
196,13,860.43,224.22,1068.92,709.29,1,-1,-1,-1
196,49,925.43,261.95,1112.29,697.08,1,-1,-1,-1
197,13,851.80,217.43,1063.72,710.49,1,-1,-1,-1
197,49,925.86,272.02,1103.30,685.36,1,-1,-1,-1
198,49,877.90,243.34,1071.15,693.27,1,-1,-1,-1
199,49,850.73,230.06,1052.18,699.90,1,-1,-1,-1
200,49,839.22,222.40,1045.93,705.13,1,-1,-1,-1
201,49,835.11,216.36,1043.04,702.01,1,-1,-1,-1
202,49,832.34,220.08,1035.26,694.26,1,-1,-1,-1
203,49,833.62,226.39,1029.94,685.98,1,-1,-1,-1
204,49,832.19,218.99,1030.48,684.20,1,-1,-1,-1
205,13,888.81,249.26,1071.63,676.41,1,-1,-1,-1
205,49,830.75,208.47,1032.58,682.27,1,-1,-1,-1
206,13,887.30,248.28,1069.79,674.67,1,-1,-1,-1
206,49,832.08,207.88,1031.90,677.00,1,-1,-1,-1
207,49,835.37,210.51,1028.69,664.48,1,-1,-1,-1
208,49,833.54,213.71,1022.32,657.14,1,-1,-1,-1
209,49,833.41,215.69,1019.75,653.21,1,-1,-1,-1
210,49,832.50,215.19,1019.31,653.89,1,-1,-1,-1
211,49,832.18,214.41,1019.40,654.26,1,-1,-1,-1
212,13,861.20,220.96,1051.88,665.92,1,-1,-1,-1
212,49,832.21,213.53,1020.20,655.85,1,-1,-1,-1
213,13,858.21,218.10,1049.43,664.33,1,-1,-1,-1
213,49,851.99,204.66,1047.29,664.48,1,-1,-1,-1
214,49,853.84,205.96,1044.14,654.06,1,-1,-1,-1
215,49,862.29,202.62,1054.43,655.36,1,-1,-1,-1
216,49,863.34,200.38,1055.75,653.75,1,-1,-1,-1
217,49,872.81,221.36,1052.18,645.03,1,-1,-1,-1
218,13,874.04,224.47,1048.82,634.61,1,-1,-1,-1
218,49,874.71,221.54,1053.01,642.68,1,-1,-1,-1
219,13,879.36,225.97,1055.26,640.36,1,-1,-1,-1
220,13,888.48,233.08,1059.00,635.96,1,-1,-1,-1
221,13,886.19,232.39,1057.31,637.14,1,-1,-1,-1
222,13,886.95,232.42,1057.12,634.93,1,-1,-1,-1
222,49,887.01,237.70,1053.81,632.10,1,-1,-1,-1
223,13,885.99,230.52,1054.99,629.79,1,-1,-1,-1
223,49,889.35,239.34,1054.41,629.64,1,-1,-1,-1
224,13,876.64,230.10,1045.26,628.44,1,-1,-1,-1
225,13,874.24,233.30,1040.33,624.68,1,-1,-1,-1
226,13,868.94,235.17,1033.62,622.71,1,-1,-1,-1
227,13,861.19,233.84,1027.01,624.09,1,-1,-1,-1
228,13,855.94,238.66,1017.79,619.36,1,-1,-1,-1
229,13,848.04,237.78,1011.08,621.03,1,-1,-1,-1
230,13,838.23,231.46,1006.43,626.37,1,-1,-1,-1
231,13,831.17,231.72,999.13,625.77,1,-1,-1,-1
232,13,820.50,223.90,995.39,633.53,1,-1,-1,-1
233,13,816.52,221.64,993.57,635.78,1,-1,-1,-1
234,13,811.49,222.12,988.23,635.35,1,-1,-1,-1
235,13,809.69,223.01,985.76,634.52,1,-1,-1,-1
236,13,802.59,218.77,982.37,638.81,1,-1,-1,-1
236,49,668.64,196.76,864.74,662.23,1,-1,-1,-1
237,13,792.37,205.44,979.76,643.03,1,-1,-1,-1
237,49,655.45,194.46,853.17,663.75,1,-1,-1,-1
238,13,780.74,203.65,967.99,640.74,1,-1,-1,-1
238,49,636.26,189.05,837.99,668.81,1,-1,-1,-1
239,13,767.45,188.66,963.37,645.69,1,-1,-1,-1
239,49,622.60,186.51,826.16,670.60,1,-1,-1,-1
240,13,758.17,193.38,948.10,636.59,1,-1,-1,-1
240,49,603.01,190.12,803.19,665.96,1,-1,-1,-1
241,13,746.38,182.93,940.88,636.87,1,-1,-1,-1
241,49,578.55,177.30,785.80,670.43,1,-1,-1,-1
242,13,723.17,187.57,911.76,627.86,1,-1,-1,-1
242,49,549.97,168.28,763.43,676.52,1,-1,-1,-1
243,13,704.93,178.97,900.36,635.62,1,-1,-1,-1
243,49,517.62,155.23,740.91,687.84,1,-1,-1,-1
244,13,691.99,186.90,884.52,636.53,1,-1,-1,-1
244,49,499.77,150.78,726.12,690.69,1,-1,-1,-1
245,13,675.80,189.51,871.26,646.12,1,-1,-1,-1
246,13,667.22,199.71,860.23,650.36,1,-1,-1,-1
247,13,662.78,215.60,848.81,649.96,1,-1,-1,-1
248,13,659.94,217.63,846.62,653.75,1,-1,-1,-1
249,13,653.31,230.92,833.43,652.45,1,-1,-1,-1
250,13,654.39,247.98,825.09,647.85,1,-1,-1,-1
251,13,652.13,257.56,816.76,643.37,1,-1,-1,-1
251,49,414.24,198.99,627.93,710.04,1,-1,-1,-1
252,13,651.43,262.19,812.97,641.05,1,-1,-1,-1
252,49,413.11,222.41,612.07,700.69,1,-1,-1,-1
253,13,646.20,260.29,809.07,642.93,1,-1,-1,-1
253,49,407.87,228.68,602.85,699.35,1,-1,-1,-1
254,13,643.00,252.09,808.75,642.28,1,-1,-1,-1
254,49,404.34,237.54,592.56,692.08,1,-1,-1,-1
255,13,648.18,256.87,812.03,642.71,1,-1,-1,-1
255,49,392.80,241.95,579.25,692.20,1,-1,-1,-1
256,13,649.97,257.89,814.05,644.21,1,-1,-1,-1
256,49,407.37,277.28,572.47,675.26,1,-1,-1,-1
257,13,648.81,248.86,816.98,644.77,1,-1,-1,-1
257,49,399.18,285.63,559.96,673.21,1,-1,-1,-1
258,13,649.74,243.46,816.95,637.08,1,-1,-1,-1
258,49,398.92,275.74,558.24,659.41,1,-1,-1,-1
259,13,653.17,247.96,814.21,626.84,1,-1,-1,-1
259,49,396.49,267.19,557.20,653.83,1,-1,-1,-1
260,13,650.49,245.61,808.73,618.30,1,-1,-1,-1
260,49,394.02,266.95,549.27,639.80,1,-1,-1,-1
261,13,654.26,246.06,810.22,613.23,1,-1,-1,-1
261,49,384.88,248.84,545.16,634.16,1,-1,-1,-1
262,13,655.91,240.17,812.09,608.11,1,-1,-1,-1
262,49,378.55,249.23,536.44,628.83,1,-1,-1,-1
263,13,472.94,233.99,635.99,619.66,1,-1,-1,-1
264,13,411.67,234.33,574.38,620.70,1,-1,-1,-1
265,13,388.47,232.53,552.69,623.81,1,-1,-1,-1
266,13,572.07,242.39,727.73,613.86,1,-1,-1,-1
267,13,639.60,234.81,802.01,622.16,1,-1,-1,-1
268,13,643.48,234.18,805.92,621.63,1,-1,-1,-1
269,13,653.60,237.78,814.30,620.25,1,-1,-1,-1
270,13,658.14,237.59,818.65,619.63,1,-1,-1,-1
286,13,13.57,206.32,210.23,663.39,1,-1,-1,-1
287,13,-10.50,210.01,191.27,669.11,1,-1,-1,-1
288,13,-43.92,208.71,159.55,671.68,1,-1,-1,-1
289,13,354.06,238.43,532.90,647.31,1,-1,-1,-1
290,13,359.08,239.90,537.35,647.48,1,-1,-1,-1
291,13,463.72,248.29,633.97,639.11,1,-1,-1,-1
292,13,479.29,250.50,648.26,638.37,1,-1,-1,-1
309,13,633.77,252.26,781.85,592.25,1,-1,-1,-1
310,13,643.51,252.58,790.36,589.73,1,-1,-1,-1
312,13,1087.48,438.34,1155.70,576.34,1,-1,-1,-1
313,13,1153.55,468.18,1210.75,574.84,1,-1,-1,-1
314,13,1160.75,471.88,1219.26,575.43,1,-1,-1,-1
315,13,1155.34,470.99,1217.29,576.35,1,-1,-1,-1
316,13,1178.73,479.96,1235.01,575.69,1,-1,-1,-1
323,13,1090.28,493.08,1162.48,608.94,1,-1,-1,-1
324,13,1086.43,496.65,1158.58,612.40,1,-1,-1,-1
325,13,1063.70,495.15,1135.46,607.53,1,-1,-1,-1
326,13,1058.73,498.39,1130.30,610.47,1,-1,-1,-1
331,13,1025.38,486.39,1099.75,600.12,1,-1,-1,-1
332,13,1018.54,486.50,1093.42,598.35,1,-1,-1,-1
333,13,1015.25,486.53,1092.28,599.07,1,-1,-1,-1
334,13,1012.86,485.20,1092.67,600.62,1,-1,-1,-1
335,13,1008.10,485.33,1087.84,600.53,1,-1,-1,-1
336,13,1001.72,484.68,1081.08,599.80,1,-1,-1,-1
337,13,996.65,485.22,1076.10,600.45,1,-1,-1,-1
338,13,994.14,480.51,1072.68,594.03,1,-1,-1,-1
339,13,1341.08,337.01,1572.17,686.93,1,-1,-1,-1
340,13,1373.44,321.78,1621.08,696.73,1,-1,-1,-1
342,13,782.02,231.36,1070.35,688.03,1,-1,-1,-1
343,13,638.47,211.19,925.72,684.37,1,-1,-1,-1
344,13,580.88,198.34,863.40,680.24,1,-1,-1,-1
345,13,840.60,370.61,998.31,633.40,1,-1,-1,-1
346,13,620.26,237.65,867.82,662.94,1,-1,-1,-1
347,13,595.94,218.63,845.96,660.08,1,-1,-1,-1
348,13,586.18,208.28,832.15,653.44,1,-1,-1,-1
348,70,1004.61,469.96,1098.45,604.61,1,-1,-1,-1
349,13,854.33,363.46,1000.41,623.84,1,-1,-1,-1
349,70,1006.97,463.85,1106.60,606.80,1,-1,-1,-1
350,13,983.15,434.45,1079.25,605.15,1,-1,-1,-1
351,13,1015.88,450.55,1097.21,593.65,1,-1,-1,-1
352,13,1023.17,453.32,1101.82,590.23,1,-1,-1,-1
352,72,630.82,198.94,824.00,644.84,1,-1,-1,-1
353,13,1026.62,452.33,1107.53,591.66,1,-1,-1,-1
353,72,643.76,199.55,836.31,643.80,1,-1,-1,-1
354,13,741.94,272.48,943.13,627.62,1,-1,-1,-1
354,72,649.82,197.26,843.62,644.37,1,-1,-1,-1
355,13,660.33,220.63,893.45,641.79,1,-1,-1,-1
355,70,1008.46,450.86,1105.56,591.38,1,-1,-1,-1
356,13,620.35,195.97,865.67,648.73,1,-1,-1,-1
356,70,1004.92,446.29,1106.16,594.73,1,-1,-1,-1
357,13,600.75,184.47,850.01,653.90,1,-1,-1,-1
357,70,997.32,446.85,1096.10,593.47,1,-1,-1,-1
358,13,598.05,182.83,839.96,646.34,1,-1,-1,-1
358,70,990.85,448.57,1085.70,590.34,1,-1,-1,-1
359,13,596.70,184.49,831.57,642.10,1,-1,-1,-1
359,70,985.06,451.42,1076.32,587.15,1,-1,-1,-1
360,13,599.73,188.32,827.20,638.24,1,-1,-1,-1
360,70,981.32,450.56,1073.85,587.37,1,-1,-1,-1
361,13,603.92,191.79,825.21,635.79,1,-1,-1,-1
361,70,979.03,448.89,1072.06,586.44,1,-1,-1,-1
362,13,605.22,188.71,827.37,640.28,1,-1,-1,-1
363,13,608.54,194.61,826.65,643.18,1,-1,-1,-1
364,13,607.58,198.23,822.36,644.79,1,-1,-1,-1
365,13,604.13,199.99,816.85,646.52,1,-1,-1,-1
366,13,576.42,180.86,800.24,650.69,1,-1,-1,-1
368,13,602.21,194.80,822.78,663.87,1,-1,-1,-1
368,70,926.80,459.97,1017.74,594.35,1,-1,-1,-1
369,13,820.90,372.23,943.43,617.91,1,-1,-1,-1
369,70,921.56,460.15,1012.54,594.59,1,-1,-1,-1
370,13,823.71,376.17,944.15,617.66,1,-1,-1,-1
372,13,637.79,204.94,869.07,677.32,1,-1,-1,-1
373,13,627.54,187.29,866.84,683.37,1,-1,-1,-1
374,13,602.31,164.43,856.82,692.05,1,-1,-1,-1
378,13,846.08,403.94,952.62,613.81,1,-1,-1,-1
379,13,842.49,401.75,950.97,615.43,1,-1,-1,-1
393,13,1299.02,344.18,1458.10,669.79,1,-1,-1,-1
394,13,1325.76,340.37,1488.42,673.31,1,-1,-1,-1
396,13,1280.48,321.54,1445.43,670.29,1,-1,-1,-1
397,13,1273.72,334.83,1425.23,661.10,1,-1,-1,-1
398,13,1261.84,335.88,1407.16,652.96,1,-1,-1,-1
399,13,1275.75,333.12,1422.70,653.76,1,-1,-1,-1
405,13,571.76,191.28,772.47,635.52,1,-1,-1,-1
406,13,522.52,186.27,723.74,637.29,1,-1,-1,-1
407,13,501.98,187.31,700.46,636.17,1,-1,-1,-1
408,13,502.02,196.52,694.88,636.39,1,-1,-1,-1
409,13,507.00,210.93,691.23,633.92,1,-1,-1,-1
410,13,516.02,218.23,695.53,632.34,1,-1,-1,-1
411,13,523.47,215.97,705.55,637.71,1,-1,-1,-1
412,13,531.39,213.97,714.93,641.04,1,-1,-1,-1
413,13,536.40,215.37,718.07,639.73,1,-1,-1,-1
414,13,541.40,216.14,718.40,630.68,1,-1,-1,-1
415,13,546.50,219.96,718.02,622.59,1,-1,-1,-1
416,13,528.87,216.70,701.00,620.79,1,-1,-1,-1
420,13,542.83,198.50,726.14,630.39,1,-1,-1,-1
421,13,544.87,195.60,730.27,633.41,1,-1,-1,-1
422,13,544.48,191.33,732.90,637.74,1,-1,-1,-1
423,13,545.70,196.97,732.32,640.03,1,-1,-1,-1
424,13,545.70,197.35,733.19,642.86,1,-1,-1,-1
425,13,545.54,207.40,725.59,634.75,1,-1,-1,-1
426,13,543.28,206.08,724.79,636.90,1,-1,-1,-1
427,13,537.96,204.90,720.04,637.10,1,-1,-1,-1
435,13,559.78,155.62,777.70,674.54,1,-1,-1,-1
436,13,560.49,145.97,781.86,673.89,1,-1,-1,-1
437,13,566.53,152.08,777.61,656.21,1,-1,-1,-1
438,13,569.45,155.40,775.29,647.12,1,-1,-1,-1
439,13,573.52,159.41,771.37,632.46,1,-1,-1,-1
440,13,585.54,164.39,777.36,622.94,1,-1,-1,-1
441,13,606.11,166.99,791.54,610.77,1,-1,-1,-1
442,13,613.60,166.67,797.39,606.38,1,-1,-1,-1
443,13,620.59,154.52,813.79,616.30,1,-1,-1,-1
444,13,625.15,155.34,817.60,614.75,1,-1,-1,-1
445,13,623.98,155.78,812.92,606.31,1,-1,-1,-1
446,13,628.13,154.11,816.64,603.61,1,-1,-1,-1
448,13,618.41,157.76,803.45,598.88,1,-1,-1,-1
449,13,618.21,157.63,800.12,591.25,1,-1,-1,-1
450,13,618.08,158.27,798.36,588.02,1,-1,-1,-1
451,13,617.50,157.86,798.14,588.29,1,-1,-1,-1
452,13,611.18,158.40,794.77,595.14,1,-1,-1,-1
453,13,600.65,150.69,792.38,605.71,1,-1,-1,-1
454,13,596.90,153.03,791.26,613.62,1,-1,-1,-1
455,13,605.80,161.20,798.84,618.67,1,-1,-1,-1
456,13,611.83,170.30,799.85,615.96,1,-1,-1,-1
457,13,611.86,169.10,801.79,619.54,1,-1,-1,-1
458,13,601.90,166.65,794.00,621.50,1,-1,-1,-1
459,13,596.63,157.81,792.51,621.55,1,-1,-1,-1
460,13,595.60,157.19,792.15,622.54,1,-1,-1,-1
461,13,600.72,166.96,796.20,630.08,1,-1,-1,-1
462,13,595.94,171.18,793.51,639.34,1,-1,-1,-1
463,13,587.21,172.00,789.74,652.45,1,-1,-1,-1
464,13,579.81,173.60,783.35,656.01,1,-1,-1,-1
465,13,585.33,187.93,781.78,653.31,1,-1,-1,-1
466,13,589.09,200.07,780.38,653.41,1,-1,-1,-1
467,13,593.86,201.81,785.94,656.68,1,-1,-1,-1
468,13,590.03,200.36,784.36,660.45,1,-1,-1,-1
469,13,582.79,197.73,779.70,663.75,1,-1,-1,-1
470,13,580.43,196.64,778.27,664.90,1,-1,-1,-1
471,13,579.95,201.41,777.40,668.51,1,-1,-1,-1
472,13,584.87,204.48,781.31,669.12,1,-1,-1,-1
473,13,581.00,202.91,779.35,671.89,1,-1,-1,-1
474,13,580.89,210.81,776.66,673.50,1,-1,-1,-1
475,13,585.09,227.67,772.13,669.35,1,-1,-1,-1
476,13,598.59,244.03,777.47,666.31,1,-1,-1,-1
477,13,607.70,247.80,785.50,667.84,1,-1,-1,-1
478,13,615.67,248.99,793.06,668.35,1,-1,-1,-1
479,13,618.58,253.73,794.44,669.48,1,-1,-1,-1
480,46,627.56,224.38,812.00,659.16,1,-1,-1,-1
481,46,627.48,212.11,815.41,655.45,1,-1,-1,-1
482,46,627.30,202.86,816.72,649.39,1,-1,-1,-1
483,46,630.04,196.67,814.26,631.10,1,-1,-1,-1
484,46,631.52,195.13,815.33,628.61,1,-1,-1,-1
490,13,628.65,193.05,828.41,666.29,1,-1,-1,-1
491,13,630.07,190.18,831.07,666.36,1,-1,-1,-1
514,13,467.80,213.28,665.61,685.86,1,-1,-1,-1
515,13,463.83,212.66,662.33,688.38,1,-1,-1,-1
516,13,462.27,206.45,661.92,686.44,1,-1,-1,-1
517,13,460.99,201.45,663.01,687.69,1,-1,-1,-1
518,13,458.69,205.58,657.09,682.80,1,-1,-1,-1
518,46,625.84,234.83,803.35,651.80,1,-1,-1,-1
519,13,459.36,209.87,653.86,677.54,1,-1,-1,-1
519,46,626.01,236.10,802.78,650.89,1,-1,-1,-1
520,13,459.65,207.42,652.40,670.20,1,-1,-1,-1
520,46,627.01,235.16,800.98,642.50,1,-1,-1,-1
521,13,464.59,205.83,656.81,668.21,1,-1,-1,-1
521,46,626.93,236.30,800.24,642.07,1,-1,-1,-1
522,13,469.70,197.22,664.81,666.86,1,-1,-1,-1
523,13,474.12,192.04,675.39,676.35,1,-1,-1,-1
524,13,479.55,187.52,685.53,683.24,1,-1,-1,-1
525,13,480.55,187.15,690.54,692.43,1,-1,-1,-1
526,13,485.62,189.04,695.59,694.62,1,-1,-1,-1
527,13,490.89,196.40,695.49,688.84,1,-1,-1,-1
528,13,496.71,186.67,710.15,699.18,1,-1,-1,-1
529,13,503.54,183.11,719.88,702.95,1,-1,-1,-1
530,13,507.07,183.75,722.60,701.73,1,-1,-1,-1
531,13,510.89,185.38,721.61,691.98,1,-1,-1,-1
532,13,508.69,178.11,723.97,695.48,1,-1,-1,-1
533,13,505.20,176.76,717.57,686.94,1,-1,-1,-1
534,13,497.87,173.02,711.61,686.26,1,-1,-1,-1
535,13,487.09,174.97,698.88,683.38,1,-1,-1,-1
536,13,486.26,173.42,698.46,682.86,1,-1,-1,-1
544,13,471.10,225.42,675.04,712.64,1,-1,-1,-1
545,13,469.68,228.66,673.09,714.64,1,-1,-1,-1
549,13,459.33,194.09,670.61,699.03,1,-1,-1,-1
550,13,457.48,192.96,669.16,698.86,1,-1,-1,-1
555,13,466.40,223.31,662.22,690.56,1,-1,-1,-1
556,13,462.28,230.77,656.83,694.22,1,-1,-1,-1
557,13,453.51,227.02,653.24,701.37,1,-1,-1,-1
558,13,455.72,226.94,656.53,703.30,1,-1,-1,-1
558,99,-66.36,468.67,53.36,629.34,1,-1,-1,-1
559,13,456.54,232.13,657.31,707.99,1,-1,-1,-1
559,99,-68.31,466.47,55.31,632.34,1,-1,-1,-1
560,13,452.78,240.00,652.48,712.38,1,-1,-1,-1
560,99,-69.40,465.19,56.40,634.00,1,-1,-1,-1
561,13,454.82,240.22,656.62,717.31,1,-1,-1,-1
562,13,455.01,238.89,658.82,720.41,1,-1,-1,-1
563,13,460.07,238.31,664.61,721.51,1,-1,-1,-1
564,13,469.24,244.61,668.18,714.59,1,-1,-1,-1
565,13,486.93,242.25,684.07,707.85,1,-1,-1,-1
566,13,494.23,243.30,689.11,703.33,1,-1,-1,-1
567,13,497.89,240.30,690.51,694.97,1,-1,-1,-1
568,13,499.32,235.78,690.07,685.87,1,-1,-1,-1
569,13,507.22,228.72,701.67,687.22,1,-1,-1,-1
569,100,1636.73,393.42,1792.13,734.83,1,-1,-1,-1
570,13,516.89,216.86,716.86,688.44,1,-1,-1,-1
570,100,1659.18,386.04,1815.69,729.86,1,-1,-1,-1
571,13,523.78,219.61,719.77,681.75,1,-1,-1,-1
571,100,1667.18,382.85,1824.63,728.73,1,-1,-1,-1
572,13,525.64,219.44,721.24,680.57,1,-1,-1,-1
573,13,526.04,219.42,721.77,680.86,1,-1,-1,-1
574,13,518.07,222.10,711.26,677.07,1,-1,-1,-1
574,100,1668.94,366.47,1823.55,706.32,1,-1,-1,-1
575,13,508.61,220.50,703.44,679.04,1,-1,-1,-1
575,100,1673.47,362.23,1828.15,702.23,1,-1,-1,-1
576,13,509.88,219.77,704.38,677.55,1,-1,-1,-1
577,13,500.29,222.91,693.18,676.79,1,-1,-1,-1
578,13,498.95,229.66,690.05,679.20,1,-1,-1,-1
579,13,499.90,234.71,688.19,677.40,1,-1,-1,-1
579,95,723.44,434.67,865.39,637.32,1,-1,-1,-1
