3,1,689.00,353.00,797.00,621.00,1,-1,-1,-1
3,2,597.00,477.00,631.00,537.00,1,-1,-1,-1
3,3,1582.00,293.00,1723.00,592.00,1,-1,-1,-1
3,4,633.00,473.00,664.00,539.00,1,-1,-1,-1
3,5,1773.00,444.00,1832.00,542.00,1,-1,-1,-1
4,1,689.00,353.00,797.00,621.00,1,-1,-1,-1
4,2,597.00,477.00,631.00,537.00,1,-1,-1,-1
4,3,1582.00,293.00,1723.00,592.00,1,-1,-1,-1
4,4,633.00,473.00,664.00,539.00,1,-1,-1,-1
4,5,1773.00,444.00,1832.00,542.00,1,-1,-1,-1
6,13,1185.81,616.98,1265.19,822.00,1,-1,-1,-1
6,14,830.69,199.00,853.31,234.02,1,-1,-1,-1
6,15,863.21,438.00,921.79,574.98,1,-1,-1,-1
6,16,739.00,389.00,788.00,501.00,1,-1,-1,-1
6,17,864.47,180.00,875.52,212.00,1,-1,-1,-1
6,18,1243.29,602.77,1349.69,824.00,1,-1,-1,-1
7,13,1184.96,609.33,1267.57,822.76,1,-1,-1,-1
7,14,830.69,199.00,853.31,234.05,1,-1,-1,-1
7,15,863.15,438.76,921.08,574.19,1,-1,-1,-1
7,16,739.08,388.24,788.68,501.76,1,-1,-1,-1
7,17,864.43,180.00,875.52,212.00,1,-1,-1,-1
7,18,1244.23,603.86,1348.72,820.99,1,-1,-1,-1
8,13,1184.69,606.88,1268.32,823.01,1,-1,-1,-1
8,14,830.70,199.00,853.30,234.05,1,-1,-1,-1
8,15,863.13,439.01,920.86,573.95,1,-1,-1,-1
8,16,739.14,387.99,788.87,502.01,1,-1,-1,-1
8,17,864.41,180.00,875.54,212.00,1,-1,-1,-1
8,18,1244.56,604.38,1348.39,820.00,1,-1,-1,-1
9,13,1184.43,605.47,1268.02,821.67,1,-1,-1,-1
9,14,830.12,198.29,853.16,234.04,1,-1,-1,-1
9,15,863.40,439.79,920.52,573.17,1,-1,-1,-1
9,16,739.52,387.92,789.27,502.08,1,-1,-1,-1
9,17,864.39,180.00,875.57,212.00,1,-1,-1,-1
9,18,1240.71,602.46,1342.93,814.70,1,-1,-1,-1
10,13,1184.07,603.71,1268.16,821.18,1,-1,-1,-1
10,14,829.72,198.04,853.32,234.73,1,-1,-1,-1
10,15,864.14,440.76,920.49,572.21,1,-1,-1,-1
10,16,739.98,387.91,789.76,502.09,1,-1,-1,-1
10,17,864.37,180.00,875.59,212.00,1,-1,-1,-1
10,18,1239.84,602.54,1340.59,811.51,1,-1,-1,-1
11,13,1183.75,601.43,1268.66,821.01,1,-1,-1,-1
11,14,829.60,197.96,853.36,234.97,1,-1,-1,-1
11,15,864.78,441.78,920.10,570.50,1,-1,-1,-1
11,16,743.13,387.23,793.13,502.08,1,-1,-1,-1
11,17,864.35,180.00,875.62,212.00,1,-1,-1,-1
11,18,1239.53,603.31,1339.18,809.78,1,-1,-1,-1
11,21,1067.77,368.21,1115.04,461.78,1,-1,-1,-1
11,22,1245.47,360.00,1278.52,445.00,1,-1,-1,-1
12,14,829.32,197.26,853.61,235.06,1,-1,-1,-1
12,15,864.59,437.96,921.07,569.23,1,-1,-1,-1
12,16,744.97,386.99,795.00,502.07,1,-1,-1,-1
12,17,864.33,180.00,875.60,212.00,1,-1,-1,-1
12,18,1239.88,602.94,1339.02,807.89,1,-1,-1,-1
12,21,1068.20,367.93,1115.68,462.02,1,-1,-1,-1
12,22,1245.43,360.00,1278.52,445.00,1,-1,-1,-1
13,14,829.21,197.01,853.72,235.08,1,-1,-1,-1
13,15,867.97,437.26,924.05,567.45,1,-1,-1,-1
13,16,746.18,386.91,796.43,502.74,1,-1,-1,-1
13,18,1240.12,603.50,1338.94,807.30,1,-1,-1,-1
13,21,1072.80,368.60,1118.71,459.89,1,-1,-1,-1
13,22,1245.59,360.00,1278.36,444.26,1,-1,-1,-1
14,14,828.97,196.92,853.96,235.74,1,-1,-1,-1
14,15,865.72,435.66,922.57,567.50,1,-1,-1,-1
14,16,746.93,386.89,797.26,502.98,1,-1,-1,-1
14,18,1236.92,593.55,1341.60,809.21,1,-1,-1,-1
14,21,1074.96,368.85,1119.81,458.42,1,-1,-1,-1
14,22,1245.28,360.00,1277.96,444.02,1,-1,-1,-1
15,14,829.08,197.55,853.86,235.99,1,-1,-1,-1
15,15,864.86,434.41,922.03,566.89,1,-1,-1,-1
15,16,747.22,386.23,798.15,503.73,1,-1,-1,-1
15,18,1235.88,589.97,1342.47,809.28,1,-1,-1,-1
15,21,1075.86,368.24,1120.60,457.94,1,-1,-1,-1
15,22,1245.04,360.00,1277.96,444.64,1,-1,-1,-1
16,14,829.30,197.81,853.65,235.41,1,-1,-1,-1
16,15,864.34,433.96,921.34,566.03,1,-1,-1,-1
16,16,750.19,385.33,801.51,504.00,1,-1,-1,-1
16,18,1235.76,589.33,1342.59,808.70,1,-1,-1,-1
16,21,1076.64,368.72,1120.98,457.80,1,-1,-1,-1
16,22,1244.96,360.00,1277.97,444.87,1,-1,-1,-1
17,13,1182.85,584.18,1268.27,803.81,1,-1,-1,-1
17,14,829.37,197.91,853.59,235.18,1,-1,-1,-1
17,15,864.27,433.82,920.96,565.07,1,-1,-1,-1
17,16,751.61,384.99,803.07,504.09,1,-1,-1,-1
17,18,1235.03,587.53,1342.21,807.63,1,-1,-1,-1
17,21,1077.27,368.90,1121.35,457.78,1,-1,-1,-1
17,22,1244.85,360.00,1277.86,444.87,1,-1,-1,-1
18,13,1184.41,586.81,1267.32,798.52,1,-1,-1,-1
18,14,829.94,198.62,853.69,235.09,1,-1,-1,-1
18,15,864.35,433.78,920.70,564.08,1,-1,-1,-1
18,16,752.37,384.88,804.01,504.78,1,-1,-1,-1
18,21,1077.42,368.29,1122.13,458.47,1,-1,-1,-1
18,22,1244.75,364.01,1277.35,446.58,1,-1,-1,-1
19,13,1185.24,588.99,1266.00,794.12,1,-1,-1,-1
19,14,830.14,198.88,853.74,235.05,1,-1,-1,-1
19,15,864.20,433.79,920.13,563.08,1,-1,-1,-1
19,16,752.94,384.85,804.65,505.03,1,-1,-1,-1
19,21,1079.90,366.72,1125.96,460.08,1,-1,-1,-1
19,22,1244.31,364.17,1277.64,447.64,1,-1,-1,-1
20,13,1186.11,591.20,1264.96,789.91,1,-1,-1,-1
20,14,830.20,198.98,853.77,235.04,1,-1,-1,-1
20,15,864.13,433.81,919.93,562.74,1,-1,-1,-1
20,16,753.88,386.17,804.74,504.45,1,-1,-1,-1
20,21,1081.81,366.14,1128.30,460.69,1,-1,-1,-1
20,22,1243.92,364.22,1277.98,448.67,1,-1,-1,-1
21,13,1186.36,588.69,1264.65,785.75,1,-1,-1,-1
21,14,830.21,199.02,853.80,235.03,1,-1,-1,-1
21,15,863.85,431.17,920.11,561.31,1,-1,-1,-1
21,16,757.18,385.36,808.37,504.22,1,-1,-1,-1
21,21,1083.34,365.93,1129.62,460.26,1,-1,-1,-1
21,22,1243.31,364.22,1277.92,449.04,1,-1,-1,-1
22,13,1186.65,587.81,1264.34,782.99,1,-1,-1,-1
22,14,830.20,199.03,853.82,235.02,1,-1,-1,-1
22,15,864.14,430.19,920.45,560.81,1,-1,-1,-1
22,16,758.78,385.06,810.61,505.45,1,-1,-1,-1
22,21,1086.72,362.56,1133.83,459.43,1,-1,-1,-1
22,22,1242.97,364.21,1278.01,449.16,1,-1,-1,-1
23,13,1186.76,586.20,1264.89,782.09,1,-1,-1,-1
23,14,830.19,199.03,853.83,235.02,1,-1,-1,-1
23,15,864.54,430.51,920.30,559.99,1,-1,-1,-1
23,16,759.62,384.95,811.78,505.90,1,-1,-1,-1
23,18,1237.27,593.03,1327.10,778.35,1,-1,-1,-1
23,21,1089.08,365.23,1134.22,459.12,1,-1,-1,-1
23,22,1243.19,365.51,1277.71,448.52,1,-1,-1,-1
24,13,1186.03,584.31,1265.21,782.53,1,-1,-1,-1
24,14,830.17,199.03,853.85,235.02,1,-1,-1,-1
24,15,864.32,429.99,919.95,559.05,1,-1,-1,-1
24,16,760.65,384.92,812.72,505.41,1,-1,-1,-1
24,18,1238.40,593.64,1326.02,775.10,1,-1,-1,-1
24,21,1090.61,366.98,1134.25,458.34,1,-1,-1,-1
24,22,1243.03,365.99,1277.18,447.59,1,-1,-1,-1
24,27,376.00,380.00,443.00,534.00,1,-1,-1,-1
25,13,1186.11,583.66,1265.63,782.11,1,-1,-1,-1
25,14,830.15,199.02,853.86,235.01,1,-1,-1,-1
25,15,864.11,429.16,919.95,558.73,1,-1,-1,-1
25,16,764.68,386.24,815.27,503.23,1,-1,-1,-1
25,18,1238.93,593.78,1325.44,773.41,1,-1,-1,-1
25,21,1092.00,368.31,1134.64,458.05,1,-1,-1,-1
25,22,1239.98,366.82,1273.96,447.24,1,-1,-1,-1
25,27,376.16,380.76,442.84,534.00,1,-1,-1,-1
26,13,1185.42,582.13,1266.51,783.37,1,-1,-1,-1
26,14,830.14,199.02,853.88,235.01,1,-1,-1,-1
26,15,863.40,428.20,919.92,559.31,1,-1,-1,-1
26,16,766.94,386.74,816.73,501.72,1,-1,-1,-1
26,18,1238.93,593.51,1324.20,770.60,1,-1,-1,-1
26,21,1093.53,368.40,1136.03,457.85,1,-1,-1,-1
26,22,1238.77,367.11,1272.86,447.10,1,-1,-1,-1
26,27,375.66,380.27,442.60,534.00,1,-1,-1,-1
27,13,1184.82,580.95,1267.17,783.91,1,-1,-1,-1
27,14,830.13,199.02,853.89,235.01,1,-1,-1,-1
27,15,863.14,427.20,919.91,558.89,1,-1,-1,-1
27,16,767.86,386.26,817.73,501.17,1,-1,-1,-1
27,22,1238.48,367.86,1272.34,447.05,1,-1,-1,-1
27,27,375.86,380.09,442.87,534.00,1,-1,-1,-1
28,13,1184.84,580.55,1267.84,783.51,1,-1,-1,-1
28,14,830.11,199.02,853.90,235.01,1,-1,-1,-1
28,15,863.00,427.51,919.30,558.09,1,-1,-1,-1
28,16,768.99,387.41,817.87,499.64,1,-1,-1,-1
28,21,1102.39,363.82,1146.31,457.07,1,-1,-1,-1
28,22,1238.35,368.12,1272.21,447.03,1,-1,-1,-1
28,27,376.07,380.73,442.83,534.00,1,-1,-1,-1
29,13,1187.95,577.80,1271.60,782.09,1,-1,-1,-1
29,14,830.10,199.01,853.91,235.01,1,-1,-1,-1
29,15,863.20,428.31,918.82,557.16,1,-1,-1,-1
29,16,772.60,385.84,822.64,500.42,1,-1,-1,-1
29,21,1105.24,363.81,1148.44,456.27,1,-1,-1,-1
29,22,1238.30,368.20,1272.22,447.02,1,-1,-1,-1
29,27,376.28,380.95,442.69,533.31,1,-1,-1,-1
30,13,1189.10,576.81,1273.02,780.95,1,-1,-1,-1
30,14,830.09,199.01,853.92,235.01,1,-1,-1,-1
30,15,863.09,428.64,918.16,556.17,1,-1,-1,-1
30,16,774.38,384.60,825.17,500.71,1,-1,-1,-1
30,21,1106.46,363.15,1149.58,455.99,1,-1,-1,-1
30,22,1237.93,368.63,1271.67,447.04,1,-1,-1,-1
30,27,376.33,381.03,442.66,533.06,1,-1,-1,-1
31,13,1190.27,576.49,1273.45,777.92,1,-1,-1,-1
31,14,830.08,199.01,853.92,235.01,1,-1,-1,-1
31,15,860.27,428.11,915.39,555.82,1,-1,-1,-1
31,16,775.46,384.13,826.25,500.17,1,-1,-1,-1
31,21,1107.18,362.91,1150.25,455.90,1,-1,-1,-1
31,27,376.03,381.05,442.29,532.97,1,-1,-1,-1
32,13,1191.17,577.09,1273.12,774.83,1,-1,-1,-1
32,14,830.08,199.01,853.93,235.01,1,-1,-1,-1
32,15,859.19,428.58,913.74,555.05,1,-1,-1,-1
32,16,779.73,384.62,829.93,499.32,1,-1,-1,-1
32,21,1111.18,364.16,1152.57,453.89,1,-1,-1,-1
32,27,375.93,381.05,442.15,532.95,1,-1,-1,-1
33,13,1191.99,574.69,1273.12,770.40,1,-1,-1,-1
33,14,830.07,199.01,853.94,235.01,1,-1,-1,-1
33,15,858.14,428.78,912.46,554.79,1,-1,-1,-1
33,16,781.89,385.49,831.29,498.34,1,-1,-1,-1
33,21,1112.80,363.98,1153.82,453.14,1,-1,-1,-1
33,22,1238.70,369.99,1270.96,444.34,1,-1,-1,-1
33,27,375.92,381.15,442.04,532.83,1,-1,-1,-1
34,13,1193.01,573.84,1273.04,766.82,1,-1,-1,-1
34,14,830.06,199.01,853.94,235.00,1,-1,-1,-1
34,15,858.02,429.52,911.76,554.06,1,-1,-1,-1
34,16,783.13,386.48,831.88,497.99,1,-1,-1,-1
34,21,1113.89,363.93,1154.98,453.55,1,-1,-1,-1
34,22,1238.72,370.13,1270.99,444.03,1,-1,-1,-1
34,27,375.89,381.05,442.08,532.94,1,-1,-1,-1
35,13,1193.73,572.72,1273.34,764.70,1,-1,-1,-1
35,14,830.43,199.01,854.23,235.00,1,-1,-1,-1
35,15,857.74,426.48,911.79,551.81,1,-1,-1,-1
35,16,783.94,387.52,832.27,497.87,1,-1,-1,-1
35,18,1247.30,582.19,1332.12,759.70,1,-1,-1,-1
35,21,1118.19,364.57,1158.01,451.73,1,-1,-1,-1
35,22,1238.59,370.53,1270.57,443.77,1,-1,-1,-1
35,27,375.89,381.04,442.07,532.95,1,-1,-1,-1
36,13,1193.60,571.91,1271.27,758.97,1,-1,-1,-1
36,14,830.22,199.01,854.04,235.00,1,-1,-1,-1
36,15,857.50,425.35,911.31,550.33,1,-1,-1,-1
36,16,787.35,387.23,835.83,497.84,1,-1,-1,-1
36,18,1248.51,582.41,1331.59,757.33,1,-1,-1,-1
36,21,1120.43,364.83,1159.70,451.06,1,-1,-1,-1
36,27,375.89,381.04,442.06,532.96,1,-1,-1,-1
37,13,1190.73,573.69,1266.19,754.77,1,-1,-1,-1
37,14,830.13,199.01,853.96,235.00,1,-1,-1,-1
37,15,856.57,423.62,910.68,549.15,1,-1,-1,-1
37,16,788.96,386.46,838.02,498.51,1,-1,-1,-1
37,18,1249.16,581.57,1331.80,755.56,1,-1,-1,-1
37,21,1121.34,365.60,1160.09,450.83,1,-1,-1,-1
37,27,375.90,381.03,442.06,532.96,1,-1,-1,-1
38,13,1193.72,573.66,1268.57,752.69,1,-1,-1,-1
38,14,830.38,199.00,854.32,235.00,1,-1,-1,-1
38,15,856.22,422.99,910.49,548.73,1,-1,-1,-1
38,16,790.20,386.82,839.40,498.76,1,-1,-1,-1
38,18,1250.33,580.94,1330.07,749.27,1,-1,-1,-1
38,21,1122.02,365.21,1161.06,451.44,1,-1,-1,-1
38,27,375.89,381.08,442.00,532.90,1,-1,-1,-1
39,13,1194.84,573.67,1269.39,751.36,1,-1,-1,-1
39,14,830.15,199.00,854.11,235.00,1,-1,-1,-1
39,15,855.97,422.12,910.58,548.62,1,-1,-1,-1
39,16,790.92,386.96,840.18,498.87,1,-1,-1,-1
39,18,1250.83,580.72,1329.52,747.01,1,-1,-1,-1
39,21,1122.40,365.07,1161.84,452.34,1,-1,-1,-1
39,27,375.91,381.03,442.05,532.97,1,-1,-1,-1
40,13,1195.91,574.37,1269.69,749.63,1,-1,-1,-1
40,14,830.07,199.00,854.02,235.00,1,-1,-1,-1
40,15,853.24,421.81,908.00,548.60,1,-1,-1,-1
40,16,795.22,389.00,842.92,497.59,1,-1,-1,-1
40,18,1251.49,579.97,1329.48,744.77,1,-1,-1,-1
40,21,1122.52,364.36,1162.68,453.35,1,-1,-1,-1
40,27,375.92,381.02,442.05,532.97,1,-1,-1,-1
41,13,1195.04,567.93,1271.71,750.44,1,-1,-1,-1
41,14,830.60,199.00,854.09,234.34,1,-1,-1,-1
41,15,852.07,421.72,906.55,547.97,1,-1,-1,-1
41,16,796.67,389.10,843.97,497.11,1,-1,-1,-1
41,21,1125.25,364.09,1165.45,453.74,1,-1,-1,-1
41,22,1232.07,372.05,1262.49,441.06,1,-1,-1,-1
41,27,375.93,381.02,442.05,532.98,1,-1,-1,-1
41,31,808.00,167.00,819.00,196.00,1,-1,-1,-1
42,13,1194.76,565.61,1272.40,750.78,1,-1,-1,-1
42,14,830.81,199.00,854.11,234.09,1,-1,-1,-1
42,15,851.66,421.71,906.02,547.75,1,-1,-1,-1
42,16,797.96,389.79,844.81,496.95,1,-1,-1,-1
42,18,1250.54,572.94,1329.78,741.75,1,-1,-1,-1
42,21,1127.24,363.99,1167.42,453.90,1,-1,-1,-1
42,22,1231.45,372.37,1261.58,440.70,1,-1,-1,-1
42,27,375.94,381.02,442.04,532.98,1,-1,-1,-1
42,31,808.00,167.00,819.00,196.00,1,-1,-1,-1
43,13,1194.67,564.76,1272.62,750.99,1,-1,-1,-1
43,14,831.08,199.67,853.92,234.00,1,-1,-1,-1
43,15,851.01,421.73,905.06,547.04,1,-1,-1,-1
43,16,798.42,389.37,845.66,497.56,1,-1,-1,-1
43,17,794.34,179.00,807.98,213.00,1,-1,-1,-1
43,18,1250.75,571.87,1329.49,740.57,1,-1,-1,-1
43,21,1128.27,363.30,1169.08,454.61,1,-1,-1,-1
43,27,375.94,381.01,442.04,532.98,1,-1,-1,-1
43,31,808.00,167.00,819.00,196.00,1,-1,-1,-1
44,13,1195.27,564.50,1272.70,749.82,1,-1,-1,-1
44,14,831.17,199.92,853.86,233.97,1,-1,-1,-1
44,15,850.79,421.76,904.73,546.79,1,-1,-1,-1
44,16,798.80,389.87,845.66,497.14,1,-1,-1,-1
44,17,792.97,178.99,807.60,213.01,1,-1,-1,-1
44,18,1251.04,571.52,1329.16,739.53,1,-1,-1,-1
44,21,1132.14,363.70,1172.67,454.23,1,-1,-1,-1
44,27,376.19,381.67,441.79,532.32,1,-1,-1,-1
44,31,808.00,167.00,819.00,196.00,1,-1,-1,-1
45,13,1195.59,565.11,1271.95,748.12,1,-1,-1,-1
45,14,831.19,200.01,853.84,233.96,1,-1,-1,-1
45,15,850.57,421.78,904.14,546.06,1,-1,-1,-1
45,16,802.85,390.04,849.59,496.98,1,-1,-1,-1
45,17,792.13,178.99,807.22,213.01,1,-1,-1,-1
45,18,1251.73,571.43,1329.11,738.54,1,-1,-1,-1
45,21,1133.78,363.86,1174.40,454.74,1,-1,-1,-1
45,27,376.27,381.92,441.72,532.08,1,-1,-1,-1
45,31,808.00,167.00,819.00,196.00,1,-1,-1,-1
46,13,1196.05,565.38,1271.30,746.21,1,-1,-1,-1
46,14,831.28,200.03,854.42,234.63,1,-1,-1,-1
46,15,850.39,422.47,903.40,545.15,1,-1,-1,-1
46,16,804.68,390.10,851.30,496.93,1,-1,-1,-1
46,17,791.84,178.99,807.25,213.01,1,-1,-1,-1
46,18,1252.18,571.45,1328.89,737.58,1,-1,-1,-1
46,21,1135.62,365.24,1175.03,453.62,1,-1,-1,-1
46,27,376.31,382.03,441.65,531.96,1,-1,-1,-1
46,31,808.00,167.00,819.00,196.00,1,-1,-1,-1
46,32,1052.07,355.98,1083.68,430.80,1,-1,-1,-1
47,13,1196.50,565.52,1270.76,744.22,1,-1,-1,-1
47,14,831.29,200.04,854.65,234.88,1,-1,-1,-1
47,15,850.06,422.08,903.44,545.50,1,-1,-1,-1
47,16,806.38,390.11,852.77,496.26,1,-1,-1,-1
47,17,791.35,178.99,807.15,213.01,1,-1,-1,-1
47,18,1252.38,571.49,1328.76,737.29,1,-1,-1,-1
47,21,1136.66,366.44,1175.41,453.18,1,-1,-1,-1
47,31,808.00,167.00,819.00,196.00,1,-1,-1,-1
47,32,1052.70,355.20,1084.78,431.12,1,-1,-1,-1
48,13,1196.09,561.61,1271.12,742.87,1,-1,-1,-1
48,14,831.56,200.04,854.47,234.31,1,-1,-1,-1
48,15,850.00,421.94,902.11,542.34,1,-1,-1,-1
48,16,810.85,391.44,856.01,494.68,1,-1,-1,-1
48,17,791.17,178.99,807.26,213.01,1,-1,-1,-1
48,18,1252.70,570.65,1328.76,735.76,1,-1,-1,-1
48,21,1137.95,371.55,1174.51,453.03,1,-1,-1,-1
48,31,808.23,167.68,818.77,195.32,1,-1,-1,-1
48,32,1052.92,354.95,1085.12,431.18,1,-1,-1,-1
49,13,1196.09,560.84,1270.43,740.44,1,-1,-1,-1
49,14,831.68,200.04,854.37,234.09,1,-1,-1,-1
49,15,848.06,424.58,898.90,541.84,1,-1,-1,-1
49,16,812.05,390.58,857.54,494.77,1,-1,-1,-1
49,17,789.74,178.97,805.86,213.03,1,-1,-1,-1
49,21,1138.36,372.10,1175.43,454.33,1,-1,-1,-1
49,27,376.29,382.04,441.70,531.96,1,-1,-1,-1
49,31,808.30,167.93,818.70,195.07,1,-1,-1,-1
49,32,1052.99,354.88,1085.21,431.18,1,-1,-1,-1
50,13,1196.87,559.93,1270.71,738.26,1,-1,-1,-1
50,14,831.74,200.03,854.32,234.02,1,-1,-1,-1
50,15,847.31,426.23,897.12,541.01,1,-1,-1,-1
50,16,813.24,390.92,858.56,494.81,1,-1,-1,-1
50,18,1257.27,566.45,1334.93,733.80,1,-1,-1,-1
50,21,1140.06,370.94,1178.80,456.80,1,-1,-1,-1
50,27,376.31,382.12,441.66,531.88,1,-1,-1,-1
50,31,808.30,168.02,818.70,194.98,1,-1,-1,-1
50,32,1053.19,354.18,1085.73,431.16,1,-1,-1,-1
51,13,1199.71,553.65,1275.56,736.85,1,-1,-1,-1
51,14,831.78,200.03,854.28,233.99,1,-1,-1,-1
51,15,846.41,426.17,896.49,541.42,1,-1,-1,-1
51,16,814.41,391.71,859.40,494.84,1,-1,-1,-1
51,18,1257.65,565.11,1336.20,733.48,1,-1,-1,-1
51,21,1141.33,370.50,1181.30,459.02,1,-1,-1,-1
51,31,808.40,168.04,818.60,194.28,1,-1,-1,-1
51,32,1053.25,353.94,1085.91,431.13,1,-1,-1,-1
52,13,1198.43,553.32,1272.47,732.43,1,-1,-1,-1
52,14,831.80,200.03,854.25,233.98,1,-1,-1,-1
52,15,845.17,425.47,895.89,542.25,1,-1,-1,-1
52,16,814.42,390.66,860.00,494.86,1,-1,-1,-1
52,18,1257.93,564.66,1336.49,732.06,1,-1,-1,-1
52,21,1141.78,370.31,1182.84,461.16,1,-1,-1,-1
52,27,376.25,382.04,441.74,531.96,1,-1,-1,-1
52,31,808.71,168.05,818.97,194.03,1,-1,-1,-1
52,32,1053.93,353.87,1086.64,431.11,1,-1,-1,-1
53,13,1198.05,553.28,1271.09,730.15,1,-1,-1,-1
53,14,831.82,200.02,854.23,233.98,1,-1,-1,-1
53,15,844.60,425.86,895.17,541.92,1,-1,-1,-1
53,16,818.65,391.59,863.82,494.88,1,-1,-1,-1
53,18,1258.63,563.60,1337.08,730.74,1,-1,-1,-1
53,21,1143.60,375.43,1182.97,462.62,1,-1,-1,-1
53,27,376.22,382.03,441.78,531.97,1,-1,-1,-1
53,31,808.78,168.04,819.15,193.94,1,-1,-1,-1
53,32,1054.17,353.86,1086.91,431.10,1,-1,-1,-1
54,13,1197.54,552.65,1270.27,728.71,1,-1,-1,-1
54,14,831.84,200.02,854.21,233.98,1,-1,-1,-1
54,15,844.59,425.34,894.10,538.49,1,-1,-1,-1
54,16,820.97,392.60,865.74,494.90,1,-1,-1,-1
54,18,1257.88,560.56,1336.00,726.75,1,-1,-1,-1
54,21,1147.10,372.75,1186.73,460.47,1,-1,-1,-1
54,27,376.07,382.03,441.92,532.64,1,-1,-1,-1
54,31,808.76,168.04,819.26,193.92,1,-1,-1,-1
54,32,1054.24,353.87,1086.99,431.08,1,-1,-1,-1
55,13,1197.94,553.13,1270.03,727.58,1,-1,-1,-1
55,14,831.85,200.02,854.19,233.98,1,-1,-1,-1
55,15,841.94,429.16,889.72,537.90,1,-1,-1,-1
55,16,824.92,393.63,869.22,494.91,1,-1,-1,-1
55,18,1258.53,560.45,1335.74,724.37,1,-1,-1,-1
55,21,1148.64,371.75,1189.09,460.99,1,-1,-1,-1
55,22,1194.65,377.00,1228.98,451.80,1,-1,-1,-1
55,27,376.02,382.02,441.98,532.89,1,-1,-1,-1
55,31,808.70,168.04,819.34,193.92,1,-1,-1,-1
55,32,1054.41,353.21,1087.52,431.07,1,-1,-1,-1
56,13,1197.82,551.36,1269.54,724.58,1,-1,-1,-1
56,14,831.87,200.02,854.17,233.98,1,-1,-1,-1
56,15,841.28,428.54,887.85,534.33,1,-1,-1,-1
56,16,826.35,393.34,871.08,495.59,1,-1,-1,-1
56,17,784.93,180.91,800.63,213.01,1,-1,-1,-1
56,18,1259.21,561.11,1335.18,722.23,1,-1,-1,-1
56,21,1149.61,375.29,1189.48,463.13,1,-1,-1,-1
56,22,1192.81,376.48,1228.13,452.15,1,-1,-1,-1
56,27,376.00,382.02,442.00,532.98,1,-1,-1,-1
56,31,808.27,168.03,819.11,193.92,1,-1,-1,-1
56,32,1054.45,352.98,1087.72,431.06,1,-1,-1,-1
57,13,1198.46,551.41,1269.33,722.19,1,-1,-1,-1
57,14,831.31,199.35,854.05,233.98,1,-1,-1,-1
57,15,841.05,428.97,886.58,531.72,1,-1,-1,-1
57,16,827.23,392.56,872.61,496.50,1,-1,-1,-1
57,17,784.76,181.02,800.52,212.29,1,-1,-1,-1
57,18,1259.43,560.72,1334.97,720.83,1,-1,-1,-1
57,21,1150.18,376.64,1189.94,463.94,1,-1,-1,-1
57,22,1192.09,376.27,1227.98,452.26,1,-1,-1,-1
57,27,376.11,382.02,441.88,532.35,1,-1,-1,-1
57,31,808.31,168.08,819.08,193.80,1,-1,-1,-1
57,32,1057.13,352.90,1091.07,432.38,1,-1,-1,-1
58,13,1198.73,552.14,1268.56,720.05,1,-1,-1,-1
58,14,831.10,199.10,854.01,233.99,1,-1,-1,-1
58,15,840.37,429.11,885.45,530.13,1,-1,-1,-1
58,16,826.96,390.94,874.31,499.48,1,-1,-1,-1
58,17,784.60,181.05,800.57,212.07,1,-1,-1,-1
58,18,1259.47,560.62,1334.91,720.38,1,-1,-1,-1
58,21,1153.14,371.16,1195.20,463.55,1,-1,-1,-1
58,22,1192.33,376.17,1228.22,451.63,1,-1,-1,-1
58,27,376.15,382.02,441.85,532.11,1,-1,-1,-1
58,32,1057.99,352.22,1092.46,432.87,1,-1,-1,-1
59,13,1199.25,553.80,1267.85,718.00,1,-1,-1,-1
59,14,831.03,199.01,854.00,233.99,1,-1,-1,-1
59,15,840.33,429.83,884.92,528.93,1,-1,-1,-1
59,16,830.68,390.32,878.17,499.30,1,-1,-1,-1
59,17,784.35,180.39,800.83,212.00,1,-1,-1,-1
59,18,1259.30,558.61,1334.37,717.61,1,-1,-1,-1
59,21,1154.73,369.13,1197.87,464.04,1,-1,-1,-1
59,22,1191.95,375.47,1228.30,451.37,1,-1,-1,-1
59,27,376.15,382.01,441.85,532.02,1,-1,-1,-1
59,32,1058.29,351.97,1092.98,433.05,1,-1,-1,-1
60,13,1199.08,554.44,1267.27,716.66,1,-1,-1,-1
60,14,831.00,198.98,853.99,233.99,1,-1,-1,-1
60,15,839.75,430.23,883.56,527.61,1,-1,-1,-1
60,16,831.86,388.78,880.44,500.53,1,-1,-1,-1
60,17,783.97,180.14,800.60,211.97,1,-1,-1,-1
60,18,1259.61,557.23,1334.45,715.97,1,-1,-1,-1
60,21,1155.16,371.57,1198.33,466.81,1,-1,-1,-1
60,22,1191.44,371.27,1229.46,449.94,1,-1,-1,-1
60,27,376.14,382.01,441.86,531.99,1,-1,-1,-1
60,32,1057.88,351.89,1092.99,433.76,1,-1,-1,-1
61,13,1199.37,554.07,1266.88,714.69,1,-1,-1,-1
61,14,831.36,198.97,854.27,233.99,1,-1,-1,-1
61,15,833.61,419.74,882.67,527.66,1,-1,-1,-1
61,16,832.56,388.19,881.58,500.98,1,-1,-1,-1
61,17,784.38,180.71,800.69,211.96,1,-1,-1,-1
61,18,1259.73,556.75,1334.44,715.43,1,-1,-1,-1
61,21,1155.78,373.19,1198.55,467.86,1,-1,-1,-1
61,22,1189.85,370.95,1228.12,450.13,1,-1,-1,-1
61,27,376.13,382.01,441.87,531.98,1,-1,-1,-1
61,32,1057.84,351.21,1093.48,434.03,1,-1,-1,-1
62,14,831.53,198.97,854.35,233.99,1,-1,-1,-1
62,15,831.53,417.63,881.72,527.49,1,-1,-1,-1
62,16,833.05,386.67,882.95,501.79,1,-1,-1,-1
62,17,783.85,180.77,800.09,211.89,1,-1,-1,-1
62,18,1260.20,556.61,1334.66,714.62,1,-1,-1,-1
62,21,1156.31,373.14,1199.52,468.89,1,-1,-1,-1
62,22,1187.41,370.15,1225.30,447.77,1,-1,-1,-1
62,27,376.12,382.01,441.88,531.98,1,-1,-1,-1
62,32,1057.66,350.96,1093.80,434.77,1,-1,-1,-1
63,14,831.61,198.97,854.36,233.99,1,-1,-1,-1
63,15,829.95,415.54,881.58,528.12,1,-1,-1,-1
63,16,836.29,384.15,887.45,502.09,1,-1,-1,-1
63,18,1260.85,557.25,1334.26,713.05,1,-1,-1,-1
63,21,1161.40,371.81,1203.40,464.67,1,-1,-1,-1
63,22,1186.45,369.93,1224.08,446.56,1,-1,-1,-1
63,27,376.10,382.01,441.89,531.98,1,-1,-1,-1
63,32,1057.27,350.88,1093.55,435.04,1,-1,-1,-1
64,13,1204.79,552.10,1274.65,716.15,1,-1,-1,-1
64,14,831.67,198.97,854.34,233.99,1,-1,-1,-1
64,15,828.82,414.14,881.49,529.04,1,-1,-1,-1
64,16,837.36,383.19,889.25,502.83,1,-1,-1,-1
64,18,1265.33,558.86,1337.19,711.19,1,-1,-1,-1
64,21,1163.12,371.86,1205.24,464.99,1,-1,-1,-1
64,22,1181.41,375.16,1217.79,449.44,1,-1,-1,-1
64,27,376.60,382.67,442.06,531.98,1,-1,-1,-1
64,32,1057.40,350.86,1093.80,435.13,1,-1,-1,-1
65,13,1205.59,551.65,1275.12,714.93,1,-1,-1,-1
65,14,831.04,198.98,853.66,233.99,1,-1,-1,-1
65,15,824.92,412.98,878.50,530.08,1,-1,-1,-1
65,16,837.46,382.19,890.10,503.76,1,-1,-1,-1
65,18,1266.21,558.46,1337.54,709.67,1,-1,-1,-1
65,22,1173.60,374.46,1212.14,453.87,1,-1,-1,-1
65,27,376.51,382.92,441.74,531.98,1,-1,-1,-1
65,32,1057.42,350.86,1093.89,435.15,1,-1,-1,-1
66,13,1209.28,543.92,1283.00,716.31,1,-1,-1,-1
66,14,830.93,198.32,853.94,233.99,1,-1,-1,-1
66,15,823.98,413.88,876.88,529.85,1,-1,-1,-1
66,16,837.01,380.53,890.79,504.75,1,-1,-1,-1
66,17,779.56,181.92,794.88,211.05,1,-1,-1,-1
66,22,1171.01,374.86,1209.25,454.18,1,-1,-1,-1
66,27,376.51,383.01,441.58,531.99,1,-1,-1,-1
66,32,1057.40,350.87,1093.93,435.15,1,-1,-1,-1
67,13,1211.11,544.23,1283.76,713.80,1,-1,-1,-1
67,14,830.71,198.07,854.22,234.65,1,-1,-1,-1
67,15,824.06,416.25,874.62,527.15,1,-1,-1,-1
67,16,836.56,379.27,891.22,505.76,1,-1,-1,-1
67,17,779.31,182.02,794.35,210.27,1,-1,-1,-1
67,18,1266.59,550.26,1341.15,708.65,1,-1,-1,-1
67,22,1168.39,375.02,1206.84,454.77,1,-1,-1,-1
67,27,376.66,383.04,441.37,531.33,1,-1,-1,-1
67,32,1057.25,350.89,1094.07,435.80,1,-1,-1,-1
68,13,1211.69,545.05,1283.40,711.57,1,-1,-1,-1
68,14,830.92,197.98,854.03,234.25,1,-1,-1,-1
68,15,824.02,417.88,873.30,526.15,1,-1,-1,-1
68,16,835.87,378.16,891.14,506.13,1,-1,-1,-1
68,17,779.06,182.73,793.67,210.02,1,-1,-1,-1
68,18,1267.26,549.03,1341.79,707.78,1,-1,-1,-1
68,27,376.61,383.04,441.40,531.74,1,-1,-1,-1
68,32,1057.18,350.90,1094.11,436.03,1,-1,-1,-1
69,13,1211.89,544.73,1283.19,709.45,1,-1,-1,-1
69,14,831.07,197.95,853.90,234.09,1,-1,-1,-1
69,15,824.30,419.83,871.94,524.47,1,-1,-1,-1
69,16,835.84,377.76,891.41,506.25,1,-1,-1,-1
69,17,778.98,182.98,793.47,209.94,1,-1,-1,-1
69,18,1267.97,547.83,1342.46,706.52,1,-1,-1,-1
69,27,376.74,383.04,441.26,531.24,1,-1,-1,-1
69,32,1057.26,350.91,1093.99,435.45,1,-1,-1,-1
70,13,1212.33,544.64,1283.33,708.04,1,-1,-1,-1
70,14,831.17,197.95,853.81,234.03,1,-1,-1,-1
70,15,820.08,418.56,869.15,526.57,1,-1,-1,-1
70,16,837.05,378.29,892.16,505.62,1,-1,-1,-1
70,17,778.83,183.06,792.90,209.25,1,-1,-1,-1
70,18,1272.28,546.92,1346.69,705.84,1,-1,-1,-1
70,22,1170.37,370.66,1207.23,447.27,1,-1,-1,-1
70,27,376.67,383.04,441.32,531.71,1,-1,-1,-1
70,32,1057.16,350.92,1094.07,435.88,1,-1,-1,-1
71,13,1212.24,544.64,1282.91,706.90,1,-1,-1,-1
71,14,830.88,197.95,853.44,234.01,1,-1,-1,-1
71,15,817.56,416.78,867.87,528.00,1,-1,-1,-1
71,16,842.52,382.46,894.56,502.73,1,-1,-1,-1
71,17,778.80,183.08,792.73,209.00,1,-1,-1,-1
71,18,1273.90,546.60,1347.80,704.88,1,-1,-1,-1
71,22,1170.67,369.42,1207.56,447.01,1,-1,-1,-1
71,27,376.67,383.04,441.32,531.89,1,-1,-1,-1
71,32,1057.35,351.59,1093.85,435.38,1,-1,-1,-1
71,38,789.75,181.00,808.23,210.22,1,-1,-1,-1
72,13,1211.75,542.01,1283.13,705.86,1,-1,-1,-1
72,14,831.16,197.95,853.57,234.00,1,-1,-1,-1
72,15,815.56,415.47,866.57,528.56,1,-1,-1,-1
72,16,845.54,384.11,896.46,501.60,1,-1,-1,-1
72,17,778.95,183.08,792.54,208.24,1,-1,-1,-1
72,18,1274.91,545.18,1347.73,701.25,1,-1,-1,-1
72,22,1170.85,368.35,1207.53,446.25,1,-1,-1,-1
72,27,376.19,382.37,441.15,531.96,1,-1,-1,-1
72,32,1057.15,351.19,1094.02,435.84,1,-1,-1,-1
72,38,789.82,181.00,808.13,209.98,1,-1,-1,-1
73,13,1212.41,541.71,1282.99,703.54,1,-1,-1,-1
73,14,831.31,197.96,853.58,234.00,1,-1,-1,-1
73,15,810.89,413.01,863.54,530.09,1,-1,-1,-1
73,16,850.26,386.05,900.12,501.18,1,-1,-1,-1
73,17,778.71,182.40,792.83,208.66,1,-1,-1,-1
73,18,1275.38,544.69,1347.52,699.27,1,-1,-1,-1
73,22,1169.48,367.90,1206.23,445.95,1,-1,-1,-1
73,27,376.01,382.12,441.08,531.99,1,-1,-1,-1
73,32,1057.08,351.04,1094.08,436.01,1,-1,-1,-1
73,38,789.85,180.26,808.11,209.17,1,-1,-1,-1
74,13,1212.73,541.63,1282.81,702.05,1,-1,-1,-1
74,14,831.40,197.96,853.55,234.00,1,-1,-1,-1
74,15,808.93,412.10,862.02,530.68,1,-1,-1,-1
74,16,852.59,387.44,901.44,500.36,1,-1,-1,-1
74,17,778.51,182.15,792.39,208.15,1,-1,-1,-1
74,18,1276.17,544.55,1348.08,698.59,1,-1,-1,-1
74,27,375.95,382.02,441.05,532.00,1,-1,-1,-1
74,32,1056.92,350.32,1094.22,436.06,1,-1,-1,-1
74,38,789.87,180.04,807.99,208.73,1,-1,-1,-1
75,13,1213.54,542.30,1282.67,700.21,1,-1,-1,-1
75,14,831.75,197.97,853.89,234.00,1,-1,-1,-1
75,15,807.81,411.12,861.28,530.91,1,-1,-1,-1
75,16,854.14,389.28,901.76,499.39,1,-1,-1,-1
75,17,778.63,182.72,792.07,207.96,1,-1,-1,-1
75,18,1276.69,544.53,1348.00,697.06,1,-1,-1,-1
75,22,1157.11,356.87,1199.44,448.43,1,-1,-1,-1
75,27,375.81,381.99,441.16,532.66,1,-1,-1,-1
75,32,1056.87,350.06,1094.25,436.08,1,-1,-1,-1
76,13,1213.90,542.58,1282.52,698.92,1,-1,-1,-1
76,14,831.60,197.97,853.63,234.00,1,-1,-1,-1
76,15,807.00,410.12,860.85,530.99,1,-1,-1,-1
76,16,855.14,390.62,901.96,499.04,1,-1,-1,-1
76,17,778.57,183.61,791.43,207.91,1,-1,-1,-1
76,18,1277.18,545.23,1347.60,695.88,1,-1,-1,-1
76,22,1154.77,355.14,1197.40,448.80,1,-1,-1,-1
76,27,375.77,381.98,441.19,532.91,1,-1,-1,-1
76,32,1057.48,350.62,1094.28,435.42,1,-1,-1,-1
77,13,1213.84,542.04,1282.61,698.50,1,-1,-1,-1
77,14,831.86,197.97,853.89,234.00,1,-1,-1,-1
77,15,803.24,409.76,857.08,531.02,1,-1,-1,-1
77,16,855.33,391.09,902.08,499.59,1,-1,-1,-1
77,17,778.58,183.93,791.19,207.90,1,-1,-1,-1
77,18,1280.32,544.19,1351.76,696.83,1,-1,-1,-1
77,22,1153.54,355.16,1195.13,447.66,1,-1,-1,-1
77,27,376.05,381.98,441.56,533.00,1,-1,-1,-1
77,32,1057.89,350.84,1094.78,435.82,1,-1,-1,-1
78,13,1217.16,540.53,1287.25,699.72,1,-1,-1,-1
78,14,831.61,197.32,854.33,234.66,1,-1,-1,-1
78,15,801.88,410.31,855.01,530.38,1,-1,-1,-1
78,16,855.14,390.57,902.27,499.81,1,-1,-1,-1
78,17,778.45,184.04,791.26,208.58,1,-1,-1,-1
78,18,1280.95,541.84,1354.45,698.54,1,-1,-1,-1
78,22,1150.78,356.53,1190.84,445.91,1,-1,-1,-1
78,27,376.15,381.98,441.72,533.03,1,-1,-1,-1
78,32,1057.91,350.27,1095.08,435.97,1,-1,-1,-1
79,13,1218.31,539.98,1288.38,698.90,1,-1,-1,-1
79,14,831.55,197.07,854.46,234.90,1,-1,-1,-1
79,15,801.46,411.21,853.62,529.47,1,-1,-1,-1
79,16,856.37,394.34,902.26,500.56,1,-1,-1,-1
79,17,778.30,183.41,791.41,208.83,1,-1,-1,-1
79,18,1281.61,540.98,1355.61,698.57,1,-1,-1,-1
79,22,1149.04,357.12,1188.06,444.57,1,-1,-1,-1
79,27,376.05,381.32,441.91,533.04,1,-1,-1,-1
79,32,1057.67,350.71,1094.78,436.03,1,-1,-1,-1
80,13,1218.59,536.48,1289.55,697.30,1,-1,-1,-1
80,14,831.55,196.98,854.48,235.00,1,-1,-1,-1
80,15,800.63,410.91,852.58,529.13,1,-1,-1,-1
80,16,856.92,395.75,902.73,501.52,1,-1,-1,-1
80,17,774.23,181.86,788.92,210.24,1,-1,-1,-1
80,18,1280.54,535.43,1356.64,697.29,1,-1,-1,-1
80,22,1144.58,357.38,1183.72,445.41,1,-1,-1,-1
80,27,376.14,381.73,441.86,533.04,1,-1,-1,-1
80,32,1057.42,350.22,1094.81,436.04,1,-1,-1,-1
81,13,1218.61,535.19,1289.36,695.42,1,-1,-1,-1
81,14,831.64,197.61,853.74,234.37,1,-1,-1,-1
81,15,797.42,411.48,849.27,529.66,1,-1,-1,-1
81,16,860.16,395.56,906.46,501.87,1,-1,-1,-1
81,17,772.84,181.28,787.87,210.13,1,-1,-1,-1
81,18,1280.71,534.01,1357.04,696.18,1,-1,-1,-1
81,22,1142.83,358.16,1180.99,444.41,1,-1,-1,-1
81,27,376.04,381.23,441.98,533.04,1,-1,-1,-1
81,32,1057.19,350.04,1094.95,436.70,1,-1,-1,-1
82,13,1219.24,533.42,1289.92,693.43,1,-1,-1,-1
82,14,831.69,197.85,853.44,234.13,1,-1,-1,-1
82,15,795.63,411.71,847.40,529.87,1,-1,-1,-1
82,16,861.00,394.79,908.12,502.66,1,-1,-1,-1
82,17,772.01,181.05,787.13,210.08,1,-1,-1,-1
82,18,1281.23,533.53,1357.31,695.13,1,-1,-1,-1
82,22,1141.51,358.50,1178.84,443.38,1,-1,-1,-1
82,27,376.00,381.05,442.02,533.03,1,-1,-1,-1
82,32,1057.09,349.98,1095.00,436.95,1,-1,-1,-1
83,13,1219.44,532.13,1290.11,692.06,1,-1,-1,-1
83,14,831.73,197.95,853.31,234.04,1,-1,-1,-1
83,15,794.26,411.15,846.20,529.95,1,-1,-1,-1
83,16,861.64,393.82,909.65,503.62,1,-1,-1,-1
83,17,771.72,180.96,786.86,210.06,1,-1,-1,-1
83,18,1282.15,534.71,1356.63,692.78,1,-1,-1,-1
83,22,1138.37,359.32,1174.88,442.34,1,-1,-1,-1
83,27,375.99,380.98,442.03,533.03,1,-1,-1,-1
83,32,1057.68,350.61,1095.06,436.38,1,-1,-1,-1
84,13,1219.97,531.02,1289.67,688.29,1,-1,-1,-1
84,14,831.87,197.32,853.79,234.01,1,-1,-1,-1
84,15,793.46,410.95,845.50,529.98,1,-1,-1,-1
84,16,862.10,393.43,910.57,503.97,1,-1,-1,-1
84,17,771.64,180.93,786.77,210.04,1,-1,-1,-1
84,18,1283.08,535.88,1355.70,689.94,1,-1,-1,-1
84,21,1201.45,384.90,1234.58,456.13,1,-1,-1,-1
84,22,1137.65,359.64,1173.14,440.63,1,-1,-1,-1
84,27,375.97,380.88,442.07,533.08,1,-1,-1,-1
84,32,1057.90,350.86,1095.07,436.16,1,-1,-1,-1
85,13,1220.85,530.65,1289.43,684.92,1,-1,-1,-1
85,14,831.76,197.08,854.14,234.65,1,-1,-1,-1
85,15,792.85,410.88,845.02,529.99,1,-1,-1,-1
85,16,866.06,394.58,913.61,502.77,1,-1,-1,-1
85,17,770.98,180.93,786.11,210.04,1,-1,-1,-1
85,18,1287.15,536.36,1358.92,688.25,1,-1,-1,-1
85,21,1203.39,385.53,1236.03,455.71,1,-1,-1,-1
85,22,1136.84,359.78,1171.90,440.01,1,-1,-1,-1
85,27,375.98,380.95,442.03,533.03,1,-1,-1,-1
85,32,1057.98,350.96,1095.07,436.07,1,-1,-1,-1
86,13,1221.44,531.22,1288.36,681.05,1,-1,-1,-1
86,14,831.57,196.34,854.42,234.90,1,-1,-1,-1
86,15,789.87,408.89,841.78,527.36,1,-1,-1,-1
86,16,867.40,394.34,915.49,503.63,1,-1,-1,-1
86,17,770.75,180.93,785.87,210.03,1,-1,-1,-1
86,18,1286.34,537.91,1354.36,681.66,1,-1,-1,-1
86,22,1135.86,359.84,1170.95,440.47,1,-1,-1,-1
86,27,375.86,380.96,442.15,533.70,1,-1,-1,-1
86,32,1057.89,350.99,1095.19,436.70,1,-1,-1,-1
87,13,1222.06,531.48,1288.19,679.02,1,-1,-1,-1
87,14,831.36,196.06,854.66,235.64,1,-1,-1,-1
87,15,788.47,408.81,839.62,525.70,1,-1,-1,-1
87,16,867.58,393.58,916.41,504.61,1,-1,-1,-1
87,17,770.69,180.94,785.80,210.03,1,-1,-1,-1
87,18,1285.96,537.84,1352.62,678.57,1,-1,-1,-1
87,22,1131.03,358.55,1167.25,441.99,1,-1,-1,-1
87,27,375.83,380.96,442.18,533.93,1,-1,-1,-1
87,32,1057.86,351.00,1095.22,436.93,1,-1,-1,-1
88,13,1222.33,531.60,1288.04,677.68,1,-1,-1,-1
88,14,831.32,195.96,854.70,235.92,1,-1,-1,-1
88,15,788.13,409.46,838.09,523.76,1,-1,-1,-1
88,16,867.86,392.62,917.11,504.97,1,-1,-1,-1
88,17,770.69,180.94,785.79,210.03,1,-1,-1,-1
88,18,1286.01,537.16,1352.43,677.53,1,-1,-1,-1
88,22,1128.62,358.07,1164.63,441.26,1,-1,-1,-1
88,27,375.83,380.96,442.18,534.02,1,-1,-1,-1
88,32,1058.14,351.01,1095.59,437.02,1,-1,-1,-1
89,13,1222.08,528.99,1288.31,675.92,1,-1,-1,-1
89,14,831.63,195.93,855.05,236.03,1,-1,-1,-1
89,15,787.29,409.05,837.04,523.05,1,-1,-1,-1
89,16,868.24,392.25,917.65,505.09,1,-1,-1,-1
89,17,770.43,180.95,785.42,210.02,1,-1,-1,-1
89,18,1286.17,536.92,1352.21,676.55,1,-1,-1,-1
89,22,1124.24,356.58,1161.33,441.65,1,-1,-1,-1
89,27,375.72,380.97,442.29,534.71,1,-1,-1,-1
89,32,1058.11,350.35,1095.87,437.04,1,-1,-1,-1
90,13,1221.93,528.05,1288.44,675.34,1,-1,-1,-1
90,14,831.76,195.92,855.17,236.06,1,-1,-1,-1
90,15,787.05,408.91,836.69,522.81,1,-1,-1,-1
90,16,868.34,392.11,917.79,505.13,1,-1,-1,-1
90,17,770.38,180.96,785.27,210.02,1,-1,-1,-1
90,18,1286.20,536.85,1352.12,676.26,1,-1,-1,-1
90,22,1122.60,356.03,1160.24,441.81,1,-1,-1,-1
90,27,375.70,380.97,442.31,534.96,1,-1,-1,-1
90,32,1058.09,350.10,1095.97,437.05,1,-1,-1,-1
91,13,1221.81,527.73,1288.52,675.20,1,-1,-1,-1
91,14,831.82,195.93,855.20,236.07,1,-1,-1,-1
91,15,787.04,408.87,836.60,522.74,1,-1,-1,-1
91,16,868.35,392.05,917.79,505.13,1,-1,-1,-1
91,17,770.40,180.96,785.21,210.02,1,-1,-1,-1
91,18,1286.19,536.84,1352.08,676.23,1,-1,-1,-1
91,22,1122.00,355.84,1159.97,441.87,1,-1,-1,-1
91,27,375.71,380.97,442.30,535.05,1,-1,-1,-1
91,32,1058.08,350.01,1096.01,437.05,1,-1,-1,-1
92,13,1221.72,527.65,1288.57,675.21,1,-1,-1,-1
92,14,831.85,195.93,855.20,236.07,1,-1,-1,-1
92,15,787.10,408.87,836.60,522.74,1,-1,-1,-1
92,16,868.33,392.03,917.73,505.12,1,-1,-1,-1
92,17,770.45,180.97,785.18,210.02,1,-1,-1,-1
92,18,1286.18,536.85,1352.06,676.27,1,-1,-1,-1
92,22,1121.81,355.79,1160.02,441.90,1,-1,-1,-1
92,27,375.73,380.98,442.28,535.08,1,-1,-1,-1
92,32,1058.07,349.97,1096.02,437.04,1,-1,-1,-1
93,13,1221.65,527.64,1288.62,675.27,1,-1,-1,-1
93,14,831.87,195.94,855.18,236.06,1,-1,-1,-1
93,15,787.18,408.88,836.64,522.76,1,-1,-1,-1
93,16,868.30,392.02,917.66,505.11,1,-1,-1,-1
93,17,770.50,180.97,785.16,210.01,1,-1,-1,-1
93,18,1286.15,536.86,1352.05,676.34,1,-1,-1,-1
93,22,1121.77,355.79,1160.16,441.92,1,-1,-1,-1
93,27,375.75,380.98,442.25,535.08,1,-1,-1,-1
93,32,1058.06,349.97,1096.02,437.04,1,-1,-1,-1
94,13,1221.58,527.67,1288.65,675.35,1,-1,-1,-1
94,14,831.89,195.95,855.17,236.06,1,-1,-1,-1
94,15,787.27,408.89,836.68,522.78,1,-1,-1,-1
94,16,868.26,392.01,917.59,505.10,1,-1,-1,-1
94,17,770.55,180.97,785.14,210.01,1,-1,-1,-1
94,18,1286.13,536.88,1352.05,676.42,1,-1,-1,-1
94,22,1121.78,355.80,1160.34,441.93,1,-1,-1,-1
94,27,375.78,380.98,442.23,535.08,1,-1,-1,-1
94,32,1058.05,349.97,1096.02,437.04,1,-1,-1,-1
95,13,1225.60,523.73,1293.87,674.76,1,-1,-1,-1
95,14,831.78,195.95,854.61,235.39,1,-1,-1,-1
95,15,778.48,405.59,829.71,523.47,1,-1,-1,-1
95,16,870.80,388.71,923.53,509.71,1,-1,-1,-1
95,17,766.92,181.64,780.89,209.35,1,-1,-1,-1
95,18,1289.37,528.92,1358.09,674.49,1,-1,-1,-1
95,22,1115.42,355.82,1153.72,441.94,1,-1,-1,-1
95,27,375.92,380.98,442.08,534.41,1,-1,-1,-1
95,32,1058.95,351.29,1096.43,437.03,1,-1,-1,-1
96,13,1230.08,520.30,1300.71,676.54,1,-1,-1,-1
96,14,831.59,195.96,854.54,235.80,1,-1,-1,-1
96,15,774.39,404.37,826.01,523.08,1,-1,-1,-1
96,16,872.11,387.49,925.98,511.41,1,-1,-1,-1
96,17,765.68,181.89,779.14,208.42,1,-1,-1,-1
96,18,1293.84,525.33,1364.21,674.45,1,-1,-1,-1
96,22,1108.95,350.56,1150.12,443.27,1,-1,-1,-1
96,27,375.91,380.96,442.10,534.45,1,-1,-1,-1
96,32,1059.15,351.13,1096.73,437.03,1,-1,-1,-1
97,13,1232.25,519.04,1303.44,676.59,1,-1,-1,-1
97,14,831.55,195.96,854.49,235.95,1,-1,-1,-1
97,15,772.72,403.92,824.16,522.28,1,-1,-1,-1
97,16,873.28,387.67,927.51,512.70,1,-1,-1,-1
97,17,764.84,181.98,778.26,208.09,1,-1,-1,-1
97,18,1296.18,524.64,1366.56,673.83,1,-1,-1,-1
97,22,1106.39,349.90,1147.08,441.84,1,-1,-1,-1
97,32,1059.20,351.06,1096.85,437.02,1,-1,-1,-1
98,13,1233.58,517.94,1305.21,676.64,1,-1,-1,-1
98,14,831.50,195.90,854.51,236.01,1,-1,-1,-1
98,15,769.24,405.09,819.85,521.33,1,-1,-1,-1
98,16,876.97,388.40,930.63,511.88,1,-1,-1,-1
98,17,764.37,181.34,778.16,207.97,1,-1,-1,-1
98,18,1297.44,523.12,1368.32,673.63,1,-1,-1,-1
98,22,1105.35,351.00,1144.83,440.61,1,-1,-1,-1
98,27,421.12,389.44,479.70,525.63,1,-1,-1,-1
98,32,1059.33,351.70,1096.77,437.02,1,-1,-1,-1
99,13,1236.99,516.91,1309.43,677.34,1,-1,-1,-1
99,15,767.07,404.90,817.91,521.65,1,-1,-1,-1
99,16,879.21,389.36,932.24,511.52,1,-1,-1,-1
99,17,763.76,181.11,777.95,208.60,1,-1,-1,-1
99,18,1300.59,519.97,1374.09,676.20,1,-1,-1,-1
99,22,1104.96,351.45,1143.51,439.47,1,-1,-1,-1
99,27,429.07,391.51,485.69,523.50,1,-1,-1,-1
99,32,1062.14,351.94,1099.95,438.35,1,-1,-1,-1
100,13,1239.41,517.21,1309.82,673.70,1,-1,-1,-1
100,15,765.82,404.18,817.09,521.78,1,-1,-1,-1
100,16,880.65,390.39,932.81,510.71,1,-1,-1,-1
100,17,763.04,180.36,777.74,208.84,1,-1,-1,-1
100,18,1302.28,518.81,1376.35,676.55,1,-1,-1,-1
100,22,1104.81,351.64,1142.54,438.40,1,-1,-1,-1
100,27,431.55,392.84,486.89,522.16,1,-1,-1,-1
100,32,1063.21,352.02,1101.09,438.84,1,-1,-1,-1
101,13,1241.19,518.71,1308.96,669.66,1,-1,-1,-1
101,15,765.38,404.58,816.25,521.18,1,-1,-1,-1
101,16,881.66,390.79,933.11,509.71,1,-1,-1,-1
101,17,762.93,180.73,777.54,208.93,1,-1,-1,-1
101,18,1303.70,517.34,1378.27,676.14,1,-1,-1,-1
101,22,1102.85,351.07,1140.93,438.67,1,-1,-1,-1
101,27,432.94,393.95,487.17,521.04,1,-1,-1,-1
101,32,1063.63,352.05,1101.49,439.02,1,-1,-1,-1
102,13,1242.09,519.32,1308.27,666.85,1,-1,-1,-1
102,15,761.35,404.08,812.68,521.62,1,-1,-1,-1
102,16,882.80,391.60,933.67,509.33,1,-1,-1,-1
102,17,762.91,180.88,777.51,208.97,1,-1,-1,-1
102,18,1303.64,517.51,1376.04,672.09,1,-1,-1,-1
102,22,1101.25,350.87,1139.34,438.78,1,-1,-1,-1
102,27,433.29,394.32,487.09,520.67,1,-1,-1,-1
102,32,1064.20,352.06,1101.84,438.42,1,-1,-1,-1
103,13,1243.05,518.91,1308.62,665.18,1,-1,-1,-1
103,15,759.10,403.25,810.88,521.80,1,-1,-1,-1
103,16,886.26,391.90,936.73,508.51,1,-1,-1,-1
103,17,762.76,180.28,777.68,208.98,1,-1,-1,-1
103,18,1304.76,517.42,1376.04,669.75,1,-1,-1,-1
103,22,1100.13,349.49,1138.75,438.84,1,-1,-1,-1
103,27,433.29,394.41,486.91,520.58,1,-1,-1,-1
103,32,1064.50,352.71,1101.85,438.18,1,-1,-1,-1
104,13,1243.87,518.77,1308.85,663.95,1,-1,-1,-1
104,15,757.67,402.95,809.61,521.87,1,-1,-1,-1
104,16,888.02,392.01,938.63,508.86,1,-1,-1,-1
104,17,762.45,180.06,777.38,208.99,1,-1,-1,-1
104,18,1306.41,520.07,1374.73,666.29,1,-1,-1,-1
104,22,1098.98,348.99,1137.41,438.21,1,-1,-1,-1
104,27,433.06,394.41,486.82,521.26,1,-1,-1,-1
104,32,1064.57,352.96,1101.86,438.09,1,-1,-1,-1
105,13,1244.47,517.41,1307.88,659.54,1,-1,-1,-1
105,15,753.91,403.51,805.92,522.57,1,-1,-1,-1
105,16,889.24,392.71,939.34,508.32,1,-1,-1,-1
105,17,759.37,179.98,774.35,208.99,1,-1,-1,-1
105,18,1307.70,519.29,1375.83,665.10,1,-1,-1,-1
105,22,1098.22,349.48,1136.06,437.98,1,-1,-1,-1
105,27,433.01,394.38,486.55,520.87,1,-1,-1,-1
105,32,1064.84,353.04,1102.24,438.05,1,-1,-1,-1
106,13,1244.94,517.60,1307.16,657.28,1,-1,-1,-1
106,15,751.91,403.74,803.93,522.83,1,-1,-1,-1
106,16,889.92,392.97,939.92,508.12,1,-1,-1,-1
106,17,757.94,179.95,772.84,208.99,1,-1,-1,-1
106,22,1095.45,349.68,1132.87,437.24,1,-1,-1,-1
106,27,432.91,394.34,486.34,520.75,1,-1,-1,-1
106,32,1064.89,353.07,1102.42,438.03,1,-1,-1,-1
106,42,1741.73,304.80,1775.27,384.20,1,-1,-1,-1
107,13,1245.76,517.02,1307.52,655.84,1,-1,-1,-1
107,15,750.57,403.83,802.60,522.94,1,-1,-1,-1
107,16,893.37,393.72,942.81,507.38,1,-1,-1,-1
107,17,757.45,179.95,772.27,208.99,1,-1,-1,-1
107,22,1093.78,350.44,1130.45,436.31,1,-1,-1,-1
107,27,433.18,394.30,486.45,520.73,1,-1,-1,-1
107,32,1065.13,353.07,1102.89,438.03,1,-1,-1,-1
107,42,1741.94,305.31,1775.06,383.69,1,-1,-1,-1
108,13,1246.30,516.16,1308.02,655.38,1,-1,-1,-1
108,15,750.49,404.54,801.83,522.32,1,-1,-1,-1
108,16,895.25,394.00,944.53,507.10,1,-1,-1,-1
108,17,756.94,179.95,771.78,209.00,1,-1,-1,-1
108,22,1091.96,350.22,1128.56,435.92,1,-1,-1,-1
108,27,432.87,394.26,486.11,520.74,1,-1,-1,-1
108,32,1065.02,352.41,1103.24,438.02,1,-1,-1,-1
109,13,1249.24,515.19,1311.39,655.27,1,-1,-1,-1
109,15,746.29,403.48,798.59,523.41,1,-1,-1,-1
109,16,896.37,394.75,945.30,507.00,1,-1,-1,-1
109,17,756.77,179.95,771.62,209.00,1,-1,-1,-1
109,27,432.69,394.23,485.92,520.77,1,-1,-1,-1
109,32,1064.92,352.15,1103.40,438.02,1,-1,-1,-1
110,13,1250.20,513.53,1313.39,655.95,1,-1,-1,-1
110,15,744.74,403.75,796.82,523.16,1,-1,-1,-1
110,16,897.22,395.03,945.69,506.30,1,-1,-1,-1
110,17,756.73,179.96,771.60,209.00,1,-1,-1,-1
110,18,1316.54,513.16,1389.72,669.30,1,-1,-1,-1
110,21,1239.12,374.03,1269.90,440.01,1,-1,-1,-1
110,27,433.08,394.20,485.95,520.13,1,-1,-1,-1
110,32,1064.85,351.39,1104.12,438.68,1,-1,-1,-1
111,13,1250.54,511.61,1314.74,656.25,1,-1,-1,-1
111,15,744.20,404.53,795.61,522.40,1,-1,-1,-1
111,16,897.48,395.11,945.77,506.04,1,-1,-1,-1
111,17,756.74,179.96,771.62,209.00,1,-1,-1,-1
111,18,1317.04,513.40,1390.14,669.00,1,-1,-1,-1
111,21,1239.46,373.22,1270.61,440.38,1,-1,-1,-1
111,27,433.32,394.84,485.78,519.90,1,-1,-1,-1
111,32,1069.22,350.45,1108.51,437.61,1,-1,-1,-1
112,13,1250.50,510.25,1315.35,656.40,1,-1,-1,-1
112,15,741.13,406.15,791.55,521.45,1,-1,-1,-1
112,16,898.04,395.80,945.90,505.95,1,-1,-1,-1
112,17,756.09,179.31,771.66,209.66,1,-1,-1,-1
112,18,1318.46,512.54,1391.83,668.71,1,-1,-1,-1
112,21,1240.79,372.74,1271.92,439.84,1,-1,-1,-1
112,27,433.53,394.40,486.16,519.84,1,-1,-1,-1
112,32,1070.98,350.10,1110.07,436.54,1,-1,-1,-1
113,13,1251.07,508.45,1315.56,653.87,1,-1,-1,-1
113,15,739.46,406.76,789.37,521.10,1,-1,-1,-1
113,16,898.62,396.71,946.14,505.93,1,-1,-1,-1
113,17,755.86,179.06,771.69,209.90,1,-1,-1,-1
113,27,433.07,394.23,486.11,520.49,1,-1,-1,-1
113,32,1071.31,349.97,1110.28,436.14,1,-1,-1,-1
114,13,1251.54,507.81,1315.97,652.94,1,-1,-1,-1
114,15,738.56,406.98,788.34,520.97,1,-1,-1,-1
114,16,899.15,397.04,946.49,505.92,1,-1,-1,-1
114,17,755.66,179.63,771.20,210.00,1,-1,-1,-1
114,27,432.72,393.49,486.21,520.74,1,-1,-1,-1
114,32,1066.69,348.60,1107.10,437.97,1,-1,-1,-1
115,13,1252.17,506.94,1316.27,651.31,1,-1,-1,-1
115,15,738.00,407.06,787.66,520.93,1,-1,-1,-1
115,16,901.82,397.14,948.73,505.26,1,-1,-1,-1
115,17,751.94,178.53,767.45,208.71,1,-1,-1,-1
115,18,1317.90,510.00,1389.73,662.70,1,-1,-1,-1
115,27,432.56,393.21,486.22,520.85,1,-1,-1,-1
115,32,1064.47,348.10,1105.74,439.31,1,-1,-1,-1
116,13,1255.58,505.99,1319.75,650.07,1,-1,-1,-1
116,15,737.60,407.08,787.08,520.92,1,-1,-1,-1
116,16,903.46,397.17,950.17,505.02,1,-1,-1,-1
116,17,750.68,178.78,765.92,208.22,1,-1,-1,-1
116,18,1318.89,509.14,1390.77,661.94,1,-1,-1,-1
116,27,432.96,393.09,486.37,520.24,1,-1,-1,-1
116,32,1063.44,347.92,1104.72,439.17,1,-1,-1,-1
117,13,1257.06,505.01,1321.46,648.99,1,-1,-1,-1
117,15,733.99,407.08,783.17,520.26,1,-1,-1,-1
117,16,904.17,398.49,950.52,505.60,1,-1,-1,-1
117,17,749.69,178.22,765.27,208.04,1,-1,-1,-1
117,27,433.09,393.05,486.40,520.01,1,-1,-1,-1
117,32,1062.64,347.86,1104.06,439.77,1,-1,-1,-1
117,45,-38.77,564.19,60.79,790.81,1,-1,-1,-1
118,13,1256.74,500.71,1322.89,648.62,1,-1,-1,-1
118,15,732.28,407.74,780.85,519.36,1,-1,-1,-1
118,16,904.26,398.31,950.73,505.83,1,-1,-1,-1
118,17,749.03,178.01,764.71,207.98,1,-1,-1,-1
118,27,433.25,393.03,486.26,519.27,1,-1,-1,-1
118,32,1062.51,348.51,1103.64,439.99,1,-1,-1,-1
118,45,-32.33,566.15,64.98,787.33,1,-1,-1,-1
119,13,1257.25,498.47,1324.05,647.86,1,-1,-1,-1
119,15,731.16,407.31,779.95,519.69,1,-1,-1,-1
119,16,904.65,398.23,951.03,505.92,1,-1,-1,-1
119,17,748.80,177.94,764.54,207.96,1,-1,-1,-1
119,27,433.40,393.68,486.08,519.00,1,-1,-1,-1
119,31,808.91,167.00,820.09,194.00,1,-1,-1,-1
119,32,1059.08,349.42,1099.64,439.41,1,-1,-1,-1
119,45,-28.80,569.82,64.91,782.43,1,-1,-1,-1
120,13,1260.40,495.05,1329.32,648.92,1,-1,-1,-1
120,15,727.02,406.49,776.18,519.82,1,-1,-1,-1
120,16,905.08,398.85,951.45,506.62,1,-1,-1,-1
120,17,748.89,177.92,764.36,207.29,1,-1,-1,-1
120,27,433.43,393.93,486.00,518.91,1,-1,-1,-1
120,31,808.94,166.99,820.07,194.01,1,-1,-1,-1
120,32,1057.64,349.78,1098.27,439.84,1,-1,-1,-1
120,45,-27.35,567.34,65.83,778.68,1,-1,-1,-1
121,13,1262.86,495.74,1330.62,646.75,1,-1,-1,-1
121,15,725.42,403.53,774.95,517.90,1,-1,-1,-1
121,16,905.10,398.40,951.68,506.88,1,-1,-1,-1
121,17,748.56,177.92,764.07,207.05,1,-1,-1,-1
121,27,436.60,394.02,489.41,519.55,1,-1,-1,-1
121,31,808.95,166.99,820.06,194.01,1,-1,-1,-1
121,32,1056.82,349.91,1097.41,440.00,1,-1,-1,-1
121,45,-21.70,568.61,68.62,773.26,1,-1,-1,-1
122,13,1263.73,495.44,1331.08,645.28,1,-1,-1,-1
122,15,724.25,402.42,773.87,517.18,1,-1,-1,-1
122,16,905.09,400.21,951.72,508.96,1,-1,-1,-1
122,17,748.27,177.27,764.18,206.96,1,-1,-1,-1
122,27,437.66,393.38,490.80,519.80,1,-1,-1,-1
122,31,808.96,166.99,820.05,194.01,1,-1,-1,-1
122,32,1055.89,349.97,1096.43,440.05,1,-1,-1,-1
122,45,-19.46,568.33,70.55,772.20,1,-1,-1,-1
123,13,1263.89,494.05,1331.99,645.42,1,-1,-1,-1
123,15,719.52,402.66,770.65,520.88,1,-1,-1,-1
123,16,905.32,402.20,951.44,509.74,1,-1,-1,-1
123,17,748.30,177.68,764.11,206.93,1,-1,-1,-1
123,27,438.16,393.14,491.16,519.24,1,-1,-1,-1
123,31,809.39,166.99,820.29,194.01,1,-1,-1,-1
123,32,1055.58,349.99,1096.07,440.07,1,-1,-1,-1
123,45,-12.62,571.67,73.99,767.80,1,-1,-1,-1
124,13,1267.35,492.26,1336.71,646.16,1,-1,-1,-1
124,15,717.42,402.77,769.21,522.28,1,-1,-1,-1
124,16,905.25,402.93,951.43,510.69,1,-1,-1,-1
124,17,748.02,177.85,763.77,206.93,1,-1,-1,-1
124,27,438.43,393.71,491.16,519.03,1,-1,-1,-1
124,31,809.58,166.99,820.34,194.01,1,-1,-1,-1
124,32,1054.87,349.33,1095.91,440.73,1,-1,-1,-1
124,42,1658.57,294.04,1688.73,365.02,1,-1,-1,-1
124,45,-9.90,568.68,76.12,763.57,1,-1,-1,-1
125,13,1269.22,492.28,1338.52,645.82,1,-1,-1,-1
125,15,715.99,400.20,768.14,520.85,1,-1,-1,-1
125,16,905.37,401.86,951.90,510.37,1,-1,-1,-1
125,17,747.93,177.92,763.67,206.93,1,-1,-1,-1
125,27,438.50,393.92,491.14,518.96,1,-1,-1,-1
125,31,809.68,166.99,820.33,194.01,1,-1,-1,-1
125,32,1055.04,349.75,1096.12,440.97,1,-1,-1,-1
125,42,1654.09,293.47,1684.04,363.97,1,-1,-1,-1
125,45,-8.18,569.66,75.91,760.14,1,-1,-1,-1
126,13,1270.45,493.66,1338.56,644.40,1,-1,-1,-1
126,15,715.65,399.89,767.03,518.99,1,-1,-1,-1
126,16,905.18,400.78,952.93,512.22,1,-1,-1,-1
126,17,747.90,177.95,763.66,206.94,1,-1,-1,-1
126,27,438.20,394.00,490.74,518.93,1,-1,-1,-1
126,31,809.74,166.99,820.30,194.01,1,-1,-1,-1
126,32,1054.85,349.25,1096.50,441.72,1,-1,-1,-1
126,45,-2.82,570.69,79.76,757.67,1,-1,-1,-1
127,13,1271.22,494.23,1338.80,643.89,1,-1,-1,-1
127,15,715.09,399.79,765.88,517.62,1,-1,-1,-1
127,16,905.11,400.36,953.29,512.90,1,-1,-1,-1
127,17,747.90,177.96,763.68,206.95,1,-1,-1,-1
127,27,438.08,394.03,490.56,518.93,1,-1,-1,-1
127,31,809.88,166.99,820.17,193.35,1,-1,-1,-1
127,32,1054.55,348.40,1096.92,442.65,1,-1,-1,-1
127,45,0.64,571.15,81.66,754.60,1,-1,-1,-1
128,13,1272.12,494.48,1339.49,643.72,1,-1,-1,-1
128,14,835.83,195.99,859.14,234.01,1,-1,-1,-1
128,15,711.54,399.78,762.31,517.77,1,-1,-1,-1
128,16,908.19,400.85,956.17,513.14,1,-1,-1,-1
128,17,747.47,177.97,763.48,207.61,1,-1,-1,-1
128,27,438.15,394.03,490.34,518.27,1,-1,-1,-1
128,31,810.04,167.66,820.00,193.09,1,-1,-1,-1
128,32,1054.49,347.43,1097.69,443.64,1,-1,-1,-1
128,45,3.44,571.92,88.52,763.99,1,-1,-1,-1
129,13,1274.64,491.96,1344.09,645.67,1,-1,-1,-1
129,14,835.47,196.00,859.61,233.98,1,-1,-1,-1
129,15,709.91,399.12,760.73,517.17,1,-1,-1,-1
129,16,909.78,401.02,957.49,512.55,1,-1,-1,-1
129,17,747.51,177.97,763.24,207.21,1,-1,-1,-1
129,27,438.94,394.70,490.78,518.03,1,-1,-1,-1
129,31,810.10,167.91,819.94,193.00,1,-1,-1,-1
129,32,1053.86,347.07,1097.33,444.01,1,-1,-1,-1
129,45,6.83,572.42,91.06,762.55,1,-1,-1,-1
130,13,1275.52,488.42,1346.44,645.76,1,-1,-1,-1
130,14,835.22,196.00,859.90,233.97,1,-1,-1,-1
130,15,709.21,398.89,759.72,516.30,1,-1,-1,-1
130,16,909.93,400.42,957.71,512.31,1,-1,-1,-1
130,17,747.56,177.98,763.14,207.06,1,-1,-1,-1
130,27,439.17,395.61,490.33,517.28,1,-1,-1,-1
130,31,810.11,168.00,819.93,192.97,1,-1,-1,-1
130,32,1054.02,346.94,1097.47,444.14,1,-1,-1,-1
130,45,6.74,561.06,98.81,768.97,1,-1,-1,-1
131,13,1276.98,487.74,1347.41,644.50,1,-1,-1,-1
131,14,835.19,196.68,859.93,233.97,1,-1,-1,-1
131,15,708.74,398.82,759.02,515.98,1,-1,-1,-1
131,16,910.27,400.19,958.12,512.21,1,-1,-1,-1
131,17,744.04,177.98,760.03,207.66,1,-1,-1,-1
131,27,439.12,395.28,490.27,517.01,1,-1,-1,-1
131,31,810.10,168.03,819.93,192.97,1,-1,-1,-1
131,32,1050.26,344.93,1094.81,444.83,1,-1,-1,-1
131,45,6.80,560.72,101.80,774.08,1,-1,-1,-1
132,13,1277.95,487.53,1347.90,643.37,1,-1,-1,-1
132,14,835.08,196.93,860.03,233.97,1,-1,-1,-1
132,15,706.23,400.14,755.28,514.55,1,-1,-1,-1
132,16,910.25,399.44,958.37,512.16,1,-1,-1,-1
132,17,742.44,177.98,758.54,207.89,1,-1,-1,-1
132,27,439.09,395.15,490.23,516.92,1,-1,-1,-1
132,31,810.09,168.04,819.93,192.97,1,-1,-1,-1
132,32,1049.16,344.18,1094.15,445.08,1,-1,-1,-1
132,45,12.54,559.96,106.16,770.14,1,-1,-1,-1
133,13,1278.63,487.50,1347.66,641.64,1,-1,-1,-1
133,14,835.24,197.07,860.07,233.93,1,-1,-1,-1
133,15,704.69,399.98,753.26,513.36,1,-1,-1,-1
133,16,910.60,399.81,958.71,512.79,1,-1,-1,-1
133,17,741.17,177.33,758.00,208.63,1,-1,-1,-1
133,27,439.07,395.09,490.20,516.89,1,-1,-1,-1
133,31,809.86,167.37,820.16,193.63,1,-1,-1,-1
133,32,1048.24,343.25,1093.79,445.81,1,-1,-1,-1
133,45,15.25,561.03,107.09,766.64,1,-1,-1,-1
134,13,1279.63,487.52,1347.36,639.02,1,-1,-1,-1
134,15,703.70,399.93,752.40,513.60,1,-1,-1,-1
134,16,910.98,400.61,958.55,512.36,1,-1,-1,-1
134,17,740.72,177.08,757.82,208.91,1,-1,-1,-1
134,27,439.06,395.07,490.18,516.89,1,-1,-1,-1
134,31,809.90,167.77,820.12,193.88,1,-1,-1,-1
134,32,1048.24,342.91,1093.98,446.08,1,-1,-1,-1
134,45,20.92,562.79,111.16,764.66,1,-1,-1,-1
135,13,1283.06,485.58,1350.08,635.40,1,-1,-1,-1
135,15,702.64,398.59,752.24,514.37,1,-1,-1,-1
135,16,911.35,402.23,958.21,512.19,1,-1,-1,-1
135,17,740.06,176.34,757.64,209.01,1,-1,-1,-1
135,27,439.66,395.71,490.21,516.24,1,-1,-1,-1
135,31,809.81,167.27,820.21,193.98,1,-1,-1,-1
135,32,1047.42,341.49,1094.28,447.47,1,-1,-1,-1
135,45,23.35,562.81,113.47,763.95,1,-1,-1,-1
136,13,1285.17,485.55,1350.83,632.09,1,-1,-1,-1
136,14,835.47,197.05,860.52,233.98,1,-1,-1,-1
136,15,697.78,396.78,748.86,515.99,1,-1,-1,-1
136,16,911.83,402.84,958.36,512.11,1,-1,-1,-1
136,17,739.55,176.06,757.22,209.05,1,-1,-1,-1
136,27,439.89,395.96,490.20,516.00,1,-1,-1,-1
136,31,809.79,167.09,820.22,194.01,1,-1,-1,-1
136,32,1050.35,341.62,1097.01,447.99,1,-1,-1,-1
136,45,28.98,562.16,119.33,763.72,1,-1,-1,-1
137,13,1286.50,485.57,1351.11,629.56,1,-1,-1,-1
137,14,835.43,197.04,860.63,233.99,1,-1,-1,-1
137,15,695.98,396.11,747.63,516.61,1,-1,-1,-1
137,16,912.24,403.72,958.14,511.42,1,-1,-1,-1
137,17,738.81,175.87,756.65,209.17,1,-1,-1,-1
137,27,439.97,396.04,490.19,515.92,1,-1,-1,-1
137,31,809.80,167.01,820.22,194.02,1,-1,-1,-1
137,32,1052.70,343.65,1099.51,450.78,1,-1,-1,-1
137,42,1598.39,275.20,1634.53,356.91,1,-1,-1,-1
137,45,34.96,561.27,126.03,764.32,1,-1,-1,-1
138,13,1287.04,485.62,1351.06,628.01,1,-1,-1,-1
138,14,835.49,197.71,859.93,233.32,1,-1,-1,-1
138,15,694.83,396.52,746.46,516.86,1,-1,-1,-1
138,16,913.03,404.70,958.72,511.82,1,-1,-1,-1
138,27,440.90,396.73,490.60,515.23,1,-1,-1,-1
138,31,809.79,166.97,820.25,194.07,1,-1,-1,-1
138,32,1053.38,344.44,1100.04,451.83,1,-1,-1,-1
138,42,1596.65,275.24,1633.12,356.08,1,-1,-1,-1
138,45,43.31,561.61,130.78,757.31,1,-1,-1,-1
139,13,1287.02,484.99,1351.15,627.50,1,-1,-1,-1
139,14,835.47,197.95,859.70,233.07,1,-1,-1,-1
139,15,694.29,396.70,745.60,516.29,1,-1,-1,-1
139,16,916.50,404.39,962.38,511.97,1,-1,-1,-1
139,27,440.49,395.65,490.83,515.65,1,-1,-1,-1
139,31,810.15,166.98,820.64,194.03,1,-1,-1,-1
139,32,1053.96,345.41,1099.93,451.55,1,-1,-1,-1
139,42,1591.75,274.66,1628.73,355.13,1,-1,-1,-1
139,45,52.81,565.79,135.29,750.64,1,-1,-1,-1
140,13,1286.82,484.12,1351.30,627.36,1,-1,-1,-1
140,14,835.43,198.04,859.64,232.99,1,-1,-1,-1
140,15,690.12,396.12,742.12,517.40,1,-1,-1,-1
140,16,917.94,404.25,964.23,512.68,1,-1,-1,-1
140,27,440.81,395.90,491.09,515.82,1,-1,-1,-1
140,31,809.82,166.98,820.47,194.02,1,-1,-1,-1
140,32,1054.97,347.10,1099.74,450.75,1,-1,-1,-1
140,42,1585.95,275.79,1622.13,353.49,1,-1,-1,-1
140,45,56.33,565.99,137.89,748.91,1,-1,-1,-1
141,13,1287.07,483.82,1351.61,627.36,1,-1,-1,-1
141,14,835.39,198.06,859.65,232.96,1,-1,-1,-1
141,15,687.97,395.92,740.20,517.82,1,-1,-1,-1
141,16,919.09,404.19,965.57,512.94,1,-1,-1,-1
141,27,441.05,396.00,491.05,515.22,1,-1,-1,-1
141,31,809.83,166.98,820.94,194.68,1,-1,-1,-1
141,32,1055.51,348.41,1099.51,450.42,1,-1,-1,-1
141,42,1584.18,278.27,1618.21,350.90,1,-1,-1,-1
141,45,61.54,564.71,143.37,748.35,1,-1,-1,-1
142,13,1287.53,484.39,1351.29,626.08,1,-1,-1,-1
142,14,835.34,198.06,859.67,232.95,1,-1,-1,-1
142,15,686.09,394.54,739.35,519.29,1,-1,-1,-1
142,16,922.99,402.83,970.47,513.70,1,-1,-1,-1
142,27,440.77,395.37,491.39,516.33,1,-1,-1,-1
142,31,809.78,166.98,821.17,194.92,1,-1,-1,-1
142,32,1055.72,348.89,1099.40,450.28,1,-1,-1,-1
142,42,1574.15,277.90,1608.97,351.32,1,-1,-1,-1
142,45,63.23,562.23,146.64,749.55,1,-1,-1,-1
143,13,1287.64,484.63,1351.16,625.65,1,-1,-1,-1
143,14,835.31,198.06,859.71,232.95,1,-1,-1,-1
143,15,682.13,394.68,735.87,520.49,1,-1,-1,-1
143,16,924.51,402.97,972.19,513.98,1,-1,-1,-1
143,27,441.05,395.79,491.13,515.44,1,-1,-1,-1
143,31,809.80,166.95,821.24,195.04,1,-1,-1,-1
143,32,1055.81,349.06,1099.33,450.21,1,-1,-1,-1
143,42,1570.54,278.44,1605.23,350.83,1,-1,-1,-1
143,45,66.84,559.33,152.53,752.03,1,-1,-1,-1
144,13,1290.80,484.08,1355.25,626.20,1,-1,-1,-1
144,14,835.27,198.05,859.74,232.96,1,-1,-1,-1
144,15,680.52,395.41,734.11,520.94,1,-1,-1,-1
144,16,925.62,403.68,972.87,513.42,1,-1,-1,-1
144,27,440.90,395.28,491.27,515.76,1,-1,-1,-1
144,31,809.27,166.98,820.98,195.03,1,-1,-1,-1
144,32,1055.69,349.12,1098.79,449.51,1,-1,-1,-1
144,42,1564.42,277.34,1600.35,351.35,1,-1,-1,-1
144,45,69.09,559.56,154.24,751.04,1,-1,-1,-1
145,13,1290.97,479.91,1357.73,626.44,1,-1,-1,-1
145,14,835.25,198.05,859.76,232.96,1,-1,-1,-1
145,15,679.35,395.04,732.84,520.45,1,-1,-1,-1
145,16,926.46,404.61,973.26,513.19,1,-1,-1,-1
145,27,440.85,395.09,491.30,515.89,1,-1,-1,-1
145,31,809.18,166.99,820.91,194.37,1,-1,-1,-1
145,32,1055.66,349.12,1098.55,449.24,1,-1,-1,-1
145,42,1557.93,277.60,1593.81,350.90,1,-1,-1,-1
145,45,73.09,554.38,159.31,748.72,1,-1,-1,-1
145,50,820.87,165.00,834.89,200.00,1,-1,-1,-1
146,13,1291.16,478.37,1358.47,625.24,1,-1,-1,-1
146,14,835.60,198.04,860.07,232.97,1,-1,-1,-1
146,15,678.71,394.92,732.04,520.25,1,-1,-1,-1
146,16,931.10,408.27,977.61,515.76,1,-1,-1,-1
146,27,440.84,395.02,491.29,515.94,1,-1,-1,-1
146,31,809.07,166.99,820.95,194.13,1,-1,-1,-1
146,32,1055.55,349.12,1098.56,449.79,1,-1,-1,-1
146,42,1555.47,277.73,1591.09,350.09,1,-1,-1,-1
146,45,75.68,553.78,161.19,746.56,1,-1,-1,-1
146,50,820.98,165.00,835.00,200.00,1,-1,-1,-1
147,13,1291.85,478.47,1358.70,623.49,1,-1,-1,-1
147,14,835.75,198.04,860.17,232.97,1,-1,-1,-1
147,15,678.65,396.20,731.04,519.50,1,-1,-1,-1
147,16,932.74,409.63,979.23,516.71,1,-1,-1,-1
147,27,440.85,395.00,491.27,515.96,1,-1,-1,-1
147,31,809.06,166.97,820.94,194.13,1,-1,-1,-1
147,32,1055.66,349.77,1098.41,449.99,1,-1,-1,-1
147,42,1554.38,274.46,1589.30,345.82,1,-1,-1,-1
147,45,82.07,556.24,164.75,742.48,1,-1,-1,-1
147,50,820.94,165.74,834.36,199.26,1,-1,-1,-1
148,13,1291.98,477.89,1358.84,622.20,1,-1,-1,-1
148,14,835.81,198.03,860.19,232.97,1,-1,-1,-1
148,15,676.28,398.02,727.19,517.88,1,-1,-1,-1
148,16,933.62,410.11,980.11,517.05,1,-1,-1,-1
148,27,440.86,394.99,491.25,515.97,1,-1,-1,-1
148,32,1055.60,349.34,1098.45,450.06,1,-1,-1,-1
148,42,1549.31,272.59,1585.01,345.59,1,-1,-1,-1
148,45,84.79,557.22,166.10,740.32,1,-1,-1,-1
148,50,820.93,165.98,834.14,199.02,1,-1,-1,-1
149,13,1292.16,477.70,1358.69,620.43,1,-1,-1,-1
149,14,836.24,198.69,859.80,232.32,1,-1,-1,-1
149,15,674.46,398.04,725.48,517.94,1,-1,-1,-1
149,16,936.77,405.63,984.80,515.84,1,-1,-1,-1
149,27,440.99,395.65,491.10,515.97,1,-1,-1,-1
149,32,1055.18,349.84,1097.54,449.42,1,-1,-1,-1
149,42,1547.80,272.58,1582.65,344.21,1,-1,-1,-1
149,45,89.29,555.59,171.50,740.92,1,-1,-1,-1
149,50,821.38,166.77,834.32,198.94,1,-1,-1,-1
150,13,1292.47,476.99,1358.99,619.13,1,-1,-1,-1
150,14,836.17,198.94,859.87,232.74,1,-1,-1,-1
150,15,673.42,397.38,724.68,517.96,1,-1,-1,-1
150,16,938.11,403.94,986.94,516.03,1,-1,-1,-1
150,27,441.43,395.90,491.31,515.32,1,-1,-1,-1
150,32,1055.56,350.02,1097.98,449.83,1,-1,-1,-1
150,42,1542.96,271.95,1577.78,343.74,1,-1,-1,-1
150,45,94.90,553.68,178.58,742.51,1,-1,-1,-1
150,50,821.64,167.03,834.28,198.22,1,-1,-1,-1
151,13,1293.45,476.09,1358.85,616.03,1,-1,-1,-1
151,14,835.76,199.03,859.62,232.90,1,-1,-1,-1
151,15,672.60,396.47,724.27,517.97,1,-1,-1,-1
151,16,939.81,407.22,987.76,517.40,1,-1,-1,-1
151,27,441.56,395.99,491.42,515.07,1,-1,-1,-1
151,32,1054.90,350.08,1096.97,449.32,1,-1,-1,-1
151,42,1537.86,273.06,1571.60,342.93,1,-1,-1,-1
151,45,96.79,547.72,182.51,741.83,1,-1,-1,-1
151,50,821.69,167.10,834.31,197.98,1,-1,-1,-1
152,13,1293.81,475.12,1358.74,614.25,1,-1,-1,-1
152,14,835.95,199.05,859.84,232.96,1,-1,-1,-1
152,15,668.52,396.79,720.11,517.98,1,-1,-1,-1
152,16,940.26,407.82,988.09,517.92,1,-1,-1,-1
152,27,441.45,396.02,491.61,515.65,1,-1,-1,-1
152,32,1054.67,350.09,1096.56,449.12,1,-1,-1,-1
152,42,1536.16,274.19,1568.77,342.00,1,-1,-1,-1
152,45,97.74,544.84,184.15,740.96,1,-1,-1,-1
152,50,821.55,167.12,834.48,198.60,1,-1,-1,-1
153,13,1294.32,474.12,1358.94,612.97,1,-1,-1,-1
153,14,836.22,199.06,859.73,232.32,1,-1,-1,-1
153,15,666.12,396.25,718.18,518.64,1,-1,-1,-1
153,16,940.81,408.70,988.39,518.10,1,-1,-1,-1
153,27,441.15,395.37,491.94,516.53,1,-1,-1,-1
153,32,1050.43,344.79,1094.60,449.05,1,-1,-1,-1
153,42,1535.21,274.63,1567.07,341.02,1,-1,-1,-1
153,45,102.14,544.44,187.63,738.69,1,-1,-1,-1
153,50,821.05,166.44,834.31,198.83,1,-1,-1,-1
154,13,1294.81,473.11,1359.33,611.88,1,-1,-1,-1
154,14,836.09,199.05,859.91,232.74,1,-1,-1,-1
154,15,665.37,396.71,716.78,517.57,1,-1,-1,-1
154,16,945.25,410.34,992.09,518.16,1,-1,-1,-1
154,27,441.22,395.36,492.04,516.58,1,-1,-1,-1
154,32,1052.99,347.36,1096.25,449.67,1,-1,-1,-1
154,42,1530.71,274.80,1562.17,340.70,1,-1,-1,-1
154,45,104.95,545.67,188.84,736.54,1,-1,-1,-1
154,50,821.49,166.85,834.28,198.25,1,-1,-1,-1
155,13,1297.30,470.77,1363.10,612.18,1,-1,-1,-1
155,14,835.67,199.05,859.69,232.90,1,-1,-1,-1
155,15,662.01,396.89,713.51,517.83,1,-1,-1,-1
155,16,946.71,411.61,992.90,518.16,1,-1,-1,-1
155,27,441.55,396.63,491.55,516.14,1,-1,-1,-1
155,32,1053.88,349.06,1096.40,449.91,1,-1,-1,-1
155,42,1528.30,270.85,1560.08,337.94,1,-1,-1,-1
155,45,106.17,546.19,189.49,735.78,1,-1,-1,-1
155,50,821.79,167.00,834.14,197.36,1,-1,-1,-1
156,13,1298.22,469.27,1365.14,612.99,1,-1,-1,-1
156,14,835.28,198.38,859.83,232.97,1,-1,-1,-1
156,15,659.91,396.30,711.95,518.59,1,-1,-1,-1
156,16,947.21,411.40,993.11,517.48,1,-1,-1,-1
156,27,441.64,396.75,491.60,516.15,1,-1,-1,-1
156,32,1054.38,349.71,1096.31,449.34,1,-1,-1,-1
156,42,1523.99,269.41,1555.68,336.95,1,-1,-1,-1
156,45,109.89,541.11,194.84,734.87,1,-1,-1,-1
156,50,821.66,166.36,834.33,197.72,1,-1,-1,-1
157,13,1298.37,468.73,1365.39,612.68,1,-1,-1,-1
157,14,835.13,198.13,859.89,232.99,1,-1,-1,-1
157,15,657.96,394.76,711.33,520.19,1,-1,-1,-1
157,16,947.36,411.30,993.11,517.22,1,-1,-1,-1
157,32,1050.81,346.63,1093.40,447.79,1,-1,-1,-1
157,42,1521.51,268.23,1553.18,336.62,1,-1,-1,-1
157,45,113.42,546.47,195.15,732.60,1,-1,-1,-1
157,50,821.75,166.80,834.26,197.85,1,-1,-1,-1
158,13,1298.64,467.91,1365.86,612.60,1,-1,-1,-1
158,14,835.07,198.04,859.92,233.00,1,-1,-1,-1
158,15,654.14,394.83,707.77,520.79,1,-1,-1,-1
158,16,947.13,410.58,993.28,517.78,1,-1,-1,-1
158,32,1049.82,346.14,1091.99,446.56,1,-1,-1,-1
158,42,1516.92,267.81,1548.91,337.19,1,-1,-1,-1
158,45,116.54,539.91,201.84,734.47,1,-1,-1,-1
158,50,821.19,165.63,834.16,197.91,1,-1,-1,-1
159,13,1298.88,468.29,1365.84,612.60,1,-1,-1,-1
159,14,835.04,198.00,859.94,233.00,1,-1,-1,-1
159,15,651.97,394.87,705.95,521.67,1,-1,-1,-1
159,16,946.96,409.64,994.00,519.31,1,-1,-1,-1
159,32,1050.39,349.27,1091.87,448.08,1,-1,-1,-1
159,42,1514.80,267.02,1547.28,338.10,1,-1,-1,-1
159,45,120.90,534.95,209.41,737.11,1,-1,-1,-1
159,50,820.87,165.19,834.23,198.59,1,-1,-1,-1
160,13,1299.24,468.48,1366.15,612.63,1,-1,-1,-1
160,14,835.21,197.99,860.43,233.66,1,-1,-1,-1
160,15,650.45,394.24,704.79,522.00,1,-1,-1,-1
160,16,946.94,408.62,994.80,520.53,1,-1,-1,-1
160,32,1049.84,349.80,1091.29,448.67,1,-1,-1,-1
160,42,1513.57,265.44,1546.67,338.47,1,-1,-1,-1
160,45,123.73,534.38,212.24,736.86,1,-1,-1,-1
160,50,821.25,165.03,834.41,198.20,1,-1,-1,-1
161,13,1299.99,469.24,1366.27,612.01,1,-1,-1,-1
161,14,835.59,197.98,860.95,233.91,1,-1,-1,-1
161,15,649.68,394.00,704.03,522.11,1,-1,-1,-1
161,16,946.69,407.57,995.27,521.64,1,-1,-1,-1
161,32,1049.90,350.65,1090.84,448.23,1,-1,-1,-1
161,42,1510.26,264.60,1543.50,337.95,1,-1,-1,-1
161,45,129.01,534.89,216.69,735.47,1,-1,-1,-1
161,50,821.32,164.97,834.57,198.71,1,-1,-1,-1
162,13,1300.62,469.55,1366.57,611.80,1,-1,-1,-1
162,14,835.75,197.98,861.13,234.00,1,-1,-1,-1
162,15,647.31,395.89,700.06,520.17,1,-1,-1,-1
162,16,946.29,406.52,995.69,522.70,1,-1,-1,-1
162,32,1049.53,350.96,1090.44,448.72,1,-1,-1,-1
162,45,131.63,535.81,218.14,733.65,1,-1,-1,-1
162,50,820.78,164.30,834.53,199.56,1,-1,-1,-1
163,13,1301.28,469.09,1367.18,611.24,1,-1,-1,-1
163,14,835.82,197.99,861.19,234.03,1,-1,-1,-1
163,15,646.45,397.29,698.00,518.75,1,-1,-1,-1
163,16,946.01,406.12,995.91,523.74,1,-1,-1,-1
163,32,1049.39,351.74,1089.66,448.25,1,-1,-1,-1
163,45,137.78,538.20,221.83,730.33,1,-1,-1,-1
163,50,820.61,164.05,834.49,199.88,1,-1,-1,-1
164,14,836.05,198.64,861.00,234.04,1,-1,-1,-1
164,15,644.67,395.81,696.85,518.88,1,-1,-1,-1
164,16,946.07,405.97,996.42,524.77,1,-1,-1,-1
164,32,1049.21,352.68,1088.86,448.07,1,-1,-1,-1
164,45,141.11,540.49,223.24,727.78,1,-1,-1,-1
164,50,820.57,163.96,834.44,200.00,1,-1,-1,-1
165,14,836.13,198.90,860.93,234.04,1,-1,-1,-1
165,15,643.59,394.60,696.31,518.94,1,-1,-1,-1
165,16,946.45,405.92,996.85,525.15,1,-1,-1,-1
165,32,1049.15,353.69,1087.92,447.34,1,-1,-1,-1
165,45,144.67,534.66,229.17,727.54,1,-1,-1,-1
165,50,820.86,163.93,834.77,200.04,1,-1,-1,-1
166,13,1306.73,467.08,1369.73,602.86,1,-1,-1,-1
166,14,836.35,198.99,860.71,233.37,1,-1,-1,-1
166,15,640.69,395.47,692.80,518.30,1,-1,-1,-1
166,16,946.78,405.91,997.44,525.92,1,-1,-1,-1
166,32,1049.26,355.39,1086.81,446.40,1,-1,-1,-1
166,45,147.19,532.56,231.92,726.17,1,-1,-1,-1
166,50,820.97,163.92,834.90,200.05,1,-1,-1,-1
167,13,1307.87,466.87,1370.17,601.20,1,-1,-1,-1
167,14,836.70,199.69,860.35,233.12,1,-1,-1,-1
167,15,638.99,395.80,690.88,518.06,1,-1,-1,-1
167,16,949.29,405.26,1000.47,526.85,1,-1,-1,-1
167,32,1049.29,356.67,1085.77,445.38,1,-1,-1,-1
167,45,151.40,530.47,237.34,727.01,1,-1,-1,-1
167,50,820.91,163.93,835.06,200.71,1,-1,-1,-1
168,13,1308.87,466.38,1370.83,599.94,1,-1,-1,-1
168,14,836.84,199.94,860.21,233.03,1,-1,-1,-1
168,15,637.64,395.27,689.70,517.97,1,-1,-1,-1
168,16,951.50,408.93,1001.63,527.83,1,-1,-1,-1
168,32,1046.68,354.42,1084.67,447.04,1,-1,-1,-1
168,45,154.24,531.04,239.19,725.39,1,-1,-1,-1
168,50,820.89,163.93,835.11,200.95,1,-1,-1,-1
169,13,1310.15,465.19,1370.14,594.99,1,-1,-1,-1
169,14,836.31,199.36,860.06,232.99,1,-1,-1,-1
169,15,637.21,395.07,689.32,517.95,1,-1,-1,-1
169,16,952.69,410.36,1002.32,528.18,1,-1,-1,-1
169,22,1029.49,323.01,1071.46,423.00,1,-1,-1,-1
169,32,1045.29,353.60,1084.09,448.30,1,-1,-1,-1
169,45,160.21,533.30,242.63,722.16,1,-1,-1,-1
169,50,821.00,163.94,835.02,200.39,1,-1,-1,-1
170,13,1310.46,464.19,1370.11,593.79,1,-1,-1,-1
170,14,835.91,199.15,860.21,233.64,1,-1,-1,-1
170,15,637.19,396.32,688.51,517.28,1,-1,-1,-1
170,16,953.34,411.55,1002.30,527.62,1,-1,-1,-1
170,22,1029.25,323.46,1070.54,422.94,1,-1,-1,-1
170,32,1044.39,353.27,1083.63,449.44,1,-1,-1,-1
170,45,163.41,534.21,244.66,720.32,1,-1,-1,-1
170,50,821.25,164.61,834.77,199.50,1,-1,-1,-1
171,13,1310.61,463.19,1370.04,592.73,1,-1,-1,-1
171,14,835.78,199.06,860.25,233.89,1,-1,-1,-1
171,15,633.19,396.13,685.03,518.37,1,-1,-1,-1
171,16,953.54,412.65,1002.26,528.05,1,-1,-1,-1
171,22,1029.25,323.69,1070.18,422.93,1,-1,-1,-1
171,32,1043.74,353.14,1083.15,449.88,1,-1,-1,-1
171,42,1472.47,258.92,1504.89,331.05,1,-1,-1,-1
171,45,168.83,535.23,248.91,718.34,1,-1,-1,-1
171,50,821.33,164.86,834.69,199.16,1,-1,-1,-1
172,13,1311.07,462.84,1370.22,592.40,1,-1,-1,-1
172,14,836.52,199.69,860.14,233.33,1,-1,-1,-1
172,15,631.14,395.40,683.74,519.43,1,-1,-1,-1
172,16,953.83,412.38,1002.63,528.19,1,-1,-1,-1
172,22,1029.19,324.46,1069.52,422.93,1,-1,-1,-1
172,32,1043.48,353.74,1082.38,449.37,1,-1,-1,-1
172,42,1468.84,258.26,1501.26,330.42,1,-1,-1,-1
172,45,170.40,530.95,251.31,716.33,1,-1,-1,-1
172,50,821.43,164.96,834.59,199.04,1,-1,-1,-1
173,13,1311.41,462.74,1370.08,591.66,1,-1,-1,-1
173,14,836.81,199.93,860.09,233.11,1,-1,-1,-1
173,15,630.15,395.12,682.94,519.83,1,-1,-1,-1
173,16,954.10,412.27,1003.22,528.89,1,-1,-1,-1
173,22,1029.24,324.77,1069.25,422.94,1,-1,-1,-1
173,32,1043.14,353.97,1081.71,449.18,1,-1,-1,-1
173,45,175.01,529.39,255.89,714.96,1,-1,-1,-1
173,50,821.72,165.66,834.30,198.33,1,-1,-1,-1
174,13,1311.56,462.72,1369.96,591.45,1,-1,-1,-1
174,14,836.34,199.34,859.98,233.02,1,-1,-1,-1
174,15,629.37,395.01,682.51,520.64,1,-1,-1,-1
174,16,953.69,411.55,1003.24,529.13,1,-1,-1,-1
174,22,1029.12,325.56,1068.00,421.61,1,-1,-1,-1
174,27,388.01,389.09,444.91,522.94,1,-1,-1,-1
174,32,1043.08,354.04,1081.45,449.10,1,-1,-1,-1
174,42,1465.35,259.56,1496.59,328.16,1,-1,-1,-1
174,45,176.83,527.50,258.58,715.17,1,-1,-1,-1
174,50,821.83,165.92,834.18,198.06,1,-1,-1,-1
175,13,1311.76,462.74,1369.73,590.75,1,-1,-1,-1
175,14,836.16,199.13,859.95,233.00,1,-1,-1,-1
175,15,626.47,396.29,679.16,520.94,1,-1,-1,-1
175,16,953.50,411.26,1003.23,529.21,1,-1,-1,-1
175,22,1028.61,325.57,1067.38,421.35,1,-1,-1,-1
175,27,385.31,388.71,442.52,523.29,1,-1,-1,-1
175,32,1042.46,354.07,1080.67,449.06,1,-1,-1,-1
175,42,1460.34,259.75,1491.25,327.13,1,-1,-1,-1
175,45,180.76,525.51,264.01,716.61,1,-1,-1,-1
175,50,821.77,165.34,834.24,197.97,1,-1,-1,-1
176,13,1311.71,462.10,1369.73,590.54,1,-1,-1,-1
176,14,835.88,198.38,860.14,232.99,1,-1,-1,-1
176,15,625.40,397.44,677.32,520.39,1,-1,-1,-1
176,16,953.57,411.15,1003.70,529.88,1,-1,-1,-1
176,32,1042.39,354.73,1080.25,449.05,1,-1,-1,-1
176,42,1458.76,260.49,1488.79,325.44,1,-1,-1,-1
176,45,182.90,524.79,266.47,716.54,1,-1,-1,-1
176,50,821.87,165.79,834.14,197.94,1,-1,-1,-1
177,13,1311.71,461.88,1369.68,590.50,1,-1,-1,-1
177,14,835.80,198.10,860.19,232.98,1,-1,-1,-1
177,15,624.92,398.54,676.18,520.17,1,-1,-1,-1
177,16,957.10,411.10,1007.57,530.77,1,-1,-1,-1
177,27,386.70,390.50,442.94,521.49,1,-1,-1,-1
177,32,1043.79,356.30,1080.70,448.37,1,-1,-1,-1
177,42,1455.58,260.29,1485.29,324.56,1,-1,-1,-1
177,45,184.94,525.88,267.22,714.58,1,-1,-1,-1
177,50,821.80,165.29,834.20,197.94,1,-1,-1,-1
178,13,1312.13,461.44,1369.89,589.58,1,-1,-1,-1
178,14,836.06,198.00,860.58,232.98,1,-1,-1,-1
178,15,624.17,398.94,675.12,520.09,1,-1,-1,-1
178,16,958.56,411.73,1008.88,531.09,1,-1,-1,-1
178,27,384.63,390.35,440.99,521.61,1,-1,-1,-1
178,32,1045.10,360.23,1080.81,448.79,1,-1,-1,-1
178,42,1452.57,260.02,1483.06,325.53,1,-1,-1,-1
178,45,189.74,527.67,270.47,712.54,1,-1,-1,-1
178,50,821.90,165.76,834.11,197.94,1,-1,-1,-1
179,13,1314.22,464.13,1367.92,583.45,1,-1,-1,-1
179,14,836.15,197.96,860.74,232.99,1,-1,-1,-1
179,15,623.81,401.73,674.27,522.04,1,-1,-1,-1
179,16,959.75,412.63,1009.99,531.86,1,-1,-1,-1
179,27,386.87,391.62,442.96,521.15,1,-1,-1,-1
179,32,1044.12,358.30,1080.33,448.27,1,-1,-1,-1
179,42,1449.42,259.81,1479.70,324.88,1,-1,-1,-1
179,45,192.16,527.71,272.13,710.49,1,-1,-1,-1
179,50,822.05,165.94,833.96,197.28,1,-1,-1,-1
180,13,1314.35,464.01,1367.17,581.29,1,-1,-1,-1
180,14,836.17,197.95,860.81,232.99,1,-1,-1,-1
180,15,623.15,402.11,673.92,523.44,1,-1,-1,-1
180,16,960.53,414.28,1010.02,531.47,1,-1,-1,-1
180,27,387.64,392.56,443.33,520.39,1,-1,-1,-1
180,32,1043.62,357.58,1079.66,447.41,1,-1,-1,-1
180,42,1443.29,251.18,1478.84,327.22,1,-1,-1,-1
180,45,191.80,521.74,273.76,709.10,1,-1,-1,-1
180,50,821.88,165.34,834.13,197.71,1,-1,-1,-1
181,13,1314.38,463.29,1366.93,579.91,1,-1,-1,-1
181,14,836.17,197.95,860.84,232.99,1,-1,-1,-1
181,15,620.24,403.55,669.94,522.63,1,-1,-1,-1
181,16,964.91,416.22,1013.16,530.63,1,-1,-1,-1
181,27,387.87,392.88,443.55,520.12,1,-1,-1,-1
181,32,1043.47,357.30,1079.39,447.09,1,-1,-1,-1
181,42,1441.35,249.36,1477.70,326.97,1,-1,-1,-1
181,45,196.86,521.53,277.54,705.99,1,-1,-1,-1
181,50,821.17,165.12,833.52,197.87,1,-1,-1,-1
182,13,1313.07,459.68,1367.47,580.81,1,-1,-1,-1
182,14,835.96,197.96,861.06,233.65,1,-1,-1,-1
182,15,618.61,403.40,668.41,522.97,1,-1,-1,-1
182,16,967.04,417.60,1014.45,530.30,1,-1,-1,-1
182,27,387.84,392.34,443.84,520.02,1,-1,-1,-1
182,32,1043.68,357.84,1079.05,446.32,1,-1,-1,-1
182,42,1436.96,248.69,1473.39,326.24,1,-1,-1,-1
182,45,199.80,522.17,279.05,703.52,1,-1,-1,-1
182,50,820.91,165.03,833.28,197.93,1,-1,-1,-1
183,13,1312.51,457.71,1367.75,581.17,1,-1,-1,-1
183,14,835.89,197.96,861.14,233.90,1,-1,-1,-1
183,15,617.47,402.66,667.83,523.74,1,-1,-1,-1
183,16,968.05,418.76,1014.61,529.50,1,-1,-1,-1
183,27,387.95,392.79,443.91,519.99,1,-1,-1,-1
183,32,1045.28,360.04,1079.43,445.36,1,-1,-1,-1
183,42,1435.22,248.48,1471.35,325.31,1,-1,-1,-1
183,45,203.31,516.44,284.29,701.99,1,-1,-1,-1
183,50,820.83,165.00,833.18,197.96,1,-1,-1,-1
184,13,1312.98,455.01,1368.49,580.04,1,-1,-1,-1
184,14,835.67,197.31,861.35,233.99,1,-1,-1,-1
184,15,616.50,401.71,667.59,524.69,1,-1,-1,-1
184,16,968.76,419.16,1014.90,529.20,1,-1,-1,-1
184,22,1017.26,329.88,1052.19,416.08,1,-1,-1,-1
184,27,387.88,392.30,444.13,519.98,1,-1,-1,-1
184,31,866.70,175.98,875.08,199.99,1,-1,-1,-1
184,32,1045.49,362.20,1079.31,446.37,1,-1,-1,-1
184,42,1431.96,247.39,1468.41,324.91,1,-1,-1,-1
184,45,204.71,514.36,286.61,702.13,1,-1,-1,-1
184,50,820.81,164.99,833.13,197.97,1,-1,-1,-1
185,13,1312.51,452.69,1368.75,580.31,1,-1,-1,-1
185,14,835.62,197.06,861.40,234.02,1,-1,-1,-1
185,15,615.43,401.33,667.00,525.69,1,-1,-1,-1
185,16,968.67,420.62,1015.28,531.75,1,-1,-1,-1
185,22,1016.94,330.06,1051.53,415.17,1,-1,-1,-1
185,27,387.48,392.11,444.00,519.98,1,-1,-1,-1
185,31,867.96,176.07,875.66,200.78,1,-1,-1,-1
185,32,1045.40,360.95,1079.45,446.07,1,-1,-1,-1
185,42,1429.55,250.69,1462.94,321.81,1,-1,-1,-1
185,45,205.21,511.65,288.61,702.89,1,-1,-1,-1
185,50,820.81,164.99,833.11,197.98,1,-1,-1,-1
186,13,1313.55,453.81,1368.27,578.48,1,-1,-1,-1
186,14,835.43,196.32,861.59,234.03,1,-1,-1,-1
186,15,612.42,401.84,663.57,525.40,1,-1,-1,-1
186,16,968.93,421.79,1015.05,532.03,1,-1,-1,-1
186,22,1016.54,330.12,1050.90,414.89,1,-1,-1,-1
186,27,387.78,392.70,443.54,518.65,1,-1,-1,-1
186,31,869.62,176.33,877.31,201.04,1,-1,-1,-1
186,32,1044.97,360.47,1078.58,444.64,1,-1,-1,-1
186,42,1429.30,252.09,1460.91,319.66,1,-1,-1,-1
186,45,209.26,510.67,293.16,702.58,1,-1,-1,-1
186,50,820.83,164.99,833.09,197.98,1,-1,-1,-1
187,13,1313.84,454.30,1367.52,577.16,1,-1,-1,-1
187,14,835.59,196.69,861.43,234.03,1,-1,-1,-1
187,15,610.98,402.02,662.00,525.27,1,-1,-1,-1
187,16,969.13,422.87,1014.78,532.12,1,-1,-1,-1
187,22,1016.04,330.13,1050.43,414.80,1,-1,-1,-1
187,27,387.91,392.92,443.43,518.16,1,-1,-1,-1
187,32,1044.70,360.27,1078.36,444.77,1,-1,-1,-1
187,42,1426.42,251.64,1457.86,318.84,1,-1,-1,-1
187,45,210.68,509.70,295.46,703.16,1,-1,-1,-1
187,50,820.84,164.99,833.08,197.98,1,-1,-1,-1
188,13,1314.17,453.85,1367.68,576.70,1,-1,-1,-1
188,14,835.29,196.85,861.07,234.03,1,-1,-1,-1
188,15,610.32,402.08,660.97,524.54,1,-1,-1,-1
188,16,969.35,423.24,1015.13,532.81,1,-1,-1,-1
188,22,1015.98,330.79,1050.22,414.79,1,-1,-1,-1
188,27,388.24,393.67,443.81,518.64,1,-1,-1,-1
188,32,1044.63,360.19,1078.27,444.84,1,-1,-1,-1
188,45,215.84,510.05,300.04,702.10,1,-1,-1,-1
188,50,820.86,164.99,833.08,197.99,1,-1,-1,-1
189,13,1314.46,453.71,1367.57,575.91,1,-1,-1,-1
189,14,835.17,196.91,860.94,234.03,1,-1,-1,-1
189,15,609.77,402.10,660.35,524.26,1,-1,-1,-1
189,16,970.01,424.01,1015.29,532.39,1,-1,-1,-1
189,22,1016.08,331.03,1050.10,414.13,1,-1,-1,-1
189,27,388.85,393.94,444.18,518.17,1,-1,-1,-1
189,32,1044.63,360.14,1078.22,444.87,1,-1,-1,-1
189,45,218.44,511.56,301.58,701.07,1,-1,-1,-1
189,50,820.87,164.99,833.07,197.99,1,-1,-1,-1
190,13,1314.12,452.36,1367.96,576.31,1,-1,-1,-1
190,14,835.12,196.94,860.89,234.03,1,-1,-1,-1
190,15,609.32,402.10,659.80,524.14,1,-1,-1,-1
190,16,973.30,421.60,1020.25,534.22,1,-1,-1,-1
190,22,1015.83,331.10,1049.73,413.91,1,-1,-1,-1
190,27,388.82,393.37,444.61,518.66,1,-1,-1,-1
190,32,1044.76,360.12,1078.08,444.23,1,-1,-1,-1
190,45,224.14,512.85,305.81,698.73,1,-1,-1,-1
190,50,820.88,164.99,833.06,197.99,1,-1,-1,-1
191,13,1316.08,449.90,1371.94,578.46,1,-1,-1,-1
191,14,835.47,196.95,861.17,234.02,1,-1,-1,-1
191,15,605.65,402.75,655.93,524.09,1,-1,-1,-1
191,16,974.28,420.05,1022.26,535.54,1,-1,-1,-1
191,22,1015.76,331.12,1049.63,413.84,1,-1,-1,-1
191,27,388.44,393.16,444.50,518.85,1,-1,-1,-1
191,32,1044.60,359.43,1078.26,444.66,1,-1,-1,-1
191,45,225.78,511.37,308.32,699.22,1,-1,-1,-1
191,50,820.69,164.33,833.27,198.65,1,-1,-1,-1
192,13,1317.07,448.34,1373.83,579.30,1,-1,-1,-1
192,14,835.25,196.96,860.97,234.02,1,-1,-1,-1
192,15,603.68,402.33,654.49,524.73,1,-1,-1,-1
192,16,974.95,419.44,1023.33,536.03,1,-1,-1,-1
192,22,1016.04,331.12,1050.02,413.83,1,-1,-1,-1
192,27,388.41,393.07,444.37,518.26,1,-1,-1,-1
192,32,1043.97,358.52,1078.24,445.49,1,-1,-1,-1
192,45,228.39,514.15,308.38,696.14,1,-1,-1,-1
192,50,820.26,164.09,833.04,198.90,1,-1,-1,-1
193,13,1317.75,447.78,1374.88,579.64,1,-1,-1,-1
193,14,835.16,196.97,860.90,234.02,1,-1,-1,-1
193,15,602.07,401.50,653.61,525.63,1,-1,-1,-1
193,16,975.73,419.85,1024.42,536.85,1,-1,-1,-1
193,22,1016.02,331.11,1050.33,414.50,1,-1,-1,-1
193,27,388.25,391.05,444.49,516.72,1,-1,-1,-1
193,32,1043.75,358.17,1078.22,445.80,1,-1,-1,-1
193,45,232.09,513.24,312.74,697.01,1,-1,-1,-1
193,50,820.58,164.65,833.14,198.99,1,-1,-1,-1
194,13,1317.88,446.94,1375.38,579.78,1,-1,-1,-1
194,14,835.12,196.97,860.89,234.02,1,-1,-1,-1
194,15,601.40,401.19,653.45,526.61,1,-1,-1,-1
194,16,979.01,419.34,1028.35,537.80,1,-1,-1,-1
194,22,1015.90,330.43,1050.59,414.77,1,-1,-1,-1
194,27,388.31,390.29,444.44,515.49,1,-1,-1,-1
194,32,1043.37,357.38,1078.52,446.58,1,-1,-1,-1
194,45,233.38,507.63,316.24,696.70,1,-1,-1,-1
194,50,820.71,164.87,833.16,199.02,1,-1,-1,-1
195,13,1318.09,446.01,1376.02,579.85,1,-1,-1,-1
195,14,835.10,196.97,860.89,234.01,1,-1,-1,-1
195,15,597.43,401.06,649.99,527.64,1,-1,-1,-1
195,16,980.32,419.15,1029.69,537.48,1,-1,-1,-1
195,22,1015.98,330.84,1050.60,414.87,1,-1,-1,-1
195,27,388.82,390.67,444.61,515.03,1,-1,-1,-1
195,32,1043.54,357.74,1078.34,446.22,1,-1,-1,-1
195,45,236.99,504.23,321.45,697.26,1,-1,-1,-1
195,50,820.67,164.29,833.27,199.03,1,-1,-1,-1
195,65,997.00,203.00,1017.00,242.00,1,-1,-1,-1
196,13,1318.19,445.03,1376.86,580.53,1,-1,-1,-1
196,14,835.08,196.98,860.89,234.01,1,-1,-1,-1
196,15,595.31,401.02,648.07,528.01,1,-1,-1,-1
196,16,981.25,419.73,1030.33,537.34,1,-1,-1,-1
196,22,1015.89,330.32,1050.74,414.92,1,-1,-1,-1
196,27,388.88,390.17,444.83,514.88,1,-1,-1,-1
196,31,874.16,176.06,882.30,200.07,1,-1,-1,-1
196,32,1043.73,358.54,1078.14,446.08,1,-1,-1,-1
196,45,239.20,503.62,323.70,696.86,1,-1,-1,-1
196,50,817.91,166.04,829.51,197.07,1,-1,-1,-1
196,65,997.00,203.00,1017.00,242.00,1,-1,-1,-1
197,13,1317.89,440.77,1378.14,580.15,1,-1,-1,-1
197,14,835.07,196.98,860.90,234.01,1,-1,-1,-1
197,15,594.57,401.00,647.41,528.14,1,-1,-1,-1
197,16,982.16,420.60,1030.57,536.61,1,-1,-1,-1
197,22,1015.87,330.12,1050.81,414.94,1,-1,-1,-1
197,27,388.88,392.63,444.28,516.16,1,-1,-1,-1
197,31,874.03,176.03,882.57,200.02,1,-1,-1,-1
197,32,1043.82,358.85,1078.07,446.03,1,-1,-1,-1
197,45,244.47,504.10,327.78,694.76,1,-1,-1,-1
197,50,816.74,166.74,828.10,196.29,1,-1,-1,-1
197,65,997.00,203.00,1017.00,242.00,1,-1,-1,-1
198,13,1317.91,438.52,1378.46,578.71,1,-1,-1,-1
198,14,835.84,197.64,860.80,233.35,1,-1,-1,-1
198,15,594.18,401.65,646.73,528.18,1,-1,-1,-1
198,16,982.17,420.93,1030.23,536.31,1,-1,-1,-1
198,22,1015.64,330.14,1050.54,414.85,1,-1,-1,-1
198,27,389.27,393.57,444.36,516.65,1,-1,-1,-1
198,31,878.04,176.02,886.65,200.67,1,-1,-1,-1
198,32,1043.97,358.96,1077.93,445.35,1,-1,-1,-1
198,45,247.16,504.34,329.72,693.32,1,-1,-1,-1
198,50,816.38,166.98,827.59,195.34,1,-1,-1,-1
198,65,996.62,203.00,1016.67,242.00,1,-1,-1,-1
199,13,1318.41,438.36,1378.06,576.19,1,-1,-1,-1
199,14,836.12,197.90,860.78,233.10,1,-1,-1,-1
199,15,590.99,403.22,642.37,526.85,1,-1,-1,-1
199,16,981.82,420.38,1030.36,536.85,1,-1,-1,-1
199,22,1011.58,329.26,1047.33,415.73,1,-1,-1,-1
199,27,389.57,394.58,444.24,516.85,1,-1,-1,-1
199,31,879.68,176.02,888.59,201.57,1,-1,-1,-1
199,32,1043.92,359.00,1078.00,445.75,1,-1,-1,-1
199,45,252.43,504.47,334.56,692.15,1,-1,-1,-1
199,50,816.07,166.37,827.63,195.01,1,-1,-1,-1
199,65,996.46,203.00,1016.57,242.00,1,-1,-1,-1
200,13,1320.55,435.72,1381.84,576.56,1,-1,-1,-1
200,14,836.20,197.99,860.78,233.01,1,-1,-1,-1
200,15,589.06,403.81,640.25,527.00,1,-1,-1,-1
200,16,981.42,419.51,1030.62,537.70,1,-1,-1,-1
200,22,1010.33,329.06,1046.23,415.92,1,-1,-1,-1
200,27,389.70,392.96,444.18,514.93,1,-1,-1,-1
200,31,881.18,176.67,889.68,200.60,1,-1,-1,-1
200,32,1044.01,359.02,1077.91,445.25,1,-1,-1,-1
200,45,254.93,500.57,337.60,689.76,1,-1,-1,-1
200,50,815.90,166.15,827.72,194.90,1,-1,-1,-1
200,65,996.39,203.00,1016.56,242.00,1,-1,-1,-1
201,13,1321.87,435.42,1383.36,576.05,1,-1,-1,-1
201,14,836.22,198.02,860.80,232.97,1,-1,-1,-1
201,15,587.91,403.36,639.35,527.05,1,-1,-1,-1
201,16,981.42,419.18,1031.16,538.67,1,-1,-1,-1
201,22,1009.89,328.99,1045.85,415.98,1,-1,-1,-1
201,27,389.51,391.68,444.41,514.88,1,-1,-1,-1
201,31,882.03,177.60,890.37,200.21,1,-1,-1,-1
201,32,1040.85,357.69,1075.77,446.38,1,-1,-1,-1
201,45,259.58,499.14,342.06,688.23,1,-1,-1,-1
201,50,815.80,166.07,827.83,194.87,1,-1,-1,-1
201,65,996.36,203.00,1016.58,242.00,1,-1,-1,-1
201,66,1371.23,452.02,1421.56,564.18,1,-1,-1,-1
202,13,1322.16,434.70,1384.11,575.88,1,-1,-1,-1
202,14,836.59,198.03,861.10,232.97,1,-1,-1,-1
202,15,587.53,403.18,639.09,527.07,1,-1,-1,-1
202,16,981.39,419.05,1031.33,539.03,1,-1,-1,-1
202,22,1009.86,329.63,1045.62,416.01,1,-1,-1,-1
202,27,389.57,393.84,443.71,515.53,1,-1,-1,-1
202,31,885.91,176.57,895.12,201.43,1,-1,-1,-1
202,32,1039.78,357.86,1074.89,446.81,1,-1,-1,-1
202,45,263.50,501.29,343.32,684.40,1,-1,-1,-1
202,50,815.72,166.03,827.95,194.87,1,-1,-1,-1
202,65,996.33,203.00,1016.61,242.00,1,-1,-1,-1
202,66,1371.37,452.82,1420.89,563.11,1,-1,-1,-1
203,13,1322.66,431.85,1384.60,573.20,1,-1,-1,-1
203,14,836.74,198.03,861.20,232.97,1,-1,-1,-1
203,15,587.04,402.45,638.80,527.07,1,-1,-1,-1
203,16,981.46,419.66,1031.25,539.15,1,-1,-1,-1
203,22,1009.26,329.62,1045.04,416.04,1,-1,-1,-1
203,27,389.36,394.00,443.68,516.46,1,-1,-1,-1
203,31,887.61,176.22,897.08,201.20,1,-1,-1,-1
203,32,1039.35,357.92,1074.59,446.97,1,-1,-1,-1
203,45,267.71,500.83,347.43,683.66,1,-1,-1,-1
203,50,815.53,166.02,828.17,195.55,1,-1,-1,-1
203,65,996.30,203.00,1016.64,242.00,1,-1,-1,-1
203,66,1371.90,453.80,1420.17,561.32,1,-1,-1,-1
204,13,1322.73,430.16,1384.86,572.20,1,-1,-1,-1
204,14,836.81,198.03,861.22,232.97,1,-1,-1,-1
204,15,583.26,402.17,635.14,527.06,1,-1,-1,-1
204,16,982.07,420.56,1031.25,538.52,1,-1,-1,-1
204,27,389.33,394.05,443.62,516.80,1,-1,-1,-1
204,31,888.15,176.07,897.82,201.10,1,-1,-1,-1
204,32,1039.19,357.95,1074.51,447.02,1,-1,-1,-1
204,45,269.81,500.68,349.51,683.44,1,-1,-1,-1
204,50,815.31,165.35,828.42,195.81,1,-1,-1,-1
204,65,996.28,203.00,1016.67,242.00,1,-1,-1,-1
204,66,1372.21,454.10,1419.80,560.06,1,-1,-1,-1
205,13,1322.76,429.56,1384.89,571.84,1,-1,-1,-1
205,14,836.84,198.02,861.21,232.97,1,-1,-1,-1
205,15,581.88,402.06,633.81,527.06,1,-1,-1,-1
205,16,982.27,420.89,1031.23,538.27,1,-1,-1,-1
205,27,389.36,394.07,443.57,516.94,1,-1,-1,-1
205,31,888.26,176.02,898.08,201.06,1,-1,-1,-1
205,32,1039.12,357.97,1074.51,447.04,1,-1,-1,-1
205,45,270.45,500.66,350.17,683.40,1,-1,-1,-1
205,50,815.22,165.10,828.54,195.91,1,-1,-1,-1
205,65,996.26,203.00,1016.70,242.00,1,-1,-1,-1
205,66,1372.29,454.17,1419.70,559.69,1,-1,-1,-1
206,13,1322.91,429.39,1384.72,571.07,1,-1,-1,-1
206,14,836.86,198.02,861.20,232.97,1,-1,-1,-1
206,15,580.76,401.36,632.72,526.39,1,-1,-1,-1
206,16,982.23,421.01,1031.30,538.16,1,-1,-1,-1
206,22,1010.84,331.72,1045.45,415.13,1,-1,-1,-1
206,27,389.19,393.41,443.74,516.99,1,-1,-1,-1
206,31,889.14,176.66,899.20,201.70,1,-1,-1,-1
206,32,1038.99,357.31,1074.66,447.05,1,-1,-1,-1
206,45,275.33,500.67,354.83,682.77,1,-1,-1,-1
206,50,814.93,164.35,828.85,196.60,1,-1,-1,-1
206,65,996.76,203.00,1016.86,241.33,1,-1,-1,-1
206,66,1372.29,454.18,1419.69,559.61,1,-1,-1,-1
207,13,1323.09,429.38,1384.49,570.14,1,-1,-1,-1
207,14,836.88,198.02,861.18,232.98,1,-1,-1,-1
207,15,579.78,400.43,632.31,526.80,1,-1,-1,-1
207,16,982.14,421.05,1031.36,538.11,1,-1,-1,-1
207,22,1011.03,331.97,1045.55,415.02,1,-1,-1,-1
207,27,389.49,393.15,444.10,517.00,1,-1,-1,-1
207,31,890.98,174.92,902.63,202.60,1,-1,-1,-1
207,32,1041.78,357.07,1077.15,446.39,1,-1,-1,-1
207,45,277.78,501.37,356.39,681.25,1,-1,-1,-1
207,50,814.83,164.07,828.97,196.87,1,-1,-1,-1
207,65,996.95,203.00,1016.93,241.08,1,-1,-1,-1
207,66,1372.79,454.16,1419.88,558.94,1,-1,-1,-1
208,13,1323.38,430.08,1384.13,569.16,1,-1,-1,-1
208,14,836.89,198.02,861.17,232.98,1,-1,-1,-1
208,15,579.58,400.75,632.10,526.95,1,-1,-1,-1
208,16,982.15,421.72,1031.30,538.09,1,-1,-1,-1
208,22,1011.07,332.06,1045.60,414.99,1,-1,-1,-1
208,27,391.61,389.76,448.17,517.67,1,-1,-1,-1
208,31,892.23,174.92,904.58,202.93,1,-1,-1,-1
208,32,1043.17,356.98,1078.45,446.13,1,-1,-1,-1
208,45,282.03,500.99,360.70,680.72,1,-1,-1,-1
208,50,814.81,163.97,829.01,196.97,1,-1,-1,-1
208,65,997.02,203.00,1016.95,240.99,1,-1,-1,-1
208,66,1372.97,454.14,1419.96,558.73,1,-1,-1,-1
209,13,1323.30,430.39,1383.49,568.15,1,-1,-1,-1
209,14,836.90,198.02,861.15,232.98,1,-1,-1,-1
209,15,575.69,399.55,629.36,528.32,1,-1,-1,-1
209,16,981.97,421.31,1031.43,538.07,1,-1,-1,-1
209,22,1010.81,332.08,1045.26,414.97,1,-1,-1,-1
209,27,392.86,388.49,449.89,517.27,1,-1,-1,-1
209,31,893.19,174.93,906.06,203.05,1,-1,-1,-1
209,32,1043.59,356.95,1079.05,446.70,1,-1,-1,-1
209,45,284.72,502.19,362.31,679.24,1,-1,-1,-1
209,50,814.44,163.93,828.75,197.01,1,-1,-1,-1
209,65,997.04,203.00,1016.97,240.96,1,-1,-1,-1
209,66,1373.02,454.12,1419.99,558.69,1,-1,-1,-1
210,13,1323.88,431.20,1383.27,567.14,1,-1,-1,-1
210,14,836.91,198.01,861.14,232.98,1,-1,-1,-1
210,15,573.96,399.11,628.02,528.84,1,-1,-1,-1
210,16,981.92,422.47,1030.77,537.40,1,-1,-1,-1
210,22,1010.96,332.75,1044.90,414.31,1,-1,-1,-1
210,27,392.81,388.01,450.41,517.76,1,-1,-1,-1
210,31,894.55,174.81,907.57,203.27,1,-1,-1,-1
210,32,1043.87,356.95,1079.14,446.25,1,-1,-1,-1
210,45,285.86,498.65,363.85,676.72,1,-1,-1,-1
210,50,814.29,163.93,828.67,197.02,1,-1,-1,-1
210,65,997.05,203.00,1016.97,240.96,1,-1,-1,-1
210,66,1373.17,454.10,1419.87,558.02,1,-1,-1,-1
211,13,1324.33,432.21,1382.93,566.12,1,-1,-1,-1
211,14,836.92,198.01,861.12,232.99,1,-1,-1,-1
211,15,572.88,398.95,627.40,529.68,1,-1,-1,-1
211,16,982.47,423.57,1030.59,536.48,1,-1,-1,-1
211,22,1011.02,332.99,1044.78,414.06,1,-1,-1,-1
211,27,393.12,387.85,450.90,517.95,1,-1,-1,-1
211,32,1043.86,356.29,1079.27,446.08,1,-1,-1,-1
211,45,289.53,496.03,368.26,675.82,1,-1,-1,-1
211,50,814.10,163.27,828.79,197.02,1,-1,-1,-1
211,65,997.05,203.00,1016.97,240.96,1,-1,-1,-1
211,66,1373.50,454.09,1420.22,557.81,1,-1,-1,-1
212,13,1324.59,432.60,1382.68,565.11,1,-1,-1,-1
212,14,836.92,198.01,861.11,232.99,1,-1,-1,-1
212,15,572.24,398.90,626.84,529.99,1,-1,-1,-1
212,16,983.13,424.64,1030.72,536.13,1,-1,-1,-1
212,22,1010.92,332.41,1044.87,413.97,1,-1,-1,-1
212,27,393.34,387.80,450.95,517.36,1,-1,-1,-1
212,31,899.25,178.25,912.88,206.44,1,-1,-1,-1
212,32,1044.04,356.04,1079.79,446.68,1,-1,-1,-1
212,45,291.35,494.40,370.59,675.53,1,-1,-1,-1
212,50,813.90,163.03,828.96,197.67,1,-1,-1,-1
212,65,997.08,203.00,1016.98,240.89,1,-1,-1,-1
212,66,1373.75,454.24,1420.14,557.24,1,-1,-1,-1
213,13,1325.11,433.43,1382.15,563.43,1,-1,-1,-1
213,14,837.12,198.67,860.90,232.99,1,-1,-1,-1
213,15,571.46,398.23,626.62,530.76,1,-1,-1,-1
213,16,983.59,425.69,1030.53,535.34,1,-1,-1,-1
213,22,1010.79,332.54,1044.63,413.84,1,-1,-1,-1
213,27,393.40,387.80,450.97,517.13,1,-1,-1,-1
213,31,900.81,178.46,914.56,206.90,1,-1,-1,-1
213,32,1044.47,355.96,1080.26,446.90,1,-1,-1,-1
213,45,292.91,491.84,371.04,670.85,1,-1,-1,-1
213,50,814.08,163.59,828.78,197.27,1,-1,-1,-1
213,65,997.04,203.00,1016.98,240.96,1,-1,-1,-1
214,13,1325.49,432.42,1381.07,558.82,1,-1,-1,-1
214,14,837.19,198.92,860.84,232.99,1,-1,-1,-1
214,15,570.62,397.33,626.52,531.69,1,-1,-1,-1
214,16,983.93,429.41,1030.28,537.73,1,-1,-1,-1
214,27,393.77,387.81,451.25,517.05,1,-1,-1,-1
214,32,1044.93,355.93,1080.79,446.99,1,-1,-1,-1
214,45,295.37,486.93,376.39,672.44,1,-1,-1,-1
214,50,814.14,163.82,828.73,197.11,1,-1,-1,-1
214,65,997.04,203.00,1016.98,240.97,1,-1,-1,-1
215,13,1326.10,432.05,1380.85,556.47,1,-1,-1,-1
215,14,837.39,199.01,860.63,232.33,1,-1,-1,-1
215,15,567.47,398.30,623.51,532.69,1,-1,-1,-1
215,16,984.33,430.76,1030.55,538.62,1,-1,-1,-1
215,27,394.16,388.49,451.08,516.35,1,-1,-1,-1
215,31,905.41,178.98,919.94,207.97,1,-1,-1,-1
215,32,1045.21,355.93,1080.87,446.36,1,-1,-1,-1
215,45,297.93,486.44,378.55,671.10,1,-1,-1,-1
215,50,817.50,162.59,833.32,199.03,1,-1,-1,-1
215,65,997.03,203.00,1016.98,240.97,1,-1,-1,-1
216,13,1326.33,430.58,1381.43,555.67,1,-1,-1,-1
216,14,837.44,199.04,860.58,232.08,1,-1,-1,-1
216,15,566.01,398.69,622.05,533.06,1,-1,-1,-1
216,16,984.57,431.90,1030.55,538.94,1,-1,-1,-1
216,27,394.66,388.76,451.30,516.09,1,-1,-1,-1
216,31,906.39,179.74,921.23,208.14,1,-1,-1,-1
216,32,1045.84,355.93,1081.67,446.78,1,-1,-1,-1
216,45,302.85,487.65,382.45,669.98,1,-1,-1,-1
216,50,818.77,162.14,834.95,199.73,1,-1,-1,-1
216,65,997.03,203.00,1016.98,240.98,1,-1,-1,-1
216,70,1719.88,299.22,1741.10,361.75,1,-1,-1,-1
217,13,1326.64,430.05,1381.41,554.09,1,-1,-1,-1
217,14,837.43,199.04,860.59,231.99,1,-1,-1,-1
217,15,565.02,398.85,621.39,533.84,1,-1,-1,-1
217,16,986.75,431.62,1033.11,539.72,1,-1,-1,-1
217,27,394.98,388.87,451.23,515.33,1,-1,-1,-1
217,31,908.06,180.02,923.00,208.59,1,-1,-1,-1
217,32,1045.86,355.28,1082.18,446.94,1,-1,-1,-1
217,45,306.23,490.15,383.51,666.95,1,-1,-1,-1
217,50,819.64,162.61,835.22,199.36,1,-1,-1,-1
217,65,997.03,203.00,1016.99,240.98,1,-1,-1,-1
217,70,1715.16,298.25,1736.63,361.13,1,-1,-1,-1
218,13,1326.70,429.87,1381.43,553.56,1,-1,-1,-1
218,14,837.20,198.38,860.81,231.96,1,-1,-1,-1
218,15,564.44,398.25,621.43,534.77,1,-1,-1,-1
218,16,988.06,432.14,1034.20,540.00,1,-1,-1,-1
218,27,395.37,388.91,451.57,515.05,1,-1,-1,-1
218,32,1045.59,354.38,1082.62,447.65,1,-1,-1,-1
218,45,308.13,491.14,384.34,665.19,1,-1,-1,-1
218,50,820.03,162.81,835.24,199.20,1,-1,-1,-1
218,65,997.02,203.00,1016.99,240.98,1,-1,-1,-1
218,70,1711.86,295.00,1735.50,363.89,1,-1,-1,-1
219,13,1327.07,429.46,1381.40,552.24,1,-1,-1,-1
219,14,837.31,198.79,860.70,231.95,1,-1,-1,-1
219,15,563.63,398.03,620.83,535.11,1,-1,-1,-1
219,16,988.73,432.31,1035.06,540.76,1,-1,-1,-1
219,27,395.39,387.61,452.46,515.62,1,-1,-1,-1
219,31,912.73,180.09,928.63,209.92,1,-1,-1,-1
219,32,1048.08,354.04,1085.41,447.92,1,-1,-1,-1
219,45,312.70,492.20,388.60,665.26,1,-1,-1,-1
219,50,820.22,162.89,835.17,199.13,1,-1,-1,-1
219,65,997.02,203.00,1016.99,240.98,1,-1,-1,-1
219,70,1705.74,293.92,1730.63,365.50,1,-1,-1,-1
220,14,837.33,198.94,860.68,231.96,1,-1,-1,-1
220,15,563.37,397.95,620.63,535.22,1,-1,-1,-1
220,16,988.73,431.68,1035.59,541.70,1,-1,-1,-1
220,27,395.37,387.13,452.80,515.83,1,-1,-1,-1
220,31,914.55,180.32,930.58,210.40,1,-1,-1,-1
220,32,1049.28,353.27,1086.88,448.02,1,-1,-1,-1
220,45,315.17,492.61,390.53,664.01,1,-1,-1,-1
220,50,820.33,162.93,835.07,199.10,1,-1,-1,-1
220,65,997.02,203.00,1016.99,240.99,1,-1,-1,-1
220,70,1699.41,294.26,1724.19,364.06,1,-1,-1,-1
221,14,837.03,199.00,860.32,231.96,1,-1,-1,-1
221,15,563.05,397.93,620.22,535.24,1,-1,-1,-1
221,16,988.74,431.42,1035.74,542.04,1,-1,-1,-1
221,27,397.63,384.98,456.57,517.24,1,-1,-1,-1
221,32,1049.79,352.33,1087.99,448.71,1,-1,-1,-1
221,45,316.30,492.12,391.47,662.92,1,-1,-1,-1
221,50,820.90,163.60,835.14,199.08,1,-1,-1,-1
221,65,997.02,203.00,1016.99,240.99,1,-1,-1,-1
221,70,1695.43,292.42,1721.58,364.82,1,-1,-1,-1
222,14,837.21,199.02,860.55,231.96,1,-1,-1,-1
222,15,561.00,400.56,616.14,533.25,1,-1,-1,-1
222,16,988.92,431.30,1036.24,542.81,1,-1,-1,-1
222,27,399.11,384.83,457.99,517.11,1,-1,-1,-1
222,32,1050.15,351.33,1088.86,448.96,1,-1,-1,-1
222,45,319.95,491.27,395.71,663.23,1,-1,-1,-1
222,50,820.78,163.86,834.81,199.07,1,-1,-1,-1
222,65,997.01,203.00,1016.99,240.99,1,-1,-1,-1
222,70,1689.95,291.11,1716.89,364.42,1,-1,-1,-1
222,71,1652.91,294.21,1682.01,362.78,1,-1,-1,-1
223,14,837.26,199.02,860.66,231.97,1,-1,-1,-1
223,15,560.30,401.57,614.60,532.47,1,-1,-1,-1
223,16,988.99,431.24,1036.40,543.08,1,-1,-1,-1
223,27,399.68,384.79,458.48,517.06,1,-1,-1,-1
223,32,1050.27,350.96,1089.18,449.06,1,-1,-1,-1
223,45,321.18,490.97,397.23,663.39,1,-1,-1,-1
223,50,820.75,163.96,834.64,199.06,1,-1,-1,-1
223,65,997.01,203.00,1016.99,240.99,1,-1,-1,-1
223,70,1687.86,290.66,1715.36,364.25,1,-1,-1,-1
223,71,1650.81,293.93,1680.17,363.02,1,-1,-1,-1
224,14,837.26,199.02,860.72,231.97,1,-1,-1,-1
224,15,560.11,401.94,614.05,532.18,1,-1,-1,-1
224,16,989.00,431.20,1036.42,543.17,1,-1,-1,-1
224,27,399.90,384.79,458.62,517.04,1,-1,-1,-1
224,32,1050.29,350.83,1089.27,449.08,1,-1,-1,-1
224,45,321.52,490.87,397.71,663.49,1,-1,-1,-1
224,50,820.75,164.00,834.55,199.05,1,-1,-1,-1
224,65,997.01,203.00,1016.99,240.99,1,-1,-1,-1
224,70,1687.10,290.54,1715.06,364.17,1,-1,-1,-1
224,71,1650.34,293.87,1679.77,363.09,1,-1,-1,-1
225,14,837.25,199.02,860.75,231.98,1,-1,-1,-1
225,15,560.11,402.07,613.86,532.07,1,-1,-1,-1
225,16,989.01,431.18,1036.41,543.19,1,-1,-1,-1
225,27,399.97,384.81,458.63,517.03,1,-1,-1,-1
225,32,1050.27,350.80,1089.28,449.09,1,-1,-1,-1
225,45,321.52,490.85,397.82,663.56,1,-1,-1,-1
225,50,820.76,164.01,834.48,199.04,1,-1,-1,-1
225,65,997.01,203.00,1016.99,240.99,1,-1,-1,-1
225,70,1686.82,290.53,1715.20,364.13,1,-1,-1,-1
225,71,1650.33,293.87,1679.80,363.09,1,-1,-1,-1
226,14,836.94,199.02,860.40,231.98,1,-1,-1,-1
226,15,559.69,405.42,612.30,532.69,1,-1,-1,-1
226,16,989.55,431.15,1037.15,543.84,1,-1,-1,-1
226,27,402.04,386.80,459.19,515.71,1,-1,-1,-1
226,32,1051.19,350.81,1090.30,449.08,1,-1,-1,-1
226,45,328.00,490.19,401.80,657.66,1,-1,-1,-1
226,50,820.73,162.69,835.14,199.70,1,-1,-1,-1
226,65,997.01,203.00,1016.99,240.99,1,-1,-1,-1
226,70,1684.01,289.73,1712.76,364.31,1,-1,-1,-1
226,71,1648.45,293.61,1678.11,363.27,1,-1,-1,-1
227,14,836.64,198.36,860.46,231.98,1,-1,-1,-1
227,15,559.01,406.01,612.33,534.93,1,-1,-1,-1
227,16,989.64,431.14,1037.52,544.73,1,-1,-1,-1
227,27,402.97,386.91,459.87,515.20,1,-1,-1,-1
227,32,1055.01,351.48,1093.76,448.42,1,-1,-1,-1
227,45,334.86,491.96,406.07,654.11,1,-1,-1,-1
227,50,820.85,162.85,835.25,199.94,1,-1,-1,-1
227,65,997.01,203.00,1016.99,240.99,1,-1,-1,-1
228,14,837.13,198.76,860.53,231.98,1,-1,-1,-1
228,15,558.54,405.54,612.61,536.41,1,-1,-1,-1
228,16,989.69,431.12,1037.61,545.06,1,-1,-1,-1
228,27,405.21,384.97,463.49,516.34,1,-1,-1,-1
228,32,1056.77,351.75,1095.37,448.16,1,-1,-1,-1
228,42,1324.22,226.01,1354.74,292.99,1,-1,-1,-1
228,45,341.01,498.02,406.52,647.47,1,-1,-1,-1
228,50,820.89,162.91,835.27,200.03,1,-1,-1,-1
228,65,997.01,203.00,1017.00,240.99,1,-1,-1,-1
229,14,837.36,198.92,860.53,231.98,1,-1,-1,-1
229,15,558.04,405.35,612.46,536.96,1,-1,-1,-1
229,16,989.61,431.11,1037.73,545.82,1,-1,-1,-1
229,27,406.68,384.24,465.47,516.77,1,-1,-1,-1
229,32,1057.90,352.52,1096.11,447.40,1,-1,-1,-1
229,42,1321.78,225.36,1352.32,292.39,1,-1,-1,-1
229,45,346.95,497.52,412.34,647.17,1,-1,-1,-1
229,50,820.92,162.94,835.26,200.06,1,-1,-1,-1
229,65,997.01,203.00,1017.00,241.00,1,-1,-1,-1
230,14,837.47,198.98,860.50,231.99,1,-1,-1,-1
230,15,558.47,405.26,612.49,535.83,1,-1,-1,-1
230,16,988.68,430.44,1038.64,550.04,1,-1,-1,-1
230,27,406.96,383.32,466.44,517.59,1,-1,-1,-1
230,32,1058.61,352.82,1096.69,447.11,1,-1,-1,-1
230,42,1318.92,225.70,1348.59,291.18,1,-1,-1,-1
230,45,351.03,493.95,418.95,649.81,1,-1,-1,-1
230,50,820.93,162.96,835.24,200.07,1,-1,-1,-1
230,65,997.01,203.00,1017.00,241.00,1,-1,-1,-1
231,14,837.16,199.00,860.17,231.99,1,-1,-1,-1
231,15,558.38,405.20,612.16,535.38,1,-1,-1,-1
231,16,988.38,430.18,1038.92,551.61,1,-1,-1,-1
231,27,407.68,383.64,466.78,517.25,1,-1,-1,-1
231,32,1059.47,352.93,1097.57,447.01,1,-1,-1,-1
231,42,1316.42,225.16,1346.03,290.51,1,-1,-1,-1
231,45,354.80,495.95,420.23,646.19,1,-1,-1,-1
231,50,820.94,162.97,835.22,200.06,1,-1,-1,-1
231,65,997.15,203.00,1016.85,240.34,1,-1,-1,-1
232,13,1342.24,429.92,1392.45,541.91,1,-1,-1,-1
232,14,837.05,199.01,860.05,231.99,1,-1,-1,-1
232,15,557.55,403.85,612.23,536.52,1,-1,-1,-1
232,16,988.31,430.08,1038.96,552.19,1,-1,-1,-1
232,27,408.32,384.43,466.46,515.79,1,-1,-1,-1
232,32,1059.97,353.64,1097.66,446.31,1,-1,-1,-1
232,45,358.60,496.17,423.23,644.59,1,-1,-1,-1
232,50,821.16,163.63,834.98,199.40,1,-1,-1,-1
232,65,997.05,203.00,1016.96,240.75,1,-1,-1,-1
232,71,1608.25,276.66,1642.09,354.42,1,-1,-1,-1
233,13,1343.27,429.87,1393.10,541.01,1,-1,-1,-1
233,14,837.00,199.01,860.01,231.99,1,-1,-1,-1
233,15,557.52,403.99,612.00,536.29,1,-1,-1,-1
233,16,988.49,430.04,1039.41,553.03,1,-1,-1,-1
233,27,409.39,385.41,466.76,515.24,1,-1,-1,-1
233,32,1062.05,353.90,1099.72,446.71,1,-1,-1,-1
233,50,821.54,164.55,834.58,198.47,1,-1,-1,-1
233,65,997.01,203.00,1016.99,240.91,1,-1,-1,-1
233,71,1603.60,274.91,1637.86,353.64,1,-1,-1,-1
234,14,836.99,199.01,859.99,231.99,1,-1,-1,-1
234,15,557.43,404.04,612.05,536.85,1,-1,-1,-1
234,16,988.74,429.37,1040.03,553.32,1,-1,-1,-1
234,27,410.08,385.78,467.19,515.03,1,-1,-1,-1
234,32,1063.21,354.00,1100.70,446.21,1,-1,-1,-1
234,50,821.70,164.90,834.40,198.12,1,-1,-1,-1
234,65,996.99,203.00,1017.01,240.97,1,-1,-1,-1
235,14,837.18,199.01,859.79,231.33,1,-1,-1,-1
235,15,554.48,404.71,608.42,535.73,1,-1,-1,-1
235,16,991.79,429.76,1042.53,552.74,1,-1,-1,-1
235,22,1015.91,333.01,1049.99,414.98,1,-1,-1,-1
235,27,412.58,384.60,470.35,515.63,1,-1,-1,-1
235,32,1064.20,354.70,1101.10,445.36,1,-1,-1,-1
235,50,821.99,165.69,834.10,197.33,1,-1,-1,-1
235,65,996.99,203.00,1017.01,240.99,1,-1,-1,-1
236,14,837.24,199.01,859.73,231.08,1,-1,-1,-1
236,15,553.38,404.96,607.07,535.29,1,-1,-1,-1
236,16,992.99,429.92,1043.44,552.49,1,-1,-1,-1
236,22,1016.02,333.01,1050.10,415.01,1,-1,-1,-1
236,27,413.52,384.16,471.47,515.85,1,-1,-1,-1
236,32,1064.52,354.95,1101.22,445.04,1,-1,-1,-1
236,50,822.09,165.97,833.99,197.04,1,-1,-1,-1
236,65,996.99,203.00,1017.01,241.00,1,-1,-1,-1
237,14,837.04,199.01,859.93,231.66,1,-1,-1,-1
237,15,552.60,405.05,606.33,535.12,1,-1,-1,-1
237,16,994.80,429.98,1043.70,549.08,1,-1,-1,-1
237,22,1016.16,333.01,1050.03,414.36,1,-1,-1,-1
237,27,414.65,383.99,472.36,515.28,1,-1,-1,-1
237,31,949.22,187.95,963.73,216.04,1,-1,-1,-1
237,32,1065.54,355.04,1102.29,444.94,1,-1,-1,-1
237,50,822.11,166.07,833.95,196.95,1,-1,-1,-1
237,65,996.46,203.00,1016.88,241.66,1,-1,-1,-1
238,14,836.97,199.01,860.00,231.87,1,-1,-1,-1
238,15,552.30,405.07,606.12,535.06,1,-1,-1,-1
238,16,995.78,430.00,1044.13,547.75,1,-1,-1,-1
238,22,1015.94,333.01,1049.59,414.11,1,-1,-1,-1
238,27,415.06,383.94,472.64,515.06,1,-1,-1,-1
238,31,951.22,188.37,965.70,216.39,1,-1,-1,-1
238,32,1066.13,355.07,1103.07,444.90,1,-1,-1,-1
238,50,822.11,166.09,833.94,196.92,1,-1,-1,-1
238,65,996.25,203.00,1016.84,241.91,1,-1,-1,-1
239,14,836.95,199.01,860.03,231.96,1,-1,-1,-1
239,15,551.90,405.08,605.72,535.03,1,-1,-1,-1
239,16,995.54,430.01,1044.85,550.58,1,-1,-1,-1
239,22,1015.98,333.01,1049.29,413.35,1,-1,-1,-1
239,27,415.56,383.92,472.97,514.99,1,-1,-1,-1
239,32,1066.43,355.07,1103.88,445.57,1,-1,-1,-1
239,50,822.10,166.09,833.94,196.92,1,-1,-1,-1
239,65,996.16,203.00,1016.84,242.00,1,-1,-1,-1
239,71,1573.45,272.45,1605.20,344.31,1,-1,-1,-1
240,14,837.52,199.01,860.12,231.33,1,-1,-1,-1
240,15,551.78,405.07,605.61,535.02,1,-1,-1,-1
240,16,995.60,430.66,1044.93,551.62,1,-1,-1,-1
240,22,1015.89,332.34,1049.28,413.07,1,-1,-1,-1
240,27,416.04,383.93,473.40,514.96,1,-1,-1,-1
240,32,1066.73,355.07,1104.60,445.82,1,-1,-1,-1
240,50,822.09,166.09,833.95,196.92,1,-1,-1,-1
240,65,995.98,202.34,1016.99,242.03,1,-1,-1,-1
240,71,1571.53,273.27,1602.57,343.05,1,-1,-1,-1
241,14,837.75,199.67,860.14,231.76,1,-1,-1,-1
241,15,551.37,405.07,605.32,535.01,1,-1,-1,-1
241,16,996.14,430.92,1045.06,551.35,1,-1,-1,-1
241,22,1015.86,332.09,1049.25,412.97,1,-1,-1,-1
241,27,416.07,383.27,473.65,514.96,1,-1,-1,-1
241,32,1069.13,354.40,1107.81,446.58,1,-1,-1,-1
241,50,821.97,166.08,834.06,197.60,1,-1,-1,-1
241,65,995.91,202.09,1017.05,242.04,1,-1,-1,-1
241,71,1565.76,272.79,1597.20,343.33,1,-1,-1,-1
241,75,808.36,166.23,821.66,195.79,1,-1,-1,-1
242,14,837.46,199.25,859.86,231.25,1,-1,-1,-1
242,15,550.37,403.74,605.45,536.33,1,-1,-1,-1
242,16,996.77,431.67,1045.30,551.23,1,-1,-1,-1
242,22,1016.14,332.00,1049.61,412.94,1,-1,-1,-1
242,27,416.24,383.03,474.19,515.62,1,-1,-1,-1
242,32,1070.77,353.49,1110.19,446.87,1,-1,-1,-1
242,50,822.04,166.07,833.99,197.19,1,-1,-1,-1
242,65,996.04,202.66,1016.92,242.04,1,-1,-1,-1
242,71,1559.65,273.31,1590.89,342.78,1,-1,-1,-1
242,75,808.23,166.77,821.07,195.28,1,-1,-1,-1
243,14,837.34,199.09,859.77,231.06,1,-1,-1,-1
243,15,550.00,403.24,605.52,536.83,1,-1,-1,-1
243,16,997.60,433.27,1045.42,551.17,1,-1,-1,-1
243,22,1016.22,331.31,1049.77,412.27,1,-1,-1,-1
243,27,416.27,382.94,474.36,515.87,1,-1,-1,-1
243,32,1072.11,352.49,1112.28,446.97,1,-1,-1,-1
243,50,821.78,166.06,833.58,197.04,1,-1,-1,-1
243,65,996.47,202.88,1017.16,242.04,1,-1,-1,-1
243,71,1552.80,272.87,1584.11,342.63,1,-1,-1,-1
243,75,808.18,166.96,820.86,195.08,1,-1,-1,-1
244,14,837.27,199.03,859.75,231.00,1,-1,-1,-1
244,15,551.05,405.68,605.07,535.70,1,-1,-1,-1
244,16,1001.01,434.53,1047.64,549.81,1,-1,-1,-1
244,22,1016.23,331.05,1049.83,412.02,1,-1,-1,-1
244,27,417.05,382.92,474.93,515.31,1,-1,-1,-1
244,32,1075.23,352.11,1115.63,447.01,1,-1,-1,-1
244,50,821.70,166.05,833.41,196.98,1,-1,-1,-1
244,65,996.46,202.88,1017.18,242.10,1,-1,-1,-1
244,71,1550.04,273.41,1580.85,341.94,1,-1,-1,-1
244,75,808.55,167.02,821.14,195.02,1,-1,-1,-1
245,14,837.23,199.01,859.76,230.97,1,-1,-1,-1
245,15,547.09,404.62,601.98,536.58,1,-1,-1,-1
245,16,1002.35,434.32,1049.04,549.96,1,-1,-1,-1
245,22,1016.22,330.96,1049.87,411.94,1,-1,-1,-1
245,27,418.77,380.27,478.95,517.73,1,-1,-1,-1
245,32,1076.61,351.31,1117.27,447.03,1,-1,-1,-1
245,50,821.69,166.05,833.33,196.97,1,-1,-1,-1
245,71,1549.23,272.96,1579.89,341.04,1,-1,-1,-1
245,75,808.36,167.04,820.85,194.99,1,-1,-1,-1
