3,6,485.13,538.00,559.09,718.42,1,-1,-1,-1
3,7,938.39,528.88,1011.52,705.61,1,-1,-1,-1
3,8,1032.56,515.76,1119.42,727.46,1,-1,-1,-1
3,9,1169.95,423.18,1339.07,833.82,1,-1,-1,-1
4,6,485.34,539.54,557.86,716.37,1,-1,-1,-1
4,7,939.45,527.94,1012.37,704.06,1,-1,-1,-1
4,8,1028.31,515.21,1115.21,727.00,1,-1,-1,-1
4,9,1176.98,427.83,1342.22,829.17,1,-1,-1,-1
5,6,486.16,541.51,556.75,713.53,1,-1,-1,-1
5,7,940.28,526.88,1013.05,702.65,1,-1,-1,-1
5,8,1026.97,515.03,1113.89,726.88,1,-1,-1,-1
5,9,1179.35,429.76,1342.90,827.24,1,-1,-1,-1
6,6,486.74,542.86,556.11,711.95,1,-1,-1,-1
6,8,1026.53,515.69,1112.88,726.15,1,-1,-1,-1
6,9,1181.05,432.37,1341.99,823.91,1,-1,-1,-1
7,6,481.78,539.69,553.22,713.65,1,-1,-1,-1
7,8,1027.17,517.33,1111.88,723.80,1,-1,-1,-1
7,9,1182.78,435.20,1341.07,820.82,1,-1,-1,-1
7,15,1088.38,473.58,1206.62,767.62,1,-1,-1,-1
7,16,934.11,527.25,1007.75,701.97,1,-1,-1,-1
8,6,480.57,540.64,551.08,712.21,1,-1,-1,-1
8,8,1027.15,517.91,1111.21,722.99,1,-1,-1,-1
8,9,1183.37,436.73,1340.61,819.93,1,-1,-1,-1
8,15,1085.01,476.41,1200.60,763.75,1,-1,-1,-1
8,16,936.14,523.24,1012.33,704.20,1,-1,-1,-1
9,6,480.60,541.67,549.92,710.36,1,-1,-1,-1
9,8,1027.27,518.79,1110.25,721.37,1,-1,-1,-1
9,9,1184.08,438.51,1339.85,818.37,1,-1,-1,-1
9,15,1085.20,480.23,1197.31,758.88,1,-1,-1,-1
9,16,935.23,526.31,1008.89,701.30,1,-1,-1,-1
10,6,481.35,544.09,548.86,708.37,1,-1,-1,-1
10,8,1027.73,519.77,1109.56,719.45,1,-1,-1,-1
10,9,1184.76,440.39,1339.06,816.58,1,-1,-1,-1
10,15,1088.06,485.05,1193.54,747.18,1,-1,-1,-1
10,16,934.91,527.49,1007.61,700.25,1,-1,-1,-1
11,6,481.60,545.63,547.91,707.02,1,-1,-1,-1
11,8,1027.32,520.33,1108.47,718.35,1,-1,-1,-1
11,9,1189.16,440.95,1343.42,816.05,1,-1,-1,-1
11,15,1087.21,485.78,1194.21,751.51,1,-1,-1,-1
11,16,934.94,527.89,1007.04,699.21,1,-1,-1,-1
12,6,481.54,546.15,547.12,705.91,1,-1,-1,-1
12,9,1190.29,439.69,1346.08,817.31,1,-1,-1,-1
12,15,1086.70,485.94,1194.01,752.34,1,-1,-1,-1
12,16,934.50,527.33,1007.32,700.26,1,-1,-1,-1
13,6,481.86,548.34,545.87,704.20,1,-1,-1,-1
13,9,1190.38,439.15,1346.61,817.19,1,-1,-1,-1
13,15,1087.62,485.90,1192.89,747.25,1,-1,-1,-1
13,16,934.66,527.81,1007.13,699.97,1,-1,-1,-1
14,6,474.59,537.54,545.38,709.76,1,-1,-1,-1
14,9,1190.38,438.88,1346.74,816.54,1,-1,-1,-1
14,15,1087.82,485.09,1192.69,745.52,1,-1,-1,-1
14,16,937.16,524.58,1011.43,701.24,1,-1,-1,-1
15,6,471.93,535.04,544.03,710.41,1,-1,-1,-1
15,8,1026.29,511.82,1111.13,718.64,1,-1,-1,-1
15,9,1187.85,428.69,1349.89,819.71,1,-1,-1,-1
15,15,1092.76,477.24,1206.89,760.70,1,-1,-1,-1
15,16,936.96,517.40,1014.78,703.05,1,-1,-1,-1
16,6,471.71,536.04,542.77,708.73,1,-1,-1,-1
16,8,1020.91,509.05,1107.86,720.72,1,-1,-1,-1
16,9,1187.83,426.88,1350.08,818.28,1,-1,-1,-1
16,15,1095.52,477.05,1210.93,763.50,1,-1,-1,-1
16,16,937.18,515.39,1015.72,703.07,1,-1,-1,-1
17,6,466.50,532.49,540.23,711.41,1,-1,-1,-1
17,8,1020.03,508.26,1107.18,720.40,1,-1,-1,-1
17,9,1188.59,428.17,1349.30,815.13,1,-1,-1,-1
17,15,1045.10,495.47,1142.42,736.21,1,-1,-1,-1
17,16,937.42,514.66,1015.89,702.42,1,-1,-1,-1
18,6,464.65,531.84,538.62,711.11,1,-1,-1,-1
18,9,1190.10,431.34,1347.71,810.65,1,-1,-1,-1
18,15,1077.47,471.54,1193.13,758.71,1,-1,-1,-1
18,16,937.54,514.44,1015.89,702.16,1,-1,-1,-1
19,6,464.24,532.95,537.16,709.68,1,-1,-1,-1
19,9,1192.19,435.87,1345.52,805.02,1,-1,-1,-1
19,15,1040.02,492.18,1137.60,733.78,1,-1,-1,-1
19,16,938.57,516.39,1015.52,700.74,1,-1,-1,-1
20,6,464.35,534.73,535.80,707.82,1,-1,-1,-1
20,9,1189.92,426.12,1347.70,806.35,1,-1,-1,-1
20,15,1018.59,499.42,1109.96,725.48,1,-1,-1,-1
20,16,939.33,517.18,1015.64,700.20,1,-1,-1,-1
21,6,460.50,534.76,531.99,707.80,1,-1,-1,-1
21,9,1189.26,421.92,1348.96,807.54,1,-1,-1,-1
21,15,1072.08,475.34,1187.33,760.38,1,-1,-1,-1
21,16,939.63,517.51,1015.64,700.00,1,-1,-1,-1
22,6,458.40,535.45,529.36,707.14,1,-1,-1,-1
22,8,1011.28,500.31,1100.33,717.13,1,-1,-1,-1
22,9,1190.26,423.63,1347.49,804.10,1,-1,-1,-1
22,15,1089.14,467.67,1212.32,772.09,1,-1,-1,-1
22,16,939.51,516.99,1015.84,700.60,1,-1,-1,-1
23,6,456.72,535.19,527.61,706.72,1,-1,-1,-1
23,8,1010.50,499.74,1099.31,716.21,1,-1,-1,-1
23,9,1191.53,425.65,1346.67,802.18,1,-1,-1,-1
23,15,1101.52,465.73,1226.61,775.12,1,-1,-1,-1
23,16,939.78,516.81,1016.23,700.83,1,-1,-1,-1
24,8,1006.00,500.21,1094.60,715.90,1,-1,-1,-1
24,9,1192.66,427.77,1345.66,800.20,1,-1,-1,-1
24,15,1106.51,465.71,1231.99,776.19,1,-1,-1,-1
24,16,940.38,516.77,1016.52,700.26,1,-1,-1,-1
25,8,1004.68,501.08,1092.56,714.48,1,-1,-1,-1
25,9,1193.34,427.70,1345.69,798.56,1,-1,-1,-1
25,15,1107.58,463.20,1235.18,779.07,1,-1,-1,-1
25,16,944.35,518.76,1018.81,698.06,1,-1,-1,-1
25,27,452.20,536.74,522.86,705.24,1,-1,-1,-1
26,8,1003.91,501.45,1091.51,713.96,1,-1,-1,-1
26,15,1113.67,466.82,1238.80,776.21,1,-1,-1,-1
26,16,947.12,519.53,1020.38,695.90,1,-1,-1,-1
26,27,451.94,537.69,521.80,704.26,1,-1,-1,-1
27,8,1003.61,502.27,1090.57,713.13,1,-1,-1,-1
27,15,1121.84,472.28,1243.11,771.67,1,-1,-1,-1
27,16,948.22,520.49,1020.83,695.11,1,-1,-1,-1
27,27,451.71,538.00,521.00,703.22,1,-1,-1,-1
28,8,1004.57,505.26,1089.27,710.18,1,-1,-1,-1
28,15,1122.99,469.13,1246.91,774.47,1,-1,-1,-1
28,16,949.32,521.52,1020.92,693.51,1,-1,-1,-1
28,27,452.01,538.80,520.45,702.17,1,-1,-1,-1
28,22,1768.35,538.34,1843.30,703.42,1,-1,-1,-1
29,8,1005.74,507.75,1088.09,707.09,1,-1,-1,-1
29,15,1130.53,475.82,1249.46,767.63,1,-1,-1,-1
29,16,949.95,521.90,1021.33,692.94,1,-1,-1,-1
29,27,452.12,539.77,519.64,701.14,1,-1,-1,-1
29,22,1776.33,539.27,1849.63,701.30,1,-1,-1,-1
30,8,1007.37,511.36,1086.55,703.30,1,-1,-1,-1
30,15,1132.42,476.50,1250.92,766.19,1,-1,-1,-1
30,16,953.08,520.70,1025.19,693.42,1,-1,-1,-1
30,27,452.80,541.48,518.77,699.41,1,-1,-1,-1
30,22,1775.98,539.66,1848.16,699.95,1,-1,-1,-1
31,8,1003.95,511.32,1083.33,703.98,1,-1,-1,-1
31,15,1132.90,476.09,1252.02,766.29,1,-1,-1,-1
31,16,954.74,520.24,1027.40,694.28,1,-1,-1,-1
31,27,453.22,542.76,518.34,698.84,1,-1,-1,-1
31,22,1769.68,539.09,1842.07,700.30,1,-1,-1,-1
32,8,1003.57,513.30,1081.37,702.27,1,-1,-1,-1
32,15,1136.94,475.85,1256.42,766.91,1,-1,-1,-1
32,16,960.55,522.72,1030.90,691.32,1,-1,-1,-1
32,27,453.66,543.87,517.94,697.99,1,-1,-1,-1
32,22,1786.22,538.70,1858.32,699.27,1,-1,-1,-1
32,21,1712.93,538.47,1783.74,702.72,1,-1,-1,-1
33,8,1003.48,514.01,1080.71,701.68,1,-1,-1,-1
33,16,962.39,522.32,1033.16,692.22,1,-1,-1,-1
33,27,453.82,543.55,517.82,697.04,1,-1,-1,-1
33,22,1750.35,555.32,1819.01,709.55,1,-1,-1,-1
33,21,1792.25,540.39,1861.18,700.28,1,-1,-1,-1
34,8,1002.68,512.23,1081.32,703.52,1,-1,-1,-1
34,16,962.52,519.52,1035.09,693.90,1,-1,-1,-1
34,27,453.77,543.40,517.93,697.40,1,-1,-1,-1
34,22,1753.43,545.84,1822.69,702.29,1,-1,-1,-1
35,8,1001.94,512.66,1080.08,702.72,1,-1,-1,-1
35,15,1026.79,513.08,1105.36,705.24,1,-1,-1,-1
35,16,962.96,517.81,1036.64,695.19,1,-1,-1,-1
35,27,454.00,543.99,517.73,696.90,1,-1,-1,-1
35,22,1760.27,546.41,1829.09,701.87,1,-1,-1,-1
35,21,1764.39,543.07,1830.53,696.91,1,-1,-1,-1
36,15,1019.01,516.50,1093.92,699.72,1,-1,-1,-1
36,16,966.10,515.85,1041.35,697.01,1,-1,-1,-1
36,27,453.84,543.52,517.93,697.41,1,-1,-1,-1
36,21,1766.61,544.93,1831.47,696.42,1,-1,-1,-1
37,16,971.71,515.12,1047.78,698.35,1,-1,-1,-1
37,27,453.62,543.32,517.51,696.96,1,-1,-1,-1
37,21,1762.13,545.48,1826.99,697.73,1,-1,-1,-1
38,16,974.65,516.17,1049.98,697.56,1,-1,-1,-1
38,27,453.74,543.23,517.84,697.48,1,-1,-1,-1
38,21,1759.24,545.61,1824.01,698.24,1,-1,-1,-1
39,16,976.10,515.93,1051.62,697.90,1,-1,-1,-1
39,27,453.55,542.52,518.20,698.36,1,-1,-1,-1
39,21,1757.82,547.64,1820.67,696.42,1,-1,-1,-1
40,16,978.92,513.22,1057.05,701.31,1,-1,-1,-1
40,27,453.51,542.24,518.32,698.70,1,-1,-1,-1
40,21,1751.92,546.95,1815.31,697.86,1,-1,-1,-1
41,16,979.61,510.27,1059.99,703.89,1,-1,-1,-1
41,27,453.53,542.13,518.34,698.84,1,-1,-1,-1
41,22,1740.95,544.25,1808.40,699.01,1,-1,-1,-1
41,21,1764.62,548.02,1827.28,697.18,1,-1,-1,-1
42,16,979.19,507.20,1062.30,707.46,1,-1,-1,-1
42,27,453.51,542.74,517.72,698.23,1,-1,-1,-1
42,22,1742.21,544.31,1809.44,698.56,1,-1,-1,-1
42,21,1741.72,543.44,1807.45,700.09,1,-1,-1,-1
43,16,978.70,504.76,1064.02,710.10,1,-1,-1,-1
43,27,453.53,542.97,517.47,698.01,1,-1,-1,-1
43,21,1738.03,542.59,1804.19,700.63,1,-1,-1,-1
44,15,984.19,506.31,1067.06,708.57,1,-1,-1,-1
44,16,980.24,503.55,1066.55,711.27,1,-1,-1,-1
44,27,453.45,543.05,517.47,698.60,1,-1,-1,-1
44,21,1726.71,539.62,1795.34,702.82,1,-1,-1,-1
45,15,981.71,504.39,1066.08,709.67,1,-1,-1,-1
45,27,448.63,538.44,516.31,702.80,1,-1,-1,-1
45,21,1721.94,538.51,1791.59,703.64,1,-1,-1,-1
46,15,981.13,503.48,1066.89,711.56,1,-1,-1,-1
46,27,446.72,536.73,516.02,705.00,1,-1,-1,-1
46,21,1719.50,538.09,1789.73,703.95,1,-1,-1,-1
47,15,981.00,502.47,1068.19,713.63,1,-1,-1,-1
47,27,445.63,536.08,515.63,705.85,1,-1,-1,-1
47,21,1718.23,537.93,1789.06,704.71,1,-1,-1,-1
47,33,1440.04,506.21,1524.75,710.57,1,-1,-1,-1
48,15,980.73,501.44,1069.22,715.08,1,-1,-1,-1
48,27,445.09,535.84,515.63,706.80,1,-1,-1,-1
48,21,1720.82,537.67,1791.88,704.99,1,-1,-1,-1
48,33,1438.72,503.66,1525.60,713.37,1,-1,-1,-1
49,15,981.72,506.26,1068.82,716.30,1,-1,-1,-1
49,27,444.79,535.77,515.77,707.80,1,-1,-1,-1
49,33,1437.81,500.67,1527.05,716.41,1,-1,-1,-1
50,15,982.13,508.13,1068.96,717.43,1,-1,-1,-1
50,27,444.65,536.42,515.23,707.51,1,-1,-1,-1
50,33,1442.08,501.10,1530.66,716.00,1,-1,-1,-1
50,32,1709.56,540.31,1778.45,703.69,1,-1,-1,-1
51,15,982.16,508.16,1069.37,718.51,1,-1,-1,-1
51,27,444.51,536.03,515.14,707.37,1,-1,-1,-1
51,33,1438.85,498.57,1529.11,717.82,1,-1,-1,-1
51,32,1705.35,542.56,1772.77,702.21,1,-1,-1,-1
52,15,981.23,506.20,1070.01,720.23,1,-1,-1,-1
52,27,444.49,536.55,515.11,707.95,1,-1,-1,-1
52,33,1442.09,499.74,1531.53,717.74,1,-1,-1,-1
52,32,1703.64,544.71,1769.33,700.30,1,-1,-1,-1
53,15,980.39,504.14,1070.91,722.17,1,-1,-1,-1
53,27,444.26,536.76,514.69,707.50,1,-1,-1,-1
53,33,1443.42,500.26,1532.29,717.64,1,-1,-1,-1
53,32,1700.13,547.53,1763.42,697.54,1,-1,-1,-1
54,15,980.47,504.00,1071.03,722.25,1,-1,-1,-1
54,27,444.05,536.19,514.68,707.31,1,-1,-1,-1
54,33,1443.19,498.47,1533.23,719.57,1,-1,-1,-1
54,32,1699.18,549.83,1760.80,695.98,1,-1,-1,-1
55,15,981.13,505.92,1069.97,720.29,1,-1,-1,-1
55,27,444.47,536.64,514.87,707.22,1,-1,-1,-1
55,33,1442.76,496.51,1533.86,720.91,1,-1,-1,-1
55,32,1693.24,546.97,1757.30,698.36,1,-1,-1,-1
56,15,981.68,507.98,1068.78,718.20,1,-1,-1,-1
56,27,444.65,536.82,514.94,707.17,1,-1,-1,-1
56,33,1442.32,495.15,1534.33,722.69,1,-1,-1,-1
56,32,1690.71,545.95,1755.40,698.53,1,-1,-1,-1
57,15,983.10,511.41,1067.26,714.74,1,-1,-1,-1
57,27,444.85,536.89,514.85,706.49,1,-1,-1,-1
57,33,1442.05,494.01,1534.56,723.32,1,-1,-1,-1
57,32,1684.33,543.49,1750.94,699.99,1,-1,-1,-1
58,15,981.82,512.04,1065.56,714.37,1,-1,-1,-1
58,16,984.90,505.59,1070.16,711.35,1,-1,-1,-1
58,27,444.94,536.93,514.83,706.22,1,-1,-1,-1
58,33,1440.61,489.67,1536.59,728.12,1,-1,-1,-1
58,32,1681.58,542.56,1749.25,701.21,1,-1,-1,-1
59,16,985.27,508.04,1068.63,708.98,1,-1,-1,-1
59,27,444.97,536.94,514.84,706.11,1,-1,-1,-1
59,33,1439.94,487.42,1537.47,729.90,1,-1,-1,-1
59,32,1676.11,542.21,1744.03,701.02,1,-1,-1,-1
60,16,986.19,510.77,1067.44,706.27,1,-1,-1,-1
60,27,445.36,536.95,515.13,706.07,1,-1,-1,-1
60,33,1439.53,485.30,1538.57,731.83,1,-1,-1,-1
60,32,1674.88,544.73,1740.83,698.96,1,-1,-1,-1
61,7,1042.91,525.98,1109.06,685.98,1,-1,-1,-1
61,16,987.31,513.79,1066.17,703.93,1,-1,-1,-1
61,27,445.54,536.96,515.23,706.05,1,-1,-1,-1
61,21,1625.75,559.51,1684.52,694.28,1,-1,-1,-1
61,33,1440.08,486.49,1538.25,730.57,1,-1,-1,-1
61,32,1670.93,545.02,1736.06,697.52,1,-1,-1,-1
62,7,1043.65,525.33,1110.18,685.94,1,-1,-1,-1
62,16,987.84,514.87,1065.55,702.42,1,-1,-1,-1
62,27,446.03,536.97,515.51,705.37,1,-1,-1,-1
62,21,1620.64,560.77,1678.61,693.69,1,-1,-1,-1
62,33,1441.26,488.99,1537.12,727.37,1,-1,-1,-1
62,32,1669.46,545.78,1733.91,697.00,1,-1,-1,-1
63,7,1044.30,525.10,1111.44,685.94,1,-1,-1,-1
63,16,987.62,515.23,1065.03,701.89,1,-1,-1,-1
63,27,451.19,540.94,517.26,701.15,1,-1,-1,-1
63,21,1628.35,544.34,1697.54,702.27,1,-1,-1,-1
63,33,1441.25,488.06,1537.84,728.25,1,-1,-1,-1
63,32,1669.32,546.72,1732.98,696.16,1,-1,-1,-1
64,7,1047.98,525.02,1115.12,685.94,1,-1,-1,-1
64,16,982.69,512.63,1062.24,704.43,1,-1,-1,-1
64,27,453.05,542.46,518.03,700.21,1,-1,-1,-1
64,22,1670.51,548.98,1732.54,692.98,1,-1,-1,-1
64,21,1624.81,543.46,1694.62,702.79,1,-1,-1,-1
64,32,1666.60,547.15,1729.84,695.61,1,-1,-1,-1
65,7,1049.99,525.67,1117.02,685.27,1,-1,-1,-1
65,15,978.76,509.30,1060.68,707.19,1,-1,-1,-1
65,16,982.49,512.97,1061.79,704.14,1,-1,-1,-1
65,27,453.22,542.32,518.12,699.89,1,-1,-1,-1
65,22,1642.89,543.51,1710.91,699.85,1,-1,-1,-1
66,7,1050.00,521.83,1118.27,684.34,1,-1,-1,-1
66,15,978.53,509.80,1060.01,706.83,1,-1,-1,-1
66,27,453.31,541.59,518.76,700.46,1,-1,-1,-1
66,22,1642.44,541.11,1712.82,701.41,1,-1,-1,-1
67,7,1049.69,517.75,1120.90,686.69,1,-1,-1,-1
67,15,979.79,516.63,1057.78,705.38,1,-1,-1,-1
67,27,453.00,540.64,519.32,701.35,1,-1,-1,-1
67,22,1637.43,540.52,1708.32,701.99,1,-1,-1,-1
68,7,1049.47,516.25,1121.88,687.58,1,-1,-1,-1
68,15,976.30,519.18,1053.57,705.54,1,-1,-1,-1
68,27,452.82,540.27,519.55,701.70,1,-1,-1,-1
69,7,1052.69,515.72,1125.40,687.25,1,-1,-1,-1
69,15,975.45,521.42,1051.68,704.96,1,-1,-1,-1
69,27,452.83,540.12,519.54,701.18,1,-1,-1,-1
69,22,1626.67,533.17,1704.49,708.91,1,-1,-1,-1
70,7,1054.44,516.22,1126.76,686.46,1,-1,-1,-1
70,15,975.28,524.22,1049.60,702.75,1,-1,-1,-1
70,27,452.78,540.07,519.56,700.99,1,-1,-1,-1
70,22,1625.36,533.30,1703.28,708.04,1,-1,-1,-1
71,7,1055.97,515.38,1128.65,686.47,1,-1,-1,-1
71,15,975.51,526.55,1047.98,700.62,1,-1,-1,-1
71,16,1052.36,517.85,1122.49,685.88,1,-1,-1,-1
71,27,452.54,540.04,519.09,700.26,1,-1,-1,-1
71,22,1622.17,523.55,1705.78,710.32,1,-1,-1,-1
72,15,971.11,525.99,1043.85,700.55,1,-1,-1,-1
72,16,1060.51,517.39,1130.49,684.77,1,-1,-1,-1
72,27,452.55,540.03,518.81,699.34,1,-1,-1,-1
72,22,1622.81,523.77,1704.95,706.69,1,-1,-1,-1
73,15,970.04,527.75,1041.24,698.55,1,-1,-1,-1
73,16,1063.55,517.28,1133.17,683.72,1,-1,-1,-1
73,27,452.68,539.36,519.21,699.00,1,-1,-1,-1
73,22,1618.80,522.03,1702.02,707.34,1,-1,-1,-1
73,32,1624.38,531.53,1696.25,696.83,1,-1,-1,-1
74,15,969.19,524.97,1040.19,695.14,1,-1,-1,-1
74,16,1064.75,517.22,1134.98,684.75,1,-1,-1,-1
74,27,451.08,532.49,521.01,700.21,1,-1,-1,-1
74,32,1622.32,532.14,1694.63,695.60,1,-1,-1,-1
75,15,965.49,527.27,1035.93,695.95,1,-1,-1,-1
75,16,1065.50,516.51,1136.29,685.18,1,-1,-1,-1
75,27,452.27,537.08,519.87,698.72,1,-1,-1,-1
75,22,1620.53,532.23,1694.78,695.63,1,-1,-1,-1
75,32,1618.55,531.28,1691.17,695.41,1,-1,-1,-1
76,15,964.11,528.75,1033.82,695.63,1,-1,-1,-1
76,16,1064.86,514.90,1137.32,687.39,1,-1,-1,-1
76,27,451.00,531.62,521.82,700.80,1,-1,-1,-1
76,22,1616.89,534.78,1689.28,692.89,1,-1,-1,-1
77,15,962.45,524.57,1033.67,694.89,1,-1,-1,-1
77,16,1063.89,512.98,1138.16,689.56,1,-1,-1,-1
77,27,452.17,536.78,520.24,698.97,1,-1,-1,-1
77,22,1615.43,536.91,1686.51,691.36,1,-1,-1,-1
78,15,961.65,523.67,1032.58,693.32,1,-1,-1,-1
78,16,1066.87,512.91,1141.42,689.75,1,-1,-1,-1
78,27,451.26,531.53,522.30,700.91,1,-1,-1,-1
78,22,1612.53,537.02,1683.17,690.50,1,-1,-1,-1
79,15,956.56,520.65,1029.79,695.43,1,-1,-1,-1
79,16,1068.77,512.89,1143.61,689.83,1,-1,-1,-1
79,27,451.07,529.63,522.91,700.97,1,-1,-1,-1
79,22,1605.51,539.41,1674.85,689.13,1,-1,-1,-1
79,21,1677.23,533.94,1753.45,708.04,1,-1,-1,-1
80,15,954.51,520.18,1028.35,696.23,1,-1,-1,-1
80,16,1069.67,512.90,1144.65,689.87,1,-1,-1,-1
80,27,451.22,529.58,522.89,700.34,1,-1,-1,-1
80,22,1604.22,542.01,1671.55,686.68,1,-1,-1,-1
80,21,1683.55,534.48,1759.41,707.43,1,-1,-1,-1
81,15,954.46,521.33,1027.22,694.59,1,-1,-1,-1
81,16,1073.55,512.90,1148.53,689.90,1,-1,-1,-1
81,27,451.64,529.59,523.17,700.10,1,-1,-1,-1
81,22,1603.48,543.58,1669.54,685.18,1,-1,-1,-1
81,21,1686.35,535.30,1761.95,707.24,1,-1,-1,-1
82,15,954.58,522.43,1026.16,692.66,1,-1,-1,-1
82,16,1074.54,510.93,1150.24,689.91,1,-1,-1,-1
82,27,451.86,528.31,523.87,700.01,1,-1,-1,-1
82,22,1600.71,544.36,1665.87,684.02,1,-1,-1,-1
82,21,1689.14,534.89,1765.02,707.47,1,-1,-1,-1
83,15,954.99,524.18,1025.53,691.97,1,-1,-1,-1
83,16,1075.01,510.20,1151.24,690.58,1,-1,-1,-1
83,27,455.34,528.51,527.28,699.98,1,-1,-1,-1
84,15,954.87,524.16,1025.69,692.40,1,-1,-1,-1
84,16,1076.15,510.59,1152.42,690.84,1,-1,-1,-1
84,27,456.42,527.95,528.81,700.63,1,-1,-1,-1
85,15,954.10,522.81,1025.90,693.26,1,-1,-1,-1
85,16,1079.59,510.09,1155.58,689.62,1,-1,-1,-1
85,27,456.75,527.11,530.08,702.19,1,-1,-1,-1
86,15,949.52,520.32,1023.77,696.23,1,-1,-1,-1
86,16,1080.83,509.26,1157.30,689.82,1,-1,-1,-1
86,27,457.12,527.46,530.28,702.12,1,-1,-1,-1
87,9,1353.79,491.98,1453.14,737.99,1,-1,-1,-1
87,15,947.99,519.38,1022.83,696.71,1,-1,-1,-1
87,16,1081.91,508.30,1159.14,690.56,1,-1,-1,-1
87,27,457.59,527.63,529.97,700.12,1,-1,-1,-1
88,9,1358.08,489.39,1459.83,739.99,1,-1,-1,-1
88,15,947.14,518.38,1022.86,697.55,1,-1,-1,-1
88,16,1086.09,505.32,1163.11,687.56,1,-1,-1,-1
88,27,458.21,527.71,530.02,698.69,1,-1,-1,-1
89,9,1363.55,485.78,1467.51,742.71,1,-1,-1,-1
89,15,946.84,517.35,1022.94,697.22,1,-1,-1,-1
89,16,1088.03,503.55,1164.75,685.76,1,-1,-1,-1
89,27,458.90,527.76,530.20,697.49,1,-1,-1,-1
89,33,1571.31,514.70,1647.39,698.31,1,-1,-1,-1
90,9,1365.45,483.75,1470.71,744.41,1,-1,-1,-1
90,15,946.35,516.31,1022.78,697.09,1,-1,-1,-1
90,16,1088.29,501.58,1165.65,685.75,1,-1,-1,-1
90,27,457.69,521.17,532.36,699.04,1,-1,-1,-1
90,33,1576.70,515.85,1651.76,697.03,1,-1,-1,-1
91,9,1367.67,471.35,1478.87,749.82,1,-1,-1,-1
91,15,946.35,515.94,1022.62,696.38,1,-1,-1,-1
91,16,1089.03,500.87,1166.50,685.10,1,-1,-1,-1
91,27,461.21,519.39,536.31,698.32,1,-1,-1,-1
91,33,1560.57,514.38,1637.36,697.71,1,-1,-1,-1
92,9,1372.28,478.79,1478.52,745.80,1,-1,-1,-1
92,15,945.56,511.20,1022.77,693.48,1,-1,-1,-1
92,16,1092.43,499.32,1170.77,685.54,1,-1,-1,-1
92,27,462.74,518.09,538.31,698.05,1,-1,-1,-1
92,33,1562.93,515.16,1638.97,696.71,1,-1,-1,-1
93,9,1375.52,477.55,1482.52,746.46,1,-1,-1,-1
93,15,945.00,509.44,1022.50,691.73,1,-1,-1,-1
93,16,1093.80,498.11,1172.81,685.71,1,-1,-1,-1
93,27,463.00,516.98,538.67,697.29,1,-1,-1,-1
94,15,944.76,508.14,1022.50,690.42,1,-1,-1,-1
94,16,1094.55,496.38,1174.50,685.80,1,-1,-1,-1
94,27,463.37,516.60,539.13,697.01,1,-1,-1,-1
95,15,939.29,504.40,1020.03,693.23,1,-1,-1,-1
95,16,1099.42,495.10,1178.27,681.90,1,-1,-1,-1
95,27,463.36,515.84,539.39,696.92,1,-1,-1,-1
96,15,937.50,504.32,1018.23,693.00,1,-1,-1,-1
96,16,1101.63,493.99,1180.50,681.09,1,-1,-1,-1
96,27,463.44,515.59,539.34,696.23,1,-1,-1,-1
97,15,936.57,503.69,1017.21,692.27,1,-1,-1,-1
97,16,1103.02,494.28,1181.28,680.14,1,-1,-1,-1
97,27,463.99,514.64,540.16,695.94,1,-1,-1,-1
97,33,1520.33,470.13,1628.82,733.20,1,-1,-1,-1
98,15,936.24,504.16,1016.23,691.34,1,-1,-1,-1
98,16,1106.81,494.43,1184.74,679.15,1,-1,-1,-1
98,27,461.20,504.61,542.37,698.25,1,-1,-1,-1
98,33,1517.62,465.18,1627.99,736.33,1,-1,-1,-1
99,9,1412.81,489.95,1506.26,726.28,1,-1,-1,-1
99,15,935.97,501.08,1016.10,688.36,1,-1,-1,-1
99,16,1109.63,495.85,1186.46,677.48,1,-1,-1,-1
99,27,460.93,502.91,542.67,698.08,1,-1,-1,-1
99,33,1516.70,462.68,1627.62,738.09,1,-1,-1,-1
100,9,1420.12,492.34,1511.53,723.47,1,-1,-1,-1
100,15,931.97,499.30,1012.78,687.91,1,-1,-1,-1
100,16,1114.87,496.42,1190.71,675.55,1,-1,-1,-1
100,27,460.96,502.32,542.62,697.36,1,-1,-1,-1
100,33,1517.03,461.86,1627.57,738.03,1,-1,-1,-1
101,9,1423.50,495.76,1512.67,720.58,1,-1,-1,-1
101,15,930.05,499.33,1010.69,687.10,1,-1,-1,-1
101,16,1117.22,496.65,1192.39,674.20,1,-1,-1,-1
101,27,461.35,502.16,542.84,697.09,1,-1,-1,-1
101,33,1520.12,454.66,1633.04,737.88,1,-1,-1,-1
102,9,1429.11,496.27,1517.86,719.61,1,-1,-1,-1
102,15,929.59,501.37,1008.41,684.84,1,-1,-1,-1
102,16,1117.57,494.76,1194.00,675.06,1,-1,-1,-1
102,27,461.75,502.82,542.62,696.33,1,-1,-1,-1
102,33,1520.84,450.70,1635.74,739.02,1,-1,-1,-1
103,9,1431.54,497.09,1519.68,718.66,1,-1,-1,-1
103,15,923.44,498.20,1004.99,688.01,1,-1,-1,-1
103,16,1118.71,495.39,1194.75,674.75,1,-1,-1,-1
103,27,461.86,503.79,541.90,695.39,1,-1,-1,-1
103,33,1515.26,444.17,1635.08,744.48,1,-1,-1,-1
104,9,1436.76,498.02,1524.43,718.38,1,-1,-1,-1
104,15,921.05,497.70,1003.27,689.18,1,-1,-1,-1
104,16,1118.92,494.99,1195.06,674.67,1,-1,-1,-1
104,27,462.14,504.87,541.35,694.38,1,-1,-1,-1
104,33,1512.52,439.54,1635.39,747.48,1,-1,-1,-1
105,9,1439.49,499.00,1526.36,717.66,1,-1,-1,-1
105,15,916.45,499.53,999.22,692.27,1,-1,-1,-1
105,16,1121.85,494.86,1198.12,674.67,1,-1,-1,-1
105,27,462.23,505.32,541.13,694.01,1,-1,-1,-1
106,9,1444.77,499.32,1531.20,717.46,1,-1,-1,-1
106,15,914.68,501.57,996.51,692.15,1,-1,-1,-1
106,16,1123.52,494.82,1199.88,674.69,1,-1,-1,-1
106,27,462.25,505.52,541.05,693.89,1,-1,-1,-1
107,9,1450.67,498.06,1537.43,718.10,1,-1,-1,-1
107,15,907.50,497.75,992.91,696.72,1,-1,-1,-1
107,16,1124.17,495.48,1200.35,674.72,1,-1,-1,-1
107,27,461.50,504.96,541.09,695.18,1,-1,-1,-1
108,9,1452.03,494.24,1541.59,722.38,1,-1,-1,-1
108,15,905.05,497.64,990.79,697.76,1,-1,-1,-1
108,16,1124.69,495.75,1200.77,674.75,1,-1,-1,-1
108,27,461.21,504.78,541.10,695.67,1,-1,-1,-1
109,9,1454.36,501.98,1541.07,722.67,1,-1,-1,-1
109,15,899.32,495.02,987.11,700.10,1,-1,-1,-1
109,16,1124.98,495.85,1201.35,675.44,1,-1,-1,-1
109,27,460.87,504.07,541.33,696.52,1,-1,-1,-1
110,9,1460.16,506.33,1544.19,720.80,1,-1,-1,-1
110,15,896.25,490.79,985.44,699.02,1,-1,-1,-1
110,16,1125.01,495.90,1201.52,675.72,1,-1,-1,-1
110,27,460.99,504.48,541.15,696.19,1,-1,-1,-1
111,9,1462.14,507.22,1545.86,721.46,1,-1,-1,-1
111,15,890.57,490.50,981.68,703.13,1,-1,-1,-1
111,16,1124.87,495.26,1202.28,677.15,1,-1,-1,-1
111,27,460.75,504.66,540.70,696.06,1,-1,-1,-1
112,9,1463.29,507.50,1546.47,721.05,1,-1,-1,-1
112,15,889.09,493.67,978.41,702.09,1,-1,-1,-1
112,16,1127.79,493.71,1206.07,678.35,1,-1,-1,-1
112,27,460.80,505.41,540.38,696.01,1,-1,-1,-1
113,9,1466.33,500.23,1551.13,720.24,1,-1,-1,-1
113,15,884.88,494.30,973.80,701.64,1,-1,-1,-1
113,16,1128.93,493.13,1207.38,678.81,1,-1,-1,-1
113,27,460.83,505.70,540.25,696.00,1,-1,-1,-1
114,9,1467.29,496.86,1552.84,720.61,1,-1,-1,-1
114,15,884.34,498.51,969.90,698.15,1,-1,-1,-1
114,16,1129.66,492.92,1208.12,678.98,1,-1,-1,-1
114,27,456.88,505.83,536.22,695.99,1,-1,-1,-1
114,33,1550.05,458.94,1663.75,742.62,1,-1,-1,-1
115,9,1467.56,494.25,1553.99,722.08,1,-1,-1,-1
115,15,885.10,502.82,967.07,694.12,1,-1,-1,-1
115,16,1128.65,489.57,1209.59,682.33,1,-1,-1,-1
115,27,459.94,507.20,538.09,694.67,1,-1,-1,-1
115,33,1551.22,458.10,1666.54,744.63,1,-1,-1,-1
116,9,1468.71,495.89,1552.50,718.06,1,-1,-1,-1
116,15,886.45,506.44,965.21,690.59,1,-1,-1,-1
116,16,1128.11,487.67,1210.22,683.58,1,-1,-1,-1
116,27,461.01,507.06,538.92,694.17,1,-1,-1,-1
116,33,1552.56,457.55,1668.49,745.57,1,-1,-1,-1
117,9,1468.17,489.89,1553.29,715.85,1,-1,-1,-1
117,15,881.89,504.37,962.37,692.69,1,-1,-1,-1
117,16,1128.85,488.91,1210.08,683.40,1,-1,-1,-1
117,27,460.94,506.35,539.05,693.99,1,-1,-1,-1
118,9,1470.43,489.02,1555.62,715.15,1,-1,-1,-1
118,15,879.15,502.95,960.56,693.46,1,-1,-1,-1
118,16,1129.56,489.43,1210.15,682.65,1,-1,-1,-1
118,27,461.20,506.09,539.46,693.93,1,-1,-1,-1
119,15,878.33,503.05,959.86,693.76,1,-1,-1,-1
119,16,1130.23,489.64,1210.36,681.68,1,-1,-1,-1
119,27,461.70,505.33,540.54,694.57,1,-1,-1,-1
120,15,878.29,503.75,958.88,692.55,1,-1,-1,-1
120,16,1134.07,490.40,1213.37,680.65,1,-1,-1,-1
120,27,462.25,505.71,540.58,693.50,1,-1,-1,-1
121,15,873.70,501.34,956.63,695.43,1,-1,-1,-1
121,16,1136.29,491.37,1214.98,680.25,1,-1,-1,-1
121,27,463.09,505.86,541.29,693.10,1,-1,-1,-1
122,15,872.44,502.41,954.81,695.19,1,-1,-1,-1
122,16,1136.85,491.08,1215.77,680.76,1,-1,-1,-1
122,27,463.25,505.26,541.69,692.96,1,-1,-1,-1
123,9,1509.99,485.90,1602.20,730.56,1,-1,-1,-1
123,15,872.02,503.49,953.59,694.43,1,-1,-1,-1
123,16,1137.05,490.97,1215.99,680.95,1,-1,-1,-1
123,27,467.73,507.68,544.01,690.27,1,-1,-1,-1
124,9,1513.39,485.04,1606.64,731.82,1,-1,-1,-1
124,15,871.46,503.23,953.05,694.14,1,-1,-1,-1
124,16,1137.23,490.94,1215.88,680.35,1,-1,-1,-1
124,27,468.85,507.27,545.45,690.60,1,-1,-1,-1
125,9,1518.35,483.44,1613.53,734.88,1,-1,-1,-1
125,15,871.26,503.78,952.31,693.37,1,-1,-1,-1
125,16,1137.15,490.93,1215.90,680.79,1,-1,-1,-1
125,27,468.74,507.11,545.81,691.39,1,-1,-1,-1
126,9,1525.67,484.80,1619.52,733.41,1,-1,-1,-1
126,15,866.24,502.00,949.17,695.74,1,-1,-1,-1
126,16,1137.03,489.61,1216.57,681.61,1,-1,-1,-1
126,27,468.42,506.39,546.17,692.37,1,-1,-1,-1
127,9,1533.59,491.28,1624.85,732.13,1,-1,-1,-1
127,15,864.22,501.99,947.59,696.62,1,-1,-1,-1
127,16,1136.88,489.12,1216.89,682.58,1,-1,-1,-1
127,27,468.44,505.46,546.78,692.74,1,-1,-1,-1
128,9,1535.08,489.13,1629.28,736.92,1,-1,-1,-1
128,15,862.74,501.33,946.54,696.95,1,-1,-1,-1
128,16,1137.10,488.95,1217.32,682.94,1,-1,-1,-1
128,27,468.54,505.77,546.88,692.89,1,-1,-1,-1
129,9,1539.15,487.68,1635.00,739.97,1,-1,-1,-1
129,15,857.93,498.44,943.96,699.04,1,-1,-1,-1
129,16,1137.29,488.89,1217.32,682.41,1,-1,-1,-1
129,27,468.58,505.23,547.54,693.61,1,-1,-1,-1
130,9,1541.63,488.44,1637.23,740.44,1,-1,-1,-1
130,15,856.33,498.67,942.24,699.17,1,-1,-1,-1
130,16,1137.00,488.22,1217.63,682.85,1,-1,-1,-1
130,27,467.71,503.71,547.98,695.20,1,-1,-1,-1
130,32,1471.45,508.97,1549.44,689.99,1,-1,-1,-1
131,9,1547.16,490.71,1641.62,738.60,1,-1,-1,-1
131,15,856.18,500.08,941.27,698.54,1,-1,-1,-1
131,16,1140.84,488.63,1221.00,682.36,1,-1,-1,-1
131,27,467.53,503.15,548.62,696.45,1,-1,-1,-1
131,32,1471.56,510.36,1548.12,689.26,1,-1,-1,-1
132,9,1549.26,492.25,1643.56,737.85,1,-1,-1,-1
132,15,856.04,501.30,940.50,698.29,1,-1,-1,-1
132,16,1142.91,489.46,1222.28,681.50,1,-1,-1,-1
132,27,467.20,502.28,549.10,697.58,1,-1,-1,-1
132,32,1470.99,510.10,1547.62,689.72,1,-1,-1,-1
133,9,1554.32,492.82,1648.92,738.19,1,-1,-1,-1
133,15,856.02,502.42,939.65,697.52,1,-1,-1,-1
133,16,1143.50,489.12,1223.54,683.16,1,-1,-1,-1
133,27,467.11,501.97,549.87,699.30,1,-1,-1,-1
133,32,1470.16,509.32,1547.58,691.27,1,-1,-1,-1
134,9,1558.99,489.07,1657.09,742.26,1,-1,-1,-1
134,15,850.57,500.19,936.30,699.87,1,-1,-1,-1
134,16,1143.85,489.66,1223.83,683.78,1,-1,-1,-1
134,27,469.92,511.68,547.31,696.02,1,-1,-1,-1
134,32,1470.62,509.72,1547.65,691.16,1,-1,-1,-1
135,9,1561.92,490.27,1659.38,741.15,1,-1,-1,-1
135,15,849.21,501.98,933.82,698.77,1,-1,-1,-1
135,16,1143.97,489.86,1223.87,684.01,1,-1,-1,-1
135,27,471.11,516.17,546.17,694.70,1,-1,-1,-1
135,32,1470.53,509.87,1547.41,691.79,1,-1,-1,-1
136,9,1569.52,497.34,1661.26,733.42,1,-1,-1,-1
136,15,848.75,502.68,932.98,698.33,1,-1,-1,-1
136,16,1144.74,491.26,1223.76,683.43,1,-1,-1,-1
136,27,472.00,518.44,545.94,694.22,1,-1,-1,-1
136,32,1470.63,509.94,1547.31,692.01,1,-1,-1,-1
137,9,1573.34,500.73,1662.57,730.40,1,-1,-1,-1
137,15,849.08,504.26,932.30,697.50,1,-1,-1,-1
137,16,1145.29,491.80,1224.04,683.19,1,-1,-1,-1
137,27,477.68,523.25,547.87,690.02,1,-1,-1,-1
137,32,1470.77,509.96,1547.25,692.08,1,-1,-1,-1
138,9,1577.95,501.76,1666.61,729.97,1,-1,-1,-1
138,15,844.53,503.52,928.22,697.84,1,-1,-1,-1
138,16,1148.21,490.66,1228.01,684.43,1,-1,-1,-1
138,27,479.76,524.98,548.60,688.46,1,-1,-1,-1
138,32,1467.86,511.98,1542.92,690.10,1,-1,-1,-1
139,15,842.51,503.24,926.48,697.97,1,-1,-1,-1
139,16,1149.77,490.89,1229.63,684.23,1,-1,-1,-1
139,27,479.86,524.18,549.45,689.28,1,-1,-1,-1
139,32,1467.26,513.41,1541.55,689.34,1,-1,-1,-1
140,9,1601.86,532.21,1672.10,708.48,1,-1,-1,-1
140,15,838.58,510.39,919.88,698.68,1,-1,-1,-1
140,16,1149.96,489.66,1231.23,686.12,1,-1,-1,-1
140,27,479.72,523.17,549.88,689.59,1,-1,-1,-1
140,32,1469.31,511.25,1544.91,690.40,1,-1,-1,-1
141,9,1605.25,537.60,1673.40,705.20,1,-1,-1,-1
141,15,837.07,514.45,916.24,697.60,1,-1,-1,-1
141,16,1149.53,487.88,1232.27,687.48,1,-1,-1,-1
141,27,479.95,523.41,549.70,689.06,1,-1,-1,-1
141,32,1467.76,512.43,1542.55,689.48,1,-1,-1,-1
142,9,1611.84,543.39,1676.84,700.71,1,-1,-1,-1
142,15,832.71,515.91,911.49,697.87,1,-1,-1,-1
142,16,1154.59,491.79,1235.88,687.99,1,-1,-1,-1
142,27,480.31,523.46,549.97,688.88,1,-1,-1,-1
142,32,1466.68,512.21,1541.54,689.12,1,-1,-1,-1
143,9,1613.79,544.41,1678.53,699.33,1,-1,-1,-1
143,15,831.11,517.07,909.25,697.30,1,-1,-1,-1
143,16,1157.24,495.30,1237.13,688.16,1,-1,-1,-1
143,27,479.79,522.77,550.02,689.50,1,-1,-1,-1
143,32,1465.88,512.12,1540.95,688.99,1,-1,-1,-1
144,9,1614.18,544.61,1679.74,700.37,1,-1,-1,-1
144,15,825.43,516.11,904.34,697.76,1,-1,-1,-1
144,16,1162.03,495.28,1241.67,688.20,1,-1,-1,-1
144,27,479.94,522.49,550.32,689.74,1,-1,-1,-1
144,32,1465.44,511.41,1540.94,688.95,1,-1,-1,-1
145,9,1617.21,554.85,1676.97,696.01,1,-1,-1,-1
145,15,823.83,517.04,902.20,697.26,1,-1,-1,-1
145,16,1164.17,495.25,1244.23,689.53,1,-1,-1,-1
145,27,479.99,522.36,550.40,689.84,1,-1,-1,-1
145,32,1465.43,511.15,1541.51,689.60,1,-1,-1,-1
146,9,1621.76,559.23,1678.62,693.55,1,-1,-1,-1
146,15,823.29,518.01,900.91,696.41,1,-1,-1,-1
146,16,1165.56,495.89,1245.14,689.35,1,-1,-1,-1
146,27,480.00,522.28,550.40,689.89,1,-1,-1,-1
146,32,1465.16,510.38,1542.04,690.51,1,-1,-1,-1
147,15,817.94,515.00,897.78,698.76,1,-1,-1,-1
147,16,1166.67,496.77,1245.42,688.60,1,-1,-1,-1
147,27,480.12,522.90,550.26,689.91,1,-1,-1,-1
147,32,1465.06,510.76,1542.29,691.52,1,-1,-1,-1
148,15,815.32,515.53,894.99,698.92,1,-1,-1,-1
148,16,1171.43,499.08,1248.34,686.98,1,-1,-1,-1
148,27,480.77,524.44,550.24,689.93,1,-1,-1,-1
148,32,1464.53,510.24,1542.26,691.89,1,-1,-1,-1
149,15,816.23,516.79,894.20,696.68,1,-1,-1,-1
149,16,1173.75,499.92,1250.09,687.02,1,-1,-1,-1
149,27,481.00,525.00,550.21,689.94,1,-1,-1,-1
149,32,1463.70,509.39,1542.25,692.69,1,-1,-1,-1
150,15,817.08,520.54,892.21,694.14,1,-1,-1,-1
150,16,1174.04,498.88,1251.18,688.36,1,-1,-1,-1
150,27,481.08,525.19,550.19,689.94,1,-1,-1,-1
150,32,1463.13,509.07,1542.54,694.30,1,-1,-1,-1
151,15,811.66,517.11,889.92,697.98,1,-1,-1,-1
151,16,1174.31,498.47,1251.97,689.52,1,-1,-1,-1
151,27,480.40,523.91,550.86,691.94,1,-1,-1,-1
151,32,1464.90,516.18,1540.70,692.93,1,-1,-1,-1
152,15,809.59,516.54,888.64,699.34,1,-1,-1,-1
152,16,1177.77,496.98,1256.68,691.27,1,-1,-1,-1
152,27,480.22,524.74,550.37,692.03,1,-1,-1,-1
152,32,1465.97,520.28,1539.64,691.71,1,-1,-1,-1
153,15,808.50,516.95,887.34,699.21,1,-1,-1,-1
153,16,1179.87,497.72,1258.21,690.60,1,-1,-1,-1
153,27,480.02,524.38,550.29,692.06,1,-1,-1,-1
153,32,1466.73,522.43,1539.60,691.92,1,-1,-1,-1
154,15,803.41,517.76,884.43,705.09,1,-1,-1,-1
154,16,1180.48,497.99,1258.83,690.99,1,-1,-1,-1
154,27,479.50,523.57,550.70,693.38,1,-1,-1,-1
154,32,1466.83,523.85,1539.10,692.00,1,-1,-1,-1
155,15,801.75,520.01,881.93,705.32,1,-1,-1,-1
155,16,1184.27,496.76,1263.29,691.78,1,-1,-1,-1
155,27,480.61,529.83,548.88,692.56,1,-1,-1,-1
155,32,1466.92,524.33,1539.56,693.36,1,-1,-1,-1
156,15,801.17,521.53,880.46,704.71,1,-1,-1,-1
156,16,1185.63,495.64,1265.56,692.72,1,-1,-1,-1
156,27,480.45,530.89,548.75,693.57,1,-1,-1,-1
156,32,1466.57,524.47,1539.46,693.86,1,-1,-1,-1
157,15,795.39,519.42,877.04,707.76,1,-1,-1,-1
157,16,1185.95,495.21,1266.49,693.72,1,-1,-1,-1
157,27,480.37,531.25,548.73,693.94,1,-1,-1,-1
157,32,1466.66,527.80,1539.22,696.03,1,-1,-1,-1
158,15,792.80,519.80,874.67,708.65,1,-1,-1,-1
158,16,1186.04,494.39,1267.37,694.74,1,-1,-1,-1
158,27,480.82,532.02,548.90,694.06,1,-1,-1,-1
158,32,1466.37,529.01,1538.80,696.84,1,-1,-1,-1
159,16,1186.17,494.08,1268.14,695.77,1,-1,-1,-1
159,27,480.41,530.95,549.54,695.43,1,-1,-1,-1
159,32,1466.93,531.41,1537.99,696.45,1,-1,-1,-1
159,45,785.56,516.68,870.26,712.76,1,-1,-1,-1
160,16,1187.26,499.22,1267.27,695.48,1,-1,-1,-1
160,27,479.96,530.52,549.41,695.93,1,-1,-1,-1
160,32,1467.90,534.26,1536.95,694.95,1,-1,-1,-1
160,45,785.28,518.25,869.08,712.02,1,-1,-1,-1
161,16,1187.20,500.53,1267.26,696.67,1,-1,-1,-1
161,27,479.81,531.00,549.34,696.77,1,-1,-1,-1
161,21,1441.89,589.96,1494.51,711.01,1,-1,-1,-1
161,32,1463.79,535.26,1532.31,694.38,1,-1,-1,-1
161,45,785.41,520.17,867.28,709.68,1,-1,-1,-1
162,16,1186.89,501.01,1267.45,697.75,1,-1,-1,-1
162,27,479.65,530.50,549.41,697.07,1,-1,-1,-1
162,21,1439.99,588.46,1493.55,712.70,1,-1,-1,-1
162,32,1462.66,537.58,1529.58,692.82,1,-1,-1,-1
162,45,780.65,518.20,864.21,711.45,1,-1,-1,-1
163,15,778.49,517.34,862.63,711.15,1,-1,-1,-1
163,16,1186.72,500.51,1268.15,698.80,1,-1,-1,-1
163,27,479.89,530.30,549.79,697.17,1,-1,-1,-1
163,21,1438.74,587.51,1492.77,713.01,1,-1,-1,-1
163,32,1456.58,534.34,1526.21,694.93,1,-1,-1,-1
163,45,778.28,518.36,862.11,712.22,1,-1,-1,-1
164,15,773.70,517.11,858.21,711.96,1,-1,-1,-1
164,16,1189.99,499.64,1272.24,699.83,1,-1,-1,-1
164,27,479.82,530.86,549.44,697.19,1,-1,-1,-1
164,21,1438.65,587.88,1492.15,712.35,1,-1,-1,-1
164,32,1455.14,534.45,1524.93,694.38,1,-1,-1,-1
165,15,771.91,517.70,855.56,710.92,1,-1,-1,-1
165,16,1191.19,499.30,1273.76,700.19,1,-1,-1,-1
165,27,479.83,531.20,549.45,697.53,1,-1,-1,-1
165,21,1438.06,586.55,1492.23,712.83,1,-1,-1,-1
165,32,1453.52,533.79,1524.30,694.82,1,-1,-1,-1
165,45,524.36,529.12,597.63,699.56,1,-1,-1,-1
166,15,772.04,519.90,853.29,707.86,1,-1,-1,-1
166,16,1191.47,499.16,1274.41,700.96,1,-1,-1,-1
166,21,1434.55,584.69,1490.16,714.40,1,-1,-1,-1
166,32,1452.42,533.51,1523.99,695.64,1,-1,-1,-1
166,45,484.14,531.55,555.15,697.51,1,-1,-1,-1
167,15,771.70,520.73,851.74,706.67,1,-1,-1,-1
167,16,1191.07,497.79,1275.07,702.54,1,-1,-1,-1
167,21,1433.05,585.41,1488.46,714.26,1,-1,-1,-1
167,32,1449.12,534.70,1519.59,693.31,1,-1,-1,-1
167,45,471.71,532.30,541.86,696.88,1,-1,-1,-1
168,15,767.31,519.03,848.28,707.56,1,-1,-1,-1
168,16,1191.04,497.27,1275.12,702.46,1,-1,-1,-1
168,21,1431.86,585.70,1486.64,712.83,1,-1,-1,-1
168,32,1447.90,535.79,1517.33,691.08,1,-1,-1,-1
168,45,468.45,532.52,537.93,696.01,1,-1,-1,-1
169,15,765.19,517.73,846.98,708.55,1,-1,-1,-1
169,16,1191.74,497.72,1274.99,701.09,1,-1,-1,-1
169,21,1429.43,588.55,1481.36,708.88,1,-1,-1,-1
169,32,1446.59,536.50,1515.57,690.76,1,-1,-1,-1
169,45,468.56,532.55,537.49,695.05,1,-1,-1,-1
170,15,759.25,515.26,843.25,711.55,1,-1,-1,-1
170,16,1191.87,497.90,1274.99,701.19,1,-1,-1,-1
170,21,1428.07,589.62,1478.72,706.72,1,-1,-1,-1
170,45,469.63,532.52,538.33,694.73,1,-1,-1,-1
171,15,756.92,515.63,840.77,712.02,1,-1,-1,-1
171,16,1192.10,499.29,1274.09,699.90,1,-1,-1,-1
171,21,1426.12,583.14,1478.75,705.98,1,-1,-1,-1
171,45,470.95,533.80,538.71,693.98,1,-1,-1,-1
171,22,1446.11,538.56,1516.09,686.42,1,-1,-1,-1
172,15,755.69,515.13,839.72,712.19,1,-1,-1,-1
172,16,1192.78,500.47,1273.76,698.72,1,-1,-1,-1
172,21,1424.93,580.84,1478.00,705.73,1,-1,-1,-1
172,45,472.26,533.57,539.66,693.06,1,-1,-1,-1
172,22,1440.74,532.87,1513.47,686.68,1,-1,-1,-1
173,15,750.27,512.32,836.59,714.86,1,-1,-1,-1
173,16,1193.25,501.58,1273.36,697.61,1,-1,-1,-1
173,21,1420.15,578.00,1474.93,708.32,1,-1,-1,-1
173,45,473.48,534.12,540.50,692.75,1,-1,-1,-1
173,22,1438.18,532.53,1512.83,690.42,1,-1,-1,-1
174,15,748.42,511.93,835.34,715.85,1,-1,-1,-1
174,16,1193.56,501.31,1273.69,697.19,1,-1,-1,-1
174,21,1418.18,576.96,1473.41,709.32,1,-1,-1,-1
174,45,474.48,534.29,541.37,692.67,1,-1,-1,-1
174,22,1436.70,531.78,1512.66,692.45,1,-1,-1,-1
175,15,746.94,511.14,834.55,716.86,1,-1,-1,-1
175,16,1193.75,501.87,1273.70,697.04,1,-1,-1,-1
175,21,1417.01,575.95,1472.75,710.37,1,-1,-1,-1
175,32,1438.17,530.54,1511.52,693.74,1,-1,-1,-1
175,45,475.06,533.66,542.41,693.33,1,-1,-1,-1
175,22,1434.78,530.65,1511.75,693.45,1,-1,-1,-1
176,15,742.81,511.51,830.14,716.56,1,-1,-1,-1
176,16,1193.15,501.40,1273.67,697.65,1,-1,-1,-1
176,21,1416.12,574.95,1472.44,711.43,1,-1,-1,-1
176,32,1438.64,533.48,1509.74,691.27,1,-1,-1,-1
176,45,475.78,533.40,543.02,692.94,1,-1,-1,-1
177,15,230.78,522.19,321.30,734.16,1,-1,-1,-1
177,16,1193.54,501.21,1274.34,697.88,1,-1,-1,-1
177,21,1417.57,581.79,1471.32,711.18,1,-1,-1,-1
177,32,1438.56,533.87,1509.41,691.04,1,-1,-1,-1
177,45,476.43,533.95,543.63,693.48,1,-1,-1,-1
178,15,38.75,524.91,131.75,742.69,1,-1,-1,-1
178,16,1192.46,499.15,1275.11,699.95,1,-1,-1,-1
178,21,1415.90,581.53,1469.78,711.25,1,-1,-1,-1
178,32,1438.41,534.68,1508.83,690.96,1,-1,-1,-1
178,45,477.11,534.80,544.04,693.70,1,-1,-1,-1
179,15,-29.32,526.58,63.92,744.61,1,-1,-1,-1
179,16,1196.66,501.00,1277.99,698.75,1,-1,-1,-1
179,27,481.33,535.01,547.68,693.14,1,-1,-1,-1
179,32,1439.13,536.96,1507.91,689.61,1,-1,-1,-1
179,45,470.95,535.30,537.54,693.38,1,-1,-1,-1
180,15,-52.37,526.54,41.22,745.23,1,-1,-1,-1
180,16,1198.33,501.05,1279.68,698.95,1,-1,-1,-1
180,27,481.08,535.09,547.91,694.40,1,-1,-1,-1
180,32,1434.37,535.13,1505.34,692.45,1,-1,-1,-1
180,58,739.67,519.82,819.66,709.97,1,-1,-1,-1
181,15,-53.96,528.46,38.15,743.40,1,-1,-1,-1
181,16,1198.82,501.06,1280.39,699.68,1,-1,-1,-1
181,27,480.43,533.78,548.56,696.12,1,-1,-1,-1
181,32,1432.82,535.77,1503.60,692.84,1,-1,-1,-1
181,58,737.16,521.65,818.69,715.29,1,-1,-1,-1
182,15,443.98,524.53,530.58,726.74,1,-1,-1,-1
182,16,1198.79,501.06,1280.82,700.61,1,-1,-1,-1
182,27,480.07,533.29,548.92,697.41,1,-1,-1,-1
182,32,1433.42,537.99,1502.51,691.66,1,-1,-1,-1
182,58,735.15,522.75,816.90,716.93,1,-1,-1,-1
183,15,634.97,519.61,722.71,724.30,1,-1,-1,-1
183,16,1198.33,499.74,1282.02,702.93,1,-1,-1,-1
183,27,474.76,532.44,546.96,704.51,1,-1,-1,-1
183,32,1434.23,540.15,1501.63,690.54,1,-1,-1,-1
184,15,703.95,519.82,790.74,722.11,1,-1,-1,-1
184,16,1200.12,507.76,1280.47,701.83,1,-1,-1,-1
184,27,478.31,536.67,547.85,701.96,1,-1,-1,-1
184,32,1433.36,540.81,1500.40,690.39,1,-1,-1,-1
184,22,1432.79,540.44,1502.80,690.34,1,-1,-1,-1
184,61,-5.24,532.46,82.47,737.77,1,-1,-1,-1
185,15,730.26,523.23,813.80,717.95,1,-1,-1,-1
185,16,1200.98,510.87,1280.30,701.38,1,-1,-1,-1
185,27,479.25,537.69,548.71,702.22,1,-1,-1,-1
185,22,1433.37,542.44,1501.34,689.36,1,-1,-1,-1
185,61,0.99,532.04,89.39,738.74,1,-1,-1,-1
185,62,1406.06,564.22,1444.92,690.79,1,-1,-1,-1
186,15,739.49,527.22,819.80,714.38,1,-1,-1,-1
186,16,1204.30,510.64,1284.54,702.54,1,-1,-1,-1
186,27,479.20,537.38,549.43,703.62,1,-1,-1,-1
186,22,1434.98,547.10,1500.10,689.10,1,-1,-1,-1
186,61,8.90,534.86,95.00,736.11,1,-1,-1,-1
186,62,1405.53,563.98,1444.66,691.07,1,-1,-1,-1
187,15,737.27,527.99,817.10,713.78,1,-1,-1,-1
187,16,1205.33,509.86,1286.92,704.28,1,-1,-1,-1
187,27,478.95,537.26,549.94,704.78,1,-1,-1,-1
187,22,1435.59,548.75,1499.69,689.69,1,-1,-1,-1
187,61,11.56,534.39,97.87,735.91,1,-1,-1,-1
187,62,1405.22,563.92,1444.73,691.87,1,-1,-1,-1
188,15,260.77,533.62,344.31,727.70,1,-1,-1,-1
188,16,1205.76,509.54,1288.35,705.58,1,-1,-1,-1
188,27,478.44,536.54,550.54,706.51,1,-1,-1,-1
188,22,1435.95,549.31,1499.45,689.91,1,-1,-1,-1
188,61,15.93,534.69,101.95,735.55,1,-1,-1,-1
188,62,1405.03,563.91,1444.86,692.11,1,-1,-1,-1
189,15,90.00,532.36,177.68,736.07,1,-1,-1,-1
189,16,1205.23,508.07,1289.51,707.38,1,-1,-1,-1
189,27,478.13,536.25,550.89,707.79,1,-1,-1,-1
189,22,1435.56,548.79,1499.25,690.66,1,-1,-1,-1
189,58,722.45,524.14,804.52,718.22,1,-1,-1,-1
189,62,1404.32,563.22,1444.86,692.87,1,-1,-1,-1
190,15,24.54,527.30,117.81,743.78,1,-1,-1,-1
190,16,1205.65,508.16,1289.92,706.72,1,-1,-1,-1
190,27,477.82,534.83,551.87,709.56,1,-1,-1,-1
190,22,1435.02,547.22,1499.62,692.27,1,-1,-1,-1
190,58,717.63,525.59,799.13,717.55,1,-1,-1,-1
190,62,1403.32,562.30,1444.94,694.49,1,-1,-1,-1
191,15,5.05,524.68,101.00,747.34,1,-1,-1,-1
191,16,1205.80,508.83,1290.00,706.44,1,-1,-1,-1
191,27,477.68,534.93,551.60,709.55,1,-1,-1,-1
191,22,1434.45,545.94,1499.48,692.87,1,-1,-1,-1
191,58,716.05,527.40,796.74,716.66,1,-1,-1,-1
191,62,1402.87,561.97,1445.06,695.06,1,-1,-1,-1
192,15,2.65,521.05,102.04,751.88,1,-1,-1,-1
192,16,1203.51,503.78,1292.31,712.26,1,-1,-1,-1
192,27,478.00,536.29,551.12,708.84,1,-1,-1,-1
192,22,1434.36,546.10,1499.35,693.74,1,-1,-1,-1
192,58,715.51,529.38,794.65,714.31,1,-1,-1,-1
192,62,1403.40,567.22,1445.10,697.26,1,-1,-1,-1
193,15,3.68,522.85,104.94,757.42,1,-1,-1,-1
193,16,1202.65,501.91,1293.15,714.41,1,-1,-1,-1
193,27,478.12,536.80,550.94,708.54,1,-1,-1,-1
193,22,1434.43,546.14,1499.22,694.05,1,-1,-1,-1
193,58,710.86,528.74,791.11,715.44,1,-1,-1,-1
193,62,1403.17,567.62,1445.03,698.15,1,-1,-1,-1
194,15,442.93,524.86,533.01,733.01,1,-1,-1,-1
194,16,1206.77,502.48,1296.77,713.90,1,-1,-1,-1
194,27,478.15,536.99,550.88,708.40,1,-1,-1,-1
194,22,1430.64,545.49,1495.74,694.16,1,-1,-1,-1
194,58,708.66,529.43,788.67,715.57,1,-1,-1,-1
194,61,39.03,526.37,137.67,756.17,1,-1,-1,-1
195,15,172.32,525.67,269.09,749.50,1,-1,-1,-1
195,16,1209.05,504.69,1297.43,712.34,1,-1,-1,-1
195,27,478.11,537.72,550.25,707.66,1,-1,-1,-1
195,22,1429.24,545.23,1494.44,694.18,1,-1,-1,-1
195,58,701.48,522.95,786.73,720.65,1,-1,-1,-1
195,61,43.10,525.66,142.86,758.08,1,-1,-1,-1
195,62,1397.50,562.08,1441.04,697.43,1,-1,-1,-1
196,15,502.19,522.73,593.24,733.17,1,-1,-1,-1
196,16,1207.57,512.16,1292.02,710.39,1,-1,-1,-1
196,27,478.09,537.99,550.01,707.36,1,-1,-1,-1
196,22,1428.24,545.12,1493.81,694.84,1,-1,-1,-1
196,58,698.73,522.82,784.33,721.35,1,-1,-1,-1
196,61,51.75,526.53,151.01,757.68,1,-1,-1,-1
196,62,1396.40,560.56,1440.67,697.33,1,-1,-1,-1
197,15,638.21,523.54,724.89,723.73,1,-1,-1,-1
197,16,1209.43,508.27,1295.50,710.28,1,-1,-1,-1
197,27,478.82,538.74,549.85,705.91,1,-1,-1,-1
197,22,1428.10,545.08,1493.38,694.41,1,-1,-1,-1
197,61,52.75,522.64,155.46,761.81,1,-1,-1,-1
197,62,1394.93,558.06,1440.98,699.27,1,-1,-1,-1
198,15,252.92,521.13,351.91,750.02,1,-1,-1,-1
198,16,1210.28,508.17,1295.89,708.91,1,-1,-1,-1
198,27,473.86,535.69,547.72,709.34,1,-1,-1,-1
198,32,1427.21,545.06,1493.58,693.93,1,-1,-1,-1
198,22,1427.34,545.17,1492.70,694.70,1,-1,-1,-1
198,61,56.91,521.75,160.83,763.74,1,-1,-1,-1
198,62,1393.66,556.48,1441.20,701.29,1,-1,-1,-1
199,15,125.47,522.20,226.83,756.57,1,-1,-1,-1
199,16,1210.82,507.46,1296.43,708.38,1,-1,-1,-1
199,27,472.01,534.56,546.96,710.60,1,-1,-1,-1
199,32,1426.69,545.43,1492.97,694.11,1,-1,-1,-1
199,22,1428.33,546.62,1492.13,692.66,1,-1,-1,-1
199,58,693.08,523.81,777.52,718.64,1,-1,-1,-1
199,62,1394.22,561.74,1440.93,703.34,1,-1,-1,-1
200,15,79.74,521.36,180.24,754.61,1,-1,-1,-1
200,16,1206.50,505.20,1293.81,710.15,1,-1,-1,-1
200,27,471.26,534.78,546.08,710.41,1,-1,-1,-1
200,22,1428.50,546.95,1491.93,692.22,1,-1,-1,-1
200,58,692.08,524.63,775.92,717.58,1,-1,-1,-1
200,62,1394.14,563.84,1440.52,704.10,1,-1,-1,-1
201,15,63.55,520.39,164.04,754.37,1,-1,-1,-1
201,16,1204.01,503.04,1293.00,712.12,1,-1,-1,-1
201,27,471.34,535.53,545.41,708.99,1,-1,-1,-1
201,22,1428.30,547.07,1491.47,692.07,1,-1,-1,-1
201,58,688.07,524.91,771.71,717.23,1,-1,-1,-1
201,62,1392.70,558.69,1440.50,702.37,1,-1,-1,-1
202,15,63.31,520.03,163.59,754.20,1,-1,-1,-1
202,16,1202.51,500.92,1293.23,714.17,1,-1,-1,-1
202,27,471.36,535.82,545.21,708.44,1,-1,-1,-1
202,22,1428.52,547.76,1491.05,691.35,1,-1,-1,-1
202,58,687.48,526.99,769.43,715.77,1,-1,-1,-1
202,62,1392.10,556.77,1440.58,701.70,1,-1,-1,-1
203,15,68.26,519.25,168.75,754.71,1,-1,-1,-1
203,16,1202.17,500.12,1293.08,714.29,1,-1,-1,-1
203,27,471.56,536.60,544.98,708.22,1,-1,-1,-1
203,32,1427.84,547.90,1491.74,692.25,1,-1,-1,-1
203,22,1428.12,548.05,1490.48,691.25,1,-1,-1,-1
203,58,687.34,529.11,767.37,713.22,1,-1,-1,-1
203,62,1391.74,555.39,1440.79,701.42,1,-1,-1,-1
204,15,71.89,518.96,172.43,754.84,1,-1,-1,-1
204,16,1202.10,499.84,1292.96,714.30,1,-1,-1,-1
204,27,471.91,537.55,544.66,707.47,1,-1,-1,-1
204,32,1428.23,548.11,1491.42,691.36,1,-1,-1,-1
204,58,687.55,531.22,765.87,711.60,1,-1,-1,-1
204,62,1392.23,556.20,1440.93,700.63,1,-1,-1,-1
205,15,79.18,519.52,179.16,754.17,1,-1,-1,-1
205,16,1202.49,500.41,1292.51,712.98,1,-1,-1,-1
205,27,472.41,537.90,544.86,707.18,1,-1,-1,-1
205,32,1429.04,548.85,1491.30,690.41,1,-1,-1,-1
205,58,683.86,531.31,761.88,711.02,1,-1,-1,-1
205,62,1389.48,557.20,1437.37,699.66,1,-1,-1,-1
206,15,87.04,519.09,187.10,753.85,1,-1,-1,-1
206,16,1202.37,500.65,1291.94,712.45,1,-1,-1,-1
206,27,477.47,541.35,546.73,703.09,1,-1,-1,-1
206,32,1428.94,549.31,1490.90,690.18,1,-1,-1,-1
206,22,1429.67,548.99,1490.74,689.21,1,-1,-1,-1
206,58,682.87,533.32,758.86,708.16,1,-1,-1,-1
206,62,1388.22,557.60,1435.62,699.28,1,-1,-1,-1
207,15,96.22,520.25,195.25,752.37,1,-1,-1,-1
207,16,1202.33,501.41,1291.07,711.58,1,-1,-1,-1
207,27,480.02,543.32,547.50,700.86,1,-1,-1,-1
207,22,1429.09,548.39,1490.88,690.37,1,-1,-1,-1
207,58,682.54,534.72,757.24,706.44,1,-1,-1,-1
207,62,1387.74,557.76,1435.02,699.79,1,-1,-1,-1
208,15,100.04,518.06,200.82,754.40,1,-1,-1,-1
208,16,1201.49,495.10,1292.23,709.92,1,-1,-1,-1
208,27,481.36,545.36,546.69,698.04,1,-1,-1,-1
208,22,1428.55,545.55,1491.27,689.42,1,-1,-1,-1
208,58,678.24,534.52,753.59,707.19,1,-1,-1,-1
208,62,1387.56,557.83,1434.85,700.64,1,-1,-1,-1
209,15,105.26,515.94,207.80,756.45,1,-1,-1,-1
209,16,1201.39,493.41,1292.46,709.29,1,-1,-1,-1
209,27,482.01,545.40,546.89,697.04,1,-1,-1,-1
209,22,1428.87,543.82,1492.23,689.07,1,-1,-1,-1
209,58,676.42,533.75,752.64,708.16,1,-1,-1,-1
209,62,1387.59,558.53,1434.08,699.64,1,-1,-1,-1
210,15,107.21,517.10,212.06,762.42,1,-1,-1,-1
210,16,1203.21,500.68,1290.68,708.40,1,-1,-1,-1
210,27,482.22,545.39,546.96,696.71,1,-1,-1,-1
210,22,1429.02,542.51,1493.23,689.61,1,-1,-1,-1
210,58,675.59,534.11,751.28,707.21,1,-1,-1,-1
210,62,1387.68,559.47,1433.10,697.92,1,-1,-1,-1
211,15,114.66,521.47,216.84,760.10,1,-1,-1,-1
211,16,1203.97,503.53,1289.96,708.06,1,-1,-1,-1
211,27,482.39,545.35,546.87,695.95,1,-1,-1,-1
211,22,1432.63,541.37,1497.29,689.16,1,-1,-1,-1
211,58,675.07,534.22,750.51,706.88,1,-1,-1,-1
211,62,1387.99,559.82,1432.52,695.94,1,-1,-1,-1
212,15,122.18,518.55,224.34,757.13,1,-1,-1,-1
212,16,1203.59,499.25,1290.35,705.95,1,-1,-1,-1
212,27,482.83,545.98,547.10,695.71,1,-1,-1,-1
212,22,1433.43,538.33,1500.09,690.31,1,-1,-1,-1
212,58,670.78,532.90,747.14,707.45,1,-1,-1,-1
212,62,1387.97,556.62,1432.48,693.20,1,-1,-1,-1
213,15,131.23,520.76,230.58,752.69,1,-1,-1,-1
213,16,1203.49,497.66,1290.46,705.17,1,-1,-1,-1
213,27,482.80,545.52,547.36,695.65,1,-1,-1,-1
213,32,1433.17,535.71,1502.03,691.86,1,-1,-1,-1
213,22,1433.78,537.55,1500.76,690.27,1,-1,-1,-1
213,58,668.64,533.06,744.58,706.35,1,-1,-1,-1
213,62,1388.22,556.10,1432.26,691.54,1,-1,-1,-1
214,15,139.51,520.94,238.04,750.96,1,-1,-1,-1
214,16,1202.79,495.09,1291.16,706.22,1,-1,-1,-1
214,27,482.91,544.67,547.99,695.65,1,-1,-1,-1
214,32,1433.38,534.28,1503.36,692.62,1,-1,-1,-1
214,58,667.23,529.79,743.74,704.62,1,-1,-1,-1
214,62,1388.26,555.25,1432.27,690.94,1,-1,-1,-1
215,15,148.21,522.34,244.77,747.66,1,-1,-1,-1
215,16,1202.45,493.48,1291.51,706.63,1,-1,-1,-1
215,27,482.14,543.67,548.34,697.01,1,-1,-1,-1
215,32,1437.21,533.12,1507.87,692.90,1,-1,-1,-1
215,58,662.87,526.58,740.79,705.32,1,-1,-1,-1
215,62,1388.41,554.94,1432.16,690.08,1,-1,-1,-1
216,15,158.87,528.87,249.54,740.41,1,-1,-1,-1
216,16,1202.60,493.55,1291.37,706.14,1,-1,-1,-1
216,27,481.88,541.96,549.75,698.85,1,-1,-1,-1
216,32,1438.18,531.40,1510.06,693.66,1,-1,-1,-1
216,58,661.59,526.69,738.80,704.29,1,-1,-1,-1
216,62,1388.31,554.85,1431.65,689.12,1,-1,-1,-1
217,15,168.72,533.36,255.25,734.98,1,-1,-1,-1
217,16,1203.00,494.27,1290.97,705.30,1,-1,-1,-1
217,27,481.58,541.32,549.81,698.91,1,-1,-1,-1
217,32,1438.90,530.78,1511.15,693.94,1,-1,-1,-1
217,58,661.34,527.42,737.33,702.59,1,-1,-1,-1
217,62,1388.97,556.16,1431.45,688.12,1,-1,-1,-1
218,9,1760.30,526.96,1843.10,715.45,1,-1,-1,-1
218,15,172.23,530.13,258.76,731.03,1,-1,-1,-1
218,16,1203.94,495.89,1290.70,704.33,1,-1,-1,-1
218,27,480.86,539.75,550.43,700.25,1,-1,-1,-1
218,32,1441.97,526.01,1515.87,693.39,1,-1,-1,-1
218,58,661.37,527.71,736.83,701.98,1,-1,-1,-1
218,62,1389.27,556.66,1431.36,687.78,1,-1,-1,-1
219,9,1761.11,524.47,1845.65,716.92,1,-1,-1,-1
219,15,177.19,527.60,265.03,731.03,1,-1,-1,-1
219,16,1204.16,496.53,1290.07,703.32,1,-1,-1,-1
219,27,479.85,537.20,551.37,702.06,1,-1,-1,-1
219,32,1443.47,523.58,1518.58,693.83,1,-1,-1,-1
219,58,660.86,527.16,736.64,702.43,1,-1,-1,-1
219,62,1389.50,556.86,1431.22,687.02,1,-1,-1,-1
220,9,1763.29,522.00,1852.05,720.71,1,-1,-1,-1
220,15,184.42,527.99,271.22,728.43,1,-1,-1,-1
220,16,1203.95,496.11,1290.12,703.62,1,-1,-1,-1
220,27,479.46,532.34,552.38,700.80,1,-1,-1,-1
220,32,1444.33,522.04,1520.55,694.64,1,-1,-1,-1
220,58,656.00,524.98,733.44,703.95,1,-1,-1,-1
220,62,1389.52,556.26,1431.25,686.76,1,-1,-1,-1
221,9,1763.23,519.86,1854.50,722.87,1,-1,-1,-1
221,15,186.68,526.77,274.54,728.88,1,-1,-1,-1
221,16,1204.33,496.62,1289.68,702.42,1,-1,-1,-1
221,27,483.83,531.14,556.04,698.36,1,-1,-1,-1
221,32,1444.38,520.20,1521.51,694.95,1,-1,-1,-1
221,58,653.46,522.86,732.40,705.19,1,-1,-1,-1
221,62,1389.56,556.05,1431.25,686.69,1,-1,-1,-1
222,9,1764.16,517.46,1857.38,724.79,1,-1,-1,-1
222,15,191.49,524.98,280.96,730.43,1,-1,-1,-1
222,16,1204.00,496.83,1289.32,702.65,1,-1,-1,-1
222,27,484.96,530.05,557.35,698.06,1,-1,-1,-1
222,32,1443.78,518.24,1522.40,696.36,1,-1,-1,-1
222,58,652.44,521.42,732.20,705.67,1,-1,-1,-1
222,62,1389.51,555.97,1431.33,687.35,1,-1,-1,-1
223,15,496.33,520.34,580.91,715.19,1,-1,-1,-1
223,16,1204.29,496.91,1289.44,702.09,1,-1,-1,-1
223,27,486.18,529.68,558.32,697.30,1,-1,-1,-1
223,32,1447.85,518.83,1525.50,694.95,1,-1,-1,-1
223,58,650.53,520.68,730.57,705.59,1,-1,-1,-1
223,62,1389.43,555.29,1431.43,687.62,1,-1,-1,-1
224,15,608.54,516.53,693.21,712.12,1,-1,-1,-1
224,16,1204.35,496.28,1289.54,701.89,1,-1,-1,-1
224,27,486.78,529.57,558.52,696.36,1,-1,-1,-1
224,32,1449.80,518.48,1526.89,693.73,1,-1,-1,-1
224,45,198.66,519.03,292.30,736.96,1,-1,-1,-1
224,62,1389.61,555.69,1431.26,687.08,1,-1,-1,-1
225,15,647.26,514.51,732.78,712.43,1,-1,-1,-1
225,16,1204.46,495.38,1290.16,702.50,1,-1,-1,-1
225,27,487.03,528.91,559.17,696.67,1,-1,-1,-1
225,32,1450.55,518.39,1527.31,693.26,1,-1,-1,-1
225,45,199.78,518.80,294.65,737.48,1,-1,-1,-1
225,62,1390.44,557.18,1431.11,685.57,1,-1,-1,-1
226,15,660.25,514.46,745.01,711.31,1,-1,-1,-1
226,16,1204.36,495.05,1289.87,702.08,1,-1,-1,-1
226,27,491.52,529.35,562.87,695.49,1,-1,-1,-1
226,32,1451.61,519.06,1527.91,693.08,1,-1,-1,-1
226,45,206.70,521.29,300.25,735.68,1,-1,-1,-1
226,62,1390.85,557.75,1430.96,684.35,1,-1,-1,-1
227,15,663.35,515.16,746.87,709.67,1,-1,-1,-1
227,16,1204.77,495.60,1289.97,701.93,1,-1,-1,-1
227,27,493.47,530.21,563.98,694.39,1,-1,-1,-1
227,32,1451.99,519.36,1528.05,693.01,1,-1,-1,-1
227,45,214.07,521.67,307.60,735.55,1,-1,-1,-1
227,62,1390.82,557.29,1431.10,684.58,1,-1,-1,-1
228,15,663.19,516.13,745.46,708.48,1,-1,-1,-1
228,16,1204.92,495.81,1290.01,701.88,1,-1,-1,-1
228,27,494.21,529.89,564.98,694.65,1,-1,-1,-1
228,32,1456.54,520.17,1531.51,691.67,1,-1,-1,-1
228,45,220.63,521.16,314.74,735.47,1,-1,-1,-1
228,62,1390.82,557.11,1431.14,684.69,1,-1,-1,-1
229,15,382.29,516.52,473.02,727.50,1,-1,-1,-1
229,16,1203.38,488.62,1291.62,702.54,1,-1,-1,-1
229,27,494.49,529.14,565.94,695.42,1,-1,-1,-1
229,32,1458.55,520.51,1533.12,691.16,1,-1,-1,-1
229,45,218.20,520.94,312.73,736.20,1,-1,-1,-1
229,58,643.89,517.90,725.51,707.83,1,-1,-1,-1
229,62,1391.02,556.38,1431.61,684.75,1,-1,-1,-1
230,15,284.66,515.38,379.59,735.64,1,-1,-1,-1
230,16,1203.07,486.60,1291.96,702.14,1,-1,-1,-1
230,27,494.55,528.87,566.27,695.72,1,-1,-1,-1
230,32,1463.23,519.33,1538.27,691.64,1,-1,-1,-1
230,58,643.92,518.47,724.33,706.62,1,-1,-1,-1
230,62,1391.09,556.11,1431.80,684.79,1,-1,-1,-1
231,15,251.45,517.52,346.07,736.29,1,-1,-1,-1
231,16,1202.23,484.55,1292.15,702.64,1,-1,-1,-1
231,27,498.16,524.83,571.30,695.19,1,-1,-1,-1
231,32,1466.16,520.88,1540.26,691.17,1,-1,-1,-1
231,58,639.67,516.66,721.57,708.86,1,-1,-1,-1
231,62,1390.93,555.35,1432.06,685.48,1,-1,-1,-1
232,15,240.20,520.35,332.85,733.87,1,-1,-1,-1
232,16,1202.09,483.15,1292.70,702.84,1,-1,-1,-1
232,27,500.54,528.56,571.47,693.68,1,-1,-1,-1
232,32,1467.08,520.84,1541.03,691.00,1,-1,-1,-1
232,58,638.03,516.67,720.02,709.69,1,-1,-1,-1
232,62,1391.06,555.72,1431.96,685.09,1,-1,-1,-1
233,15,241.58,522.11,332.68,731.57,1,-1,-1,-1
233,16,1201.92,482.00,1293.02,702.92,1,-1,-1,-1
233,27,501.42,529.39,572.09,693.78,1,-1,-1,-1
233,32,1464.95,511.57,1544.33,694.25,1,-1,-1,-1
233,58,637.38,516.69,718.92,708.69,1,-1,-1,-1
233,62,1390.92,555.21,1432.11,685.61,1,-1,-1,-1
234,15,499.19,518.79,584.70,716.09,1,-1,-1,-1
234,16,1207.47,485.53,1295.39,699.02,1,-1,-1,-1
234,27,500.20,523.08,574.45,695.81,1,-1,-1,-1
234,32,1467.71,508.16,1549.03,696.09,1,-1,-1,-1
234,58,635.76,516.19,717.58,708.85,1,-1,-1,-1
234,62,1390.41,554.36,1431.96,685.81,1,-1,-1,-1
235,15,598.25,519.55,679.79,708.18,1,-1,-1,-1
235,16,1209.65,486.95,1296.26,697.52,1,-1,-1,-1
235,27,504.44,522.05,578.38,693.97,1,-1,-1,-1
235,32,1469.14,506.22,1551.69,697.46,1,-1,-1,-1
235,45,253.53,523.73,344.36,729.71,1,-1,-1,-1
235,62,1390.40,554.05,1432.38,686.56,1,-1,-1,-1
236,15,379.01,521.19,466.85,723.71,1,-1,-1,-1
236,16,1210.40,486.17,1297.27,697.65,1,-1,-1,-1
236,27,506.20,521.70,580.37,693.91,1,-1,-1,-1
236,32,1471.84,513.95,1549.80,695.38,1,-1,-1,-1
236,45,255.01,523.83,345.75,729.59,1,-1,-1,-1
236,62,1390.91,555.91,1432.03,684.87,1,-1,-1,-1
237,15,544.10,514.61,629.71,712.88,1,-1,-1,-1
237,16,1210.57,485.90,1297.71,698.38,1,-1,-1,-1
237,27,506.79,521.59,581.09,693.90,1,-1,-1,-1
237,32,1472.97,515.76,1550.09,695.87,1,-1,-1,-1
237,45,268.43,525.59,357.98,728.29,1,-1,-1,-1
237,62,1391.03,556.63,1431.96,684.22,1,-1,-1,-1
238,15,610.08,512.00,694.19,707.92,1,-1,-1,-1
238,16,1210.10,484.49,1298.38,699.99,1,-1,-1,-1
238,27,507.32,521.59,581.60,693.90,1,-1,-1,-1
238,32,1473.05,515.78,1550.43,697.36,1,-1,-1,-1
238,45,276.65,527.32,364.79,726.65,1,-1,-1,-1
238,62,1391.30,556.90,1432.38,683.99,1,-1,-1,-1
239,15,633.71,511.05,717.34,706.79,1,-1,-1,-1
239,16,1210.09,483.32,1299.08,700.61,1,-1,-1,-1
239,27,507.76,521.62,582.12,693.91,1,-1,-1,-1
239,32,1474.39,515.41,1552.09,697.75,1,-1,-1,-1
239,45,278.39,524.56,368.85,729.44,1,-1,-1,-1
239,22,1479.50,519.99,1554.10,693.97,1,-1,-1,-1
239,62,1391.41,557.00,1432.52,683.25,1,-1,-1,-1
240,15,409.16,517.37,497.54,723.69,1,-1,-1,-1
240,16,1209.29,480.92,1300.10,702.82,1,-1,-1,-1
240,27,507.61,520.99,582.52,694.58,1,-1,-1,-1
240,45,281.53,524.62,371.95,729.42,1,-1,-1,-1
240,22,1480.88,519.10,1555.62,695.41,1,-1,-1,-1
240,62,1394.39,559.02,1434.29,681.65,1,-1,-1,-1
241,15,325.89,519.06,416.96,731.24,1,-1,-1,-1
241,16,1214.69,484.61,1302.60,699.74,1,-1,-1,-1
241,27,507.68,520.12,583.12,694.83,1,-1,-1,-1
241,22,1486.24,520.12,1559.18,694.57,1,-1,-1,-1
241,58,632.93,519.65,711.49,705.24,1,-1,-1,-1
241,62,1395.61,560.45,1434.84,681.07,1,-1,-1,-1
242,15,297.35,518.42,390.79,735.46,1,-1,-1,-1
242,16,1216.74,485.42,1304.23,699.86,1,-1,-1,-1
242,27,511.16,519.82,586.39,694.28,1,-1,-1,-1
242,22,1488.29,519.21,1561.00,694.91,1,-1,-1,-1
242,58,631.20,512.84,713.03,707.13,1,-1,-1,-1
242,62,1393.37,559.63,1433.69,682.21,1,-1,-1,-1
243,15,292.50,520.77,384.70,734.44,1,-1,-1,-1
243,16,1216.95,484.41,1305.33,701.23,1,-1,-1,-1
243,27,512.48,519.73,587.55,694.06,1,-1,-1,-1
243,22,1494.41,521.54,1564.79,693.04,1,-1,-1,-1
243,58,632.39,517.96,711.05,705.08,1,-1,-1,-1
243,62,1392.32,559.97,1432.81,681.98,1,-1,-1,-1
244,15,509.13,513.78,596.70,717.50,1,-1,-1,-1
244,16,1217.31,483.38,1306.06,701.09,1,-1,-1,-1
244,27,513.12,519.71,588.42,694.65,1,-1,-1,-1
244,22,1496.91,521.78,1566.51,692.31,1,-1,-1,-1
244,58,631.55,517.94,710.14,704.87,1,-1,-1,-1
244,62,1392.38,560.76,1432.67,681.24,1,-1,-1,-1
245,15,592.59,511.10,678.20,710.97,1,-1,-1,-1
245,16,1217.64,483.66,1306.07,700.38,1,-1,-1,-1
245,27,513.09,519.07,588.93,695.53,1,-1,-1,-1
245,45,304.12,519.40,398.58,733.68,1,-1,-1,-1
245,22,1497.76,520.55,1567.70,692.72,1,-1,-1,-1
245,62,1395.66,563.71,1434.04,678.30,1,-1,-1,-1
