3,11,1223.33,294.65,1316.30,506.55,1,-1,-1,-1
4,11,1220.91,294.52,1314.18,507.19,1,-1,-1,-1
5,11,1219.24,295.60,1311.52,505.97,1,-1,-1,-1
7,16,696.52,231.39,830.70,568.84,1,-1,-1,-1
7,15,1213.15,307.57,1298.39,506.64,1,-1,-1,-1
8,16,696.95,232.27,830.68,568.46,1,-1,-1,-1
8,15,1210.89,308.13,1296.21,507.24,1,-1,-1,-1
9,16,693.47,234.86,825.32,566.06,1,-1,-1,-1
9,15,1205.78,308.99,1290.54,506.62,1,-1,-1,-1
10,16,696.94,235.76,828.15,565.23,1,-1,-1,-1
10,15,1197.99,306.36,1285.62,510.66,1,-1,-1,-1
11,16,698.12,236.05,829.17,564.95,1,-1,-1,-1
11,15,1194.39,304.74,1283.68,512.71,1,-1,-1,-1
12,16,698.63,240.98,829.42,569.02,1,-1,-1,-1
12,15,1186.81,299.39,1280.75,518.16,1,-1,-1,-1
13,16,704.35,244.79,833.51,568.45,1,-1,-1,-1
13,15,1184.42,298.75,1278.83,518.79,1,-1,-1,-1
14,16,705.75,246.39,834.37,568.71,1,-1,-1,-1
14,15,1177.44,293.25,1276.56,524.24,1,-1,-1,-1
15,16,708.44,249.60,834.43,564.99,1,-1,-1,-1
15,15,1167.24,284.06,1273.72,532.09,1,-1,-1,-1
16,16,708.98,250.43,834.70,564.91,1,-1,-1,-1
16,15,1164.49,284.39,1270.99,532.50,1,-1,-1,-1
17,16,709.10,250.69,834.81,564.89,1,-1,-1,-1
17,15,1161.48,288.56,1264.42,528.59,1,-1,-1,-1
18,16,709.68,251.39,834.91,564.22,1,-1,-1,-1
18,15,1160.38,290.97,1260.87,525.60,1,-1,-1,-1
19,16,709.94,252.26,834.82,563.98,1,-1,-1,-1
19,15,1153.81,287.29,1256.72,527.72,1,-1,-1,-1
20,16,711.03,253.59,835.27,563.71,1,-1,-1,-1
20,15,1150.43,284.65,1255.66,530.42,1,-1,-1,-1
21,15,1145.96,284.98,1250.90,530.10,1,-1,-1,-1
22,15,1134.89,285.84,1239.69,529.90,1,-1,-1,-1
23,16,710.77,256.17,833.07,561.20,1,-1,-1,-1
23,15,1130.85,286.88,1234.89,528.45,1,-1,-1,-1
24,16,710.21,255.03,833.30,561.62,1,-1,-1,-1
24,15,1123.50,284.02,1230.01,531.14,1,-1,-1,-1
25,16,710.54,255.99,832.86,560.42,1,-1,-1,-1
25,15,1121.21,283.62,1227.98,531.47,1,-1,-1,-1
26,16,710.39,255.64,832.95,560.66,1,-1,-1,-1
26,15,1115.80,282.20,1224.25,534.17,1,-1,-1,-1
27,16,710.31,255.48,832.98,560.76,1,-1,-1,-1
27,15,1114.23,283.01,1221.99,533.85,1,-1,-1,-1
28,16,710.37,255.39,832.88,560.15,1,-1,-1,-1
28,15,1107.67,280.07,1218.25,537.62,1,-1,-1,-1
29,16,715.24,257.98,835.94,557.94,1,-1,-1,-1
29,15,1105.89,280.95,1215.75,537.06,1,-1,-1,-1
30,16,717.52,259.60,837.29,557.13,1,-1,-1,-1
30,15,1102.09,287.24,1209.08,537.43,1,-1,-1,-1
31,16,718.32,260.17,837.79,556.85,1,-1,-1,-1
31,15,1102.78,294.99,1204.09,532.21,1,-1,-1,-1
32,16,720.02,267.66,836.52,556.76,1,-1,-1,-1
32,15,1099.43,299.95,1196.83,528.16,1,-1,-1,-1
33,16,721.55,272.45,835.75,555.42,1,-1,-1,-1
33,15,1099.30,305.11,1192.73,523.97,1,-1,-1,-1
34,16,726.71,275.49,838.88,553.60,1,-1,-1,-1
34,15,1095.86,307.62,1187.53,522.44,1,-1,-1,-1
35,16,728.81,275.86,841.12,554.30,1,-1,-1,-1
35,15,1087.19,303.72,1182.55,527.32,1,-1,-1,-1
36,16,729.96,277.26,841.48,553.91,1,-1,-1,-1
36,15,1079.34,300.97,1177.06,530.41,1,-1,-1,-1
37,16,734.94,278.37,845.65,553.79,1,-1,-1,-1
37,15,1077.56,303.82,1173.44,528.96,1,-1,-1,-1
38,16,736.43,276.71,848.14,555.10,1,-1,-1,-1
38,15,1077.27,306.23,1170.80,525.71,1,-1,-1,-1
39,16,743.03,279.35,852.19,552.29,1,-1,-1,-1
39,15,1072.72,305.74,1166.59,525.83,1,-1,-1,-1
40,16,745.85,280.95,853.25,550.57,1,-1,-1,-1
40,15,1071.23,306.20,1164.46,524.55,1,-1,-1,-1
41,16,746.48,280.82,853.90,551.29,1,-1,-1,-1
41,15,1069.32,304.34,1164.02,526.08,1,-1,-1,-1
42,16,750.97,280.05,858.38,551.58,1,-1,-1,-1
42,15,1064.30,301.64,1161.14,528.64,1,-1,-1,-1
43,16,752.24,278.39,860.33,552.37,1,-1,-1,-1
43,15,1062.55,302.58,1158.17,526.98,1,-1,-1,-1
44,16,757.13,277.07,865.74,552.68,1,-1,-1,-1
44,15,1056.94,300.95,1154.35,529.64,1,-1,-1,-1
45,16,758.76,275.22,868.50,554.13,1,-1,-1,-1
45,15,1052.17,302.96,1147.94,528.01,1,-1,-1,-1
46,16,758.85,272.54,870.55,556.66,1,-1,-1,-1
46,15,1050.57,305.72,1144.25,526.04,1,-1,-1,-1
47,16,758.34,269.55,872.36,559.58,1,-1,-1,-1
47,15,1044.15,306.08,1140.35,531.97,1,-1,-1,-1
48,16,762.13,265.15,876.76,556.12,1,-1,-1,-1
48,15,1040.30,306.57,1136.52,532.51,1,-1,-1,-1
49,16,764.03,264.12,878.48,554.11,1,-1,-1,-1
50,16,770.16,267.06,882.12,550.05,1,-1,-1,-1
51,16,777.25,273.53,887.18,550.50,1,-1,-1,-1
51,15,1111.21,310.66,1205.47,531.36,1,-1,-1,-1
52,16,780.86,274.62,888.56,545.36,1,-1,-1,-1
52,15,1115.43,312.51,1208.69,530.50,1,-1,-1,-1
53,16,781.13,276.35,889.90,548.82,1,-1,-1,-1
53,15,1112.29,307.77,1206.27,528.21,1,-1,-1,-1
54,16,782.36,278.96,890.42,548.79,1,-1,-1,-1
54,15,1111.24,308.66,1203.11,524.73,1,-1,-1,-1
55,16,787.84,283.92,893.37,546.13,1,-1,-1,-1
55,15,1106.23,308.32,1197.54,523.41,1,-1,-1,-1
56,16,790.03,285.74,894.78,545.16,1,-1,-1,-1
56,15,1108.03,308.55,1198.99,522.82,1,-1,-1,-1
57,16,789.62,284.35,896.32,547.50,1,-1,-1,-1
58,16,790.68,291.09,895.52,549.71,1,-1,-1,-1
58,15,1099.12,316.65,1187.60,524.50,1,-1,-1,-1
59,16,795.65,293.60,899.80,550.56,1,-1,-1,-1
59,15,1097.81,319.98,1184.39,522.68,1,-1,-1,-1
60,16,993.69,310.47,1084.63,533.53,1,-1,-1,-1
60,15,1098.14,321.26,1183.97,522.21,1,-1,-1,-1
61,16,1019.26,314.02,1107.96,531.60,1,-1,-1,-1
61,15,1090.71,318.94,1178.62,524.33,1,-1,-1,-1
62,15,1089.81,320.62,1176.77,523.37,1,-1,-1,-1
63,15,1082.96,315.17,1174.65,529.06,1,-1,-1,-1
64,15,1080.65,315.14,1172.43,529.17,1,-1,-1,-1
64,36,816.52,299.18,910.70,531.84,1,-1,-1,-1
65,15,1079.24,315.34,1171.11,529.56,1,-1,-1,-1
65,36,817.05,298.11,911.36,530.77,1,-1,-1,-1
66,36,821.77,299.30,915.01,529.06,1,-1,-1,-1
67,15,1068.53,315.12,1160.44,530.05,1,-1,-1,-1
67,36,822.57,296.84,917.60,530.74,1,-1,-1,-1
68,15,1066.34,315.25,1158.35,530.42,1,-1,-1,-1
68,36,823.62,297.42,918.27,529.97,1,-1,-1,-1
69,15,1060.02,312.72,1152.97,530.17,1,-1,-1,-1
69,36,824.73,298.35,918.96,529.74,1,-1,-1,-1
69,32,722.21,368.06,806.02,551.90,1,-1,-1,-1
70,15,1057.91,312.19,1151.42,530.83,1,-1,-1,-1
70,36,826.93,294.61,924.10,533.11,1,-1,-1,-1
70,32,720.82,363.68,807.28,553.34,1,-1,-1,-1
71,15,1056.14,309.37,1151.96,533.69,1,-1,-1,-1
71,36,827.48,291.93,926.77,535.69,1,-1,-1,-1
72,16,832.13,291.63,932.17,536.73,1,-1,-1,-1
72,15,1053.93,301.15,1153.20,534.10,1,-1,-1,-1
72,36,829.04,290.86,928.89,536.00,1,-1,-1,-1
72,32,659.95,368.61,740.07,545.13,1,-1,-1,-1
73,16,827.40,293.38,926.29,535.65,1,-1,-1,-1
73,15,1049.00,301.25,1150.12,538.77,1,-1,-1,-1
73,32,651.80,368.50,731.16,544.08,1,-1,-1,-1
74,16,829.40,292.94,928.58,536.46,1,-1,-1,-1
74,15,1045.32,293.56,1150.19,540.57,1,-1,-1,-1
74,32,639.53,367.17,719.09,543.23,1,-1,-1,-1
75,16,831.07,294.08,929.70,536.78,1,-1,-1,-1
75,15,1042.56,287.42,1151.04,543.16,1,-1,-1,-1
76,16,832.24,294.54,930.70,536.91,1,-1,-1,-1
76,15,1038.13,287.65,1145.88,541.57,1,-1,-1,-1
77,16,837.58,294.73,935.73,536.30,1,-1,-1,-1
77,15,1032.25,287.85,1140.35,542.18,1,-1,-1,-1
78,16,839.72,297.44,938.53,540.67,1,-1,-1,-1
78,15,1029.98,289.29,1137.11,541.08,1,-1,-1,-1
79,16,841.27,299.12,939.76,541.01,1,-1,-1,-1
79,15,1026.49,293.85,1130.17,537.34,1,-1,-1,-1
80,16,846.17,301.74,943.43,540.47,1,-1,-1,-1
80,15,1020.10,293.01,1124.19,537.21,1,-1,-1,-1
81,16,848.40,298.75,945.32,536.27,1,-1,-1,-1
81,15,1017.50,294.03,1121.07,536.49,1,-1,-1,-1
82,16,849.32,296.29,946.76,534.70,1,-1,-1,-1
82,15,1016.72,294.46,1119.94,535.55,1,-1,-1,-1
83,16,850.07,295.37,947.67,534.12,1,-1,-1,-1
83,15,1012.40,296.63,1113.87,533.20,1,-1,-1,-1
84,16,850.39,295.03,948.08,533.91,1,-1,-1,-1
84,15,1007.11,303.47,1106.83,534.32,1,-1,-1,-1
85,16,855.60,298.88,950.49,529.88,1,-1,-1,-1
85,15,1004.14,304.02,1105.48,537.42,1,-1,-1,-1
86,16,857.39,298.34,953.03,530.38,1,-1,-1,-1
86,15,1000.80,304.60,1102.02,537.70,1,-1,-1,-1
87,16,856.73,294.83,955.30,533.23,1,-1,-1,-1
88,16,857.07,294.83,955.57,532.35,1,-1,-1,-1
89,16,857.13,294.85,955.75,532.02,1,-1,-1,-1
90,16,857.13,294.86,956.50,533.22,1,-1,-1,-1
91,16,861.25,294.88,960.57,532.37,1,-1,-1,-1
91,40,1711.90,282.07,1833.11,505.95,1,-1,-1,-1
92,16,861.75,294.68,961.06,532.15,1,-1,-1,-1
92,15,867.01,292.86,972.53,536.18,1,-1,-1,-1
92,40,1708.80,278.93,1833.52,509.28,1,-1,-1,-1
93,15,857.26,289.34,965.63,539.46,1,-1,-1,-1
94,15,853.68,286.83,964.04,541.23,1,-1,-1,-1
94,40,1690.01,271.15,1828.85,529.60,1,-1,-1,-1
95,15,852.34,285.25,964.20,542.55,1,-1,-1,-1
95,40,1689.94,274.76,1824.99,528.35,1,-1,-1,-1
96,15,853.09,287.29,963.17,540.43,1,-1,-1,-1
96,40,1685.08,272.46,1823.95,533.21,1,-1,-1,-1
97,15,853.18,285.50,964.57,541.56,1,-1,-1,-1
98,15,853.64,286.81,963.87,540.01,1,-1,-1,-1
98,40,1684.17,292.56,1805.23,521.80,1,-1,-1,-1
99,15,849.93,288.68,959.63,540.72,1,-1,-1,-1
99,40,1680.28,295.96,1797.51,519.68,1,-1,-1,-1
100,15,849.28,290.73,957.82,540.32,1,-1,-1,-1
100,40,1678.80,296.29,1794.73,519.10,1,-1,-1,-1
101,15,849.69,292.18,957.03,539.50,1,-1,-1,-1
101,40,1671.51,288.96,1790.61,519.51,1,-1,-1,-1
102,15,848.96,293.39,958.11,545.16,1,-1,-1,-1
102,40,1672.22,296.17,1785.93,517.64,1,-1,-1,-1
103,15,848.51,293.84,958.36,547.26,1,-1,-1,-1
103,40,1672.73,298.99,1783.67,516.82,1,-1,-1,-1
104,15,848.54,294.01,958.64,548.03,1,-1,-1,-1
104,40,1673.30,299.32,1783.42,517.17,1,-1,-1,-1
105,15,849.28,296.04,957.71,546.32,1,-1,-1,-1
105,40,1672.43,296.06,1784.63,519.94,1,-1,-1,-1
106,15,849.75,296.81,957.51,545.63,1,-1,-1,-1
106,40,1670.62,292.19,1786.06,524.24,1,-1,-1,-1
107,15,850.81,298.40,957.46,544.69,1,-1,-1,-1
107,40,1664.57,286.80,1784.30,529.76,1,-1,-1,-1
108,15,850.25,296.99,958.00,545.65,1,-1,-1,-1
108,40,1661.60,286.08,1782.57,531.54,1,-1,-1,-1
109,15,850.97,297.77,958.10,544.68,1,-1,-1,-1
110,15,851.65,298.71,957.93,543.63,1,-1,-1,-1
110,40,1649.78,303.26,1759.37,525.86,1,-1,-1,-1
111,16,912.34,292.98,1013.95,534.94,1,-1,-1,-1
111,15,852.24,296.40,957.04,539.25,1,-1,-1,-1
111,40,1648.89,309.03,1753.83,522.69,1,-1,-1,-1
112,16,917.08,290.21,1020.26,537.08,1,-1,-1,-1
112,15,852.37,294.85,956.28,537.61,1,-1,-1,-1
112,40,1646.78,315.62,1745.73,516.93,1,-1,-1,-1
113,16,918.13,287.32,1023.58,540.43,1,-1,-1,-1
113,15,847.97,292.94,951.94,537.67,1,-1,-1,-1
113,40,1645.46,317.24,1742.31,514.15,1,-1,-1,-1
114,16,918.14,282.96,1024.37,539.06,1,-1,-1,-1
114,15,841.23,288.93,947.59,541.02,1,-1,-1,-1
114,40,1644.30,317.06,1741.36,513.85,1,-1,-1,-1
115,16,917.17,278.03,1026.07,541.80,1,-1,-1,-1
115,15,837.26,284.82,946.20,544.90,1,-1,-1,-1
115,40,1641.68,318.84,1737.59,513.29,1,-1,-1,-1
116,16,981.71,291.18,1081.57,533.69,1,-1,-1,-1
116,15,829.86,277.42,943.89,551.59,1,-1,-1,-1
117,16,941.47,277.49,1053.01,549.45,1,-1,-1,-1
117,15,828.51,279.10,941.00,550.93,1,-1,-1,-1
117,40,1624.11,313.44,1725.59,518.05,1,-1,-1,-1
118,16,927.29,270.27,1044.63,557.38,1,-1,-1,-1
118,15,821.56,274.63,937.37,555.85,1,-1,-1,-1
118,40,1620.77,312.71,1723.04,519.40,1,-1,-1,-1
119,16,921.61,268.70,1040.29,559.87,1,-1,-1,-1
119,15,818.17,272.95,935.19,557.09,1,-1,-1,-1
119,40,1618.80,319.71,1714.47,512.61,1,-1,-1,-1
120,16,919.04,267.52,1038.67,561.41,1,-1,-1,-1
120,40,1614.56,323.04,1707.02,509.31,1,-1,-1,-1
121,16,919.16,265.54,1040.49,563.62,1,-1,-1,-1
121,40,1612.38,324.18,1703.97,508.15,1,-1,-1,-1
122,40,1604.21,317.81,1701.79,513.82,1,-1,-1,-1
123,40,1594.68,309.63,1699.22,521.09,1,-1,-1,-1
124,16,940.69,272.99,1051.33,545.69,1,-1,-1,-1
124,40,1592.13,310.33,1696.05,521.31,1,-1,-1,-1
125,16,942.59,272.15,1053.62,545.81,1,-1,-1,-1
125,40,1591.27,311.29,1694.47,520.70,1,-1,-1,-1
126,16,943.98,271.87,1054.50,544.38,1,-1,-1,-1
126,40,1589.41,320.23,1687.19,519.78,1,-1,-1,-1
127,16,944.61,271.71,1054.82,543.43,1,-1,-1,-1
127,40,1581.87,318.30,1682.94,525.43,1,-1,-1,-1
128,16,946.32,271.00,1056.76,543.29,1,-1,-1,-1
128,40,1575.03,318.25,1676.50,526.80,1,-1,-1,-1
129,16,951.58,276.32,1057.72,538.34,1,-1,-1,-1
129,40,1573.37,320.83,1672.08,524.66,1,-1,-1,-1
130,16,954.68,280.22,1057.71,534.46,1,-1,-1,-1
130,40,1568.27,319.82,1667.31,525.79,1,-1,-1,-1
131,16,961.11,284.94,1060.37,529.75,1,-1,-1,-1
131,40,1565.22,316.79,1665.64,527.50,1,-1,-1,-1
132,16,963.29,285.96,1062.01,529.44,1,-1,-1,-1
132,40,1558.99,313.02,1661.87,530.74,1,-1,-1,-1
133,16,963.58,284.28,1063.63,531.39,1,-1,-1,-1
133,15,1540.69,311.69,1632.74,532.88,1,-1,-1,-1
133,40,1554.36,312.66,1657.93,531.84,1,-1,-1,-1
134,16,963.37,282.30,1065.07,533.48,1,-1,-1,-1
134,15,1581.51,313.58,1672.30,531.73,1,-1,-1,-1
135,16,967.89,284.19,1068.14,531.65,1,-1,-1,-1
136,16,968.21,280.89,1071.19,534.99,1,-1,-1,-1
136,40,1538.06,314.58,1639.25,530.64,1,-1,-1,-1
137,16,968.97,280.32,1072.22,534.92,1,-1,-1,-1
137,40,1536.91,316.22,1635.90,529.03,1,-1,-1,-1
138,16,967.73,276.80,1073.98,538.20,1,-1,-1,-1
138,40,1533.34,316.77,1631.29,529.17,1,-1,-1,-1
139,16,972.56,278.75,1077.73,536.17,1,-1,-1,-1
139,40,1531.54,318.29,1627.70,528.54,1,-1,-1,-1
140,16,976.72,283.50,1078.71,532.06,1,-1,-1,-1
140,40,1526.02,316.87,1622.92,529.62,1,-1,-1,-1
141,16,981.59,284.63,1082.95,531.18,1,-1,-1,-1
141,40,1525.15,318.96,1619.56,527.37,1,-1,-1,-1
142,16,983.30,284.36,1085.12,531.55,1,-1,-1,-1
142,40,1521.23,322.42,1612.29,523.83,1,-1,-1,-1
143,16,1340.12,312.11,1428.02,523.08,1,-1,-1,-1
143,40,1517.20,323.10,1607.82,523.52,1,-1,-1,-1
144,16,1383.23,315.61,1469.11,521.72,1,-1,-1,-1
144,40,1510.51,325.53,1598.49,519.10,1,-1,-1,-1
145,40,1502.56,309.56,1600.78,525.70,1,-1,-1,-1
146,40,1496.05,305.59,1596.19,525.93,1,-1,-1,-1
146,51,987.14,258.71,1105.85,542.30,1,-1,-1,-1
147,16,1034.29,267.43,1147.10,538.11,1,-1,-1,-1
147,40,1490.92,308.61,1587.56,520.82,1,-1,-1,-1
147,51,988.38,255.09,1109.00,543.22,1,-1,-1,-1
148,16,1023.58,264.33,1138.08,539.05,1,-1,-1,-1
148,40,1486.71,315.19,1577.59,514.15,1,-1,-1,-1
149,40,1481.63,318.39,1569.73,510.99,1,-1,-1,-1
150,40,1474.43,318.20,1562.49,510.57,1,-1,-1,-1
151,40,1473.92,322.80,1557.43,505.11,1,-1,-1,-1
152,40,1471.20,328.62,1549.83,499.71,1,-1,-1,-1
153,40,1469.59,329.30,1547.54,498.54,1,-1,-1,-1
154,40,1465.01,332.22,1541.54,497.52,1,-1,-1,-1
155,40,1461.02,333.71,1535.96,495.60,1,-1,-1,-1
156,40,1448.78,327.81,1529.46,501.17,1,-1,-1,-1
157,16,1091.82,300.87,1174.46,499.35,1,-1,-1,-1
157,40,1438.29,321.42,1525.53,508.10,1,-1,-1,-1
158,16,1091.82,301.96,1173.09,497.15,1,-1,-1,-1
158,40,1428.56,315.24,1521.74,514.48,1,-1,-1,-1
159,40,1421.67,316.05,1514.73,514.40,1,-1,-1,-1
159,51,701.81,251.63,830.95,563.91,1,-1,-1,-1
160,40,1417.23,311.85,1513.55,517.60,1,-1,-1,-1
160,51,691.35,255.23,816.85,560.87,1,-1,-1,-1
161,40,1413.21,314.15,1507.34,515.57,1,-1,-1,-1
161,51,684.06,258.98,805.64,555.95,1,-1,-1,-1
162,40,1406.37,313.80,1500.85,516.04,1,-1,-1,-1
162,51,683.02,262.39,801.38,552.09,1,-1,-1,-1
163,40,1399.17,312.38,1494.87,517.51,1,-1,-1,-1
163,51,676.21,253.53,798.31,554.02,1,-1,-1,-1
164,40,1393.13,311.60,1489.49,518.15,1,-1,-1,-1
164,51,669.63,250.31,792.75,554.06,1,-1,-1,-1
165,51,663.44,253.73,786.30,556.71,1,-1,-1,-1
165,55,794.69,277.05,903.30,538.94,1,-1,-1,-1
166,40,1380.52,319.20,1470.25,510.72,1,-1,-1,-1
166,51,661.36,251.09,784.06,554.40,1,-1,-1,-1
166,55,793.66,276.41,902.91,539.55,1,-1,-1,-1
167,40,1372.73,328.20,1454.91,502.45,1,-1,-1,-1
167,51,649.84,250.37,772.88,554.52,1,-1,-1,-1
167,55,786.60,271.01,900.07,544.21,1,-1,-1,-1
168,40,1366.36,332.54,1444.24,496.97,1,-1,-1,-1
168,55,784.54,269.91,898.93,545.07,1,-1,-1,-1
169,40,1363.57,333.99,1440.25,495.81,1,-1,-1,-1
169,55,780.35,271.66,893.20,543.25,1,-1,-1,-1
170,16,1023.61,284.24,1115.26,505.72,1,-1,-1,-1
170,40,1358.15,335.82,1434.19,496.13,1,-1,-1,-1
170,55,778.34,271.67,891.13,543.22,1,-1,-1,-1
171,16,1021.62,281.24,1114.66,507.19,1,-1,-1,-1
171,40,1352.70,339.14,1425.83,492.92,1,-1,-1,-1
171,55,777.62,272.39,889.91,542.51,1,-1,-1,-1
172,16,1019.53,275.55,1116.19,511.64,1,-1,-1,-1
172,40,1348.29,348.51,1416.23,490.43,1,-1,-1,-1
172,55,777.70,273.35,889.34,541.56,1,-1,-1,-1
173,16,1023.58,275.93,1119.17,510.17,1,-1,-1,-1
173,40,1340.63,333.58,1419.63,498.74,1,-1,-1,-1
173,55,776.32,269.01,891.41,545.24,1,-1,-1,-1
174,16,1026.26,277.45,1120.30,508.26,1,-1,-1,-1
174,40,1334.87,333.82,1413.64,498.50,1,-1,-1,-1
174,55,776.08,268.08,892.02,545.93,1,-1,-1,-1
175,16,1027.29,276.78,1121.63,508.82,1,-1,-1,-1
175,40,1324.90,323.98,1412.04,507.32,1,-1,-1,-1
175,55,775.78,267.10,892.60,546.83,1,-1,-1,-1
176,16,1034.49,283.09,1123.33,501.84,1,-1,-1,-1
176,40,1322.98,323.68,1409.87,507.39,1,-1,-1,-1
176,55,774.34,263.46,894.27,550.45,1,-1,-1,-1
177,16,1037.85,285.60,1124.36,499.11,1,-1,-1,-1
177,40,1317.13,322.86,1404.74,508.09,1,-1,-1,-1
177,55,776.75,254.91,901.18,551.80,1,-1,-1,-1
178,16,1039.23,285.86,1125.36,498.81,1,-1,-1,-1
178,55,776.51,248.43,905.05,554.23,1,-1,-1,-1
179,16,1039.86,285.95,1126.35,500.04,1,-1,-1,-1
179,55,775.12,242.11,908.52,559.02,1,-1,-1,-1
180,16,1040.37,286.65,1126.50,499.87,1,-1,-1,-1
180,55,773.89,237.81,910.57,562.13,1,-1,-1,-1
181,16,1041.03,286.25,1127.48,500.48,1,-1,-1,-1
181,55,773.52,236.87,911.27,563.29,1,-1,-1,-1
182,16,1045.74,289.40,1130.05,498.08,1,-1,-1,-1
182,55,773.25,236.63,911.67,564.32,1,-1,-1,-1
183,16,1047.80,290.60,1131.46,497.85,1,-1,-1,-1
183,55,773.05,236.63,911.92,564.66,1,-1,-1,-1
184,16,1048.34,290.36,1132.21,498.45,1,-1,-1,-1
184,40,1273.96,341.61,1348.33,499.75,1,-1,-1,-1
184,55,774.20,240.00,910.79,561.47,1,-1,-1,-1
185,16,1048.79,290.92,1132.22,498.03,1,-1,-1,-1
185,40,1266.74,340.66,1342.42,502.10,1,-1,-1,-1
185,55,773.62,238.27,911.36,562.45,1,-1,-1,-1
186,16,1049.34,291.11,1132.49,497.88,1,-1,-1,-1
186,40,1260.06,341.14,1335.42,502.71,1,-1,-1,-1
187,16,1049.52,291.83,1131.93,496.52,1,-1,-1,-1
187,40,1252.57,341.96,1327.63,502.26,1,-1,-1,-1
188,16,1049.89,292.75,1131.40,494.69,1,-1,-1,-1
188,40,1245.77,344.24,1319.24,501.42,1,-1,-1,-1
189,16,1049.41,291.08,1131.81,494.69,1,-1,-1,-1
189,40,1239.91,345.73,1311.96,499.76,1,-1,-1,-1
190,16,1049.81,291.77,1131.37,493.39,1,-1,-1,-1
190,40,1233.53,346.75,1304.97,499.46,1,-1,-1,-1
191,16,1050.12,292.05,1131.31,492.75,1,-1,-1,-1
191,64,1264.28,342.16,1329.75,493.80,1,-1,-1,-1
192,16,1047.82,282.66,1133.33,495.16,1,-1,-1,-1
192,64,1259.08,348.40,1320.97,491.78,1,-1,-1,-1
193,16,1048.95,283.95,1132.16,491.64,1,-1,-1,-1
193,64,1254.45,349.56,1315.63,491.30,1,-1,-1,-1
194,16,1043.76,281.14,1128.69,493.66,1,-1,-1,-1
194,55,745.22,236.48,885.82,565.23,1,-1,-1,-1
194,64,1238.77,346.61,1302.98,495.32,1,-1,-1,-1
195,16,1038.38,286.01,1122.38,495.72,1,-1,-1,-1
195,55,743.06,235.71,884.22,565.79,1,-1,-1,-1
195,64,1230.22,346.95,1294.82,496.67,1,-1,-1,-1
196,16,1034.62,284.61,1120.35,498.52,1,-1,-1,-1
196,64,1222.77,347.18,1287.57,497.38,1,-1,-1,-1
197,16,1032.42,282.79,1119.80,500.87,1,-1,-1,-1
198,16,1033.04,286.02,1118.20,498.50,1,-1,-1,-1
198,55,721.01,230.37,867.39,570.61,1,-1,-1,-1
198,64,1208.30,343.61,1271.83,490.28,1,-1,-1,-1
199,16,1029.14,286.64,1113.89,498.22,1,-1,-1,-1
199,55,717.44,229.32,864.63,571.47,1,-1,-1,-1
199,64,1203.42,351.52,1263.08,488.55,1,-1,-1,-1
200,16,1027.46,286.87,1111.92,498.11,1,-1,-1,-1
200,64,1197.11,354.87,1254.84,487.29,1,-1,-1,-1
201,16,1027.10,288.28,1110.37,496.74,1,-1,-1,-1
201,64,1190.19,356.01,1247.13,486.61,1,-1,-1,-1
202,16,1022.50,287.48,1106.39,497.55,1,-1,-1,-1
202,64,1180.57,345.75,1243.17,488.40,1,-1,-1,-1
203,16,1020.90,288.50,1104.24,497.19,1,-1,-1,-1
203,64,1171.80,342.47,1237.28,490.67,1,-1,-1,-1
204,16,1019.92,288.89,1102.62,496.39,1,-1,-1,-1
204,64,1166.01,348.45,1228.85,490.22,1,-1,-1,-1
205,16,1019.54,288.36,1102.15,496.10,1,-1,-1,-1
205,64,1159.58,351.51,1221.21,490.04,1,-1,-1,-1
206,16,1015.71,288.16,1098.51,496.65,1,-1,-1,-1
206,64,1149.62,348.61,1215.16,495.34,1,-1,-1,-1
207,16,1014.95,290.06,1095.92,494.22,1,-1,-1,-1
207,64,1142.19,348.60,1207.97,495.87,1,-1,-1,-1
208,16,1013.73,289.45,1095.36,495.30,1,-1,-1,-1
209,16,1013.45,289.87,1095.10,495.71,1,-1,-1,-1
210,16,1012.46,288.70,1095.36,497.85,1,-1,-1,-1
210,64,1111.81,340.14,1186.30,505.86,1,-1,-1,-1
211,16,1009.36,291.54,1091.04,497.35,1,-1,-1,-1
211,64,1103.65,339.35,1179.08,507.18,1,-1,-1,-1
212,16,1007.27,291.30,1089.76,499.14,1,-1,-1,-1
212,64,1094.71,338.13,1171.60,508.88,1,-1,-1,-1
213,16,1007.36,296.48,1087.86,499.14,1,-1,-1,-1
213,64,1089.46,344.38,1163.47,508.09,1,-1,-1,-1
214,16,1006.72,297.77,1087.30,501.13,1,-1,-1,-1
214,64,1081.52,344.19,1156.13,509.25,1,-1,-1,-1
215,16,1005.77,296.89,1087.25,502.52,1,-1,-1,-1
215,64,1072.65,341.67,1150.99,514.74,1,-1,-1,-1
216,16,1003.27,299.83,1082.88,500.38,1,-1,-1,-1
216,55,558.18,247.56,687.63,553.40,1,-1,-1,-1
216,64,1063.66,335.82,1147.13,520.72,1,-1,-1,-1
217,16,1001.73,300.25,1081.26,500.21,1,-1,-1,-1
217,55,554.25,239.18,685.51,552.14,1,-1,-1,-1
217,64,1060.04,334.95,1144.20,521.62,1,-1,-1,-1
218,16,1001.23,301.04,1080.04,498.81,1,-1,-1,-1
218,55,553.33,237.67,683.75,551.08,1,-1,-1,-1
218,64,1052.31,334.02,1137.75,523.52,1,-1,-1,-1
219,16,1000.67,301.30,1079.41,498.28,1,-1,-1,-1
219,55,553.70,238.46,682.44,549.38,1,-1,-1,-1
220,16,1000.85,302.03,1079.57,498.08,1,-1,-1,-1
220,55,555.65,240.79,681.55,546.09,1,-1,-1,-1
221,16,997.04,303.61,1074.97,497.34,1,-1,-1,-1
221,55,558.27,245.73,679.93,541.54,1,-1,-1,-1
222,16,995.29,303.49,1073.67,497.73,1,-1,-1,-1
222,55,558.59,245.49,679.85,541.28,1,-1,-1,-1
223,16,994.86,306.08,1071.75,495.89,1,-1,-1,-1
223,55,558.02,243.37,680.81,543.27,1,-1,-1,-1
224,16,988.96,303.00,1068.87,499.89,1,-1,-1,-1
224,55,558.19,243.23,681.06,543.39,1,-1,-1,-1
225,16,991.47,302.52,1071.75,499.38,1,-1,-1,-1
225,55,554.13,243.83,676.92,543.48,1,-1,-1,-1
226,16,993.03,303.63,1073.10,499.18,1,-1,-1,-1
226,32,417.86,342.99,500.92,526.99,1,-1,-1,-1
226,55,550.98,240.05,677.24,548.21,1,-1,-1,-1
227,16,993.14,302.71,1074.20,499.76,1,-1,-1,-1
227,32,421.28,343.35,504.28,527.22,1,-1,-1,-1
227,55,550.13,238.64,677.22,548.67,1,-1,-1,-1
228,16,999.58,307.63,1076.85,494.69,1,-1,-1,-1
228,32,419.63,347.53,499.07,523.49,1,-1,-1,-1
228,55,545.03,238.11,672.35,548.86,1,-1,-1,-1
229,16,1003.13,311.52,1077.56,490.71,1,-1,-1,-1
229,32,414.65,348.97,492.88,521.40,1,-1,-1,-1
229,55,542.26,235.28,672.21,552.23,1,-1,-1,-1
230,16,1005.14,314.94,1077.13,487.25,1,-1,-1,-1
230,15,1640.36,146.01,1835.79,597.00,1,-1,-1,-1
230,32,412.99,349.36,490.99,520.80,1,-1,-1,-1
230,55,539.47,230.30,673.43,556.12,1,-1,-1,-1
231,16,999.87,312.04,1074.80,490.80,1,-1,-1,-1
231,15,1636.83,150.06,1830.40,592.35,1,-1,-1,-1
231,32,405.84,345.13,487.70,524.95,1,-1,-1,-1
231,55,532.45,224.52,671.56,562.14,1,-1,-1,-1
232,16,996.18,308.35,1073.82,493.39,1,-1,-1,-1
232,15,1631.56,154.71,1821.97,588.19,1,-1,-1,-1
232,32,398.82,344.33,481.59,525.71,1,-1,-1,-1
232,55,528.97,221.04,671.15,565.08,1,-1,-1,-1
232,27,1407.81,175.27,1575.83,584.95,1,-1,-1,-1
233,16,995.53,309.55,1072.08,491.76,1,-1,-1,-1
233,15,1629.11,152.87,1820.63,588.87,1,-1,-1,-1
233,32,395.86,344.04,479.17,525.99,1,-1,-1,-1
233,55,528.73,222.34,670.08,563.58,1,-1,-1,-1
233,27,1397.29,172.65,1567.95,587.98,1,-1,-1,-1
234,16,990.63,308.00,1068.79,493.80,1,-1,-1,-1
234,15,1614.05,157.64,1801.69,585.46,1,-1,-1,-1
234,32,390.62,344.62,473.87,526.08,1,-1,-1,-1
234,55,524.23,223.58,665.14,562.93,1,-1,-1,-1
234,27,1382.18,167.28,1557.40,593.36,1,-1,-1,-1
235,16,989.57,310.05,1066.20,491.94,1,-1,-1,-1
235,15,1611.11,156.05,1799.68,585.98,1,-1,-1,-1
235,32,388.10,344.84,471.38,526.10,1,-1,-1,-1
235,55,522.05,223.45,663.25,562.65,1,-1,-1,-1
235,27,1376.07,180.28,1544.25,588.77,1,-1,-1,-1
236,16,988.32,309.49,1065.50,492.56,1,-1,-1,-1
236,32,383.70,347.61,464.79,524.09,1,-1,-1,-1
236,55,517.70,225.41,657.71,561.19,1,-1,-1,-1
236,27,1362.36,191.41,1523.19,581.29,1,-1,-1,-1
237,16,988.88,312.58,1063.62,489.49,1,-1,-1,-1
237,32,381.92,348.65,462.07,523.32,1,-1,-1,-1
237,55,513.66,220.92,657.55,565.89,1,-1,-1,-1
237,27,1355.63,202.21,1508.28,571.59,1,-1,-1,-1
238,16,984.17,313.06,1058.56,489.00,1,-1,-1,-1
238,32,374.96,344.99,458.22,526.41,1,-1,-1,-1
238,55,508.70,221.22,652.60,566.32,1,-1,-1,-1
238,27,1340.06,207.85,1488.52,566.17,1,-1,-1,-1
239,16,978.00,311.89,1053.23,489.50,1,-1,-1,-1
239,32,367.28,341.67,453.56,530.17,1,-1,-1,-1
239,55,506.03,218.76,651.69,568.41,1,-1,-1,-1
239,27,1329.34,209.56,1476.88,564.42,1,-1,-1,-1
240,16,973.89,308.78,1051.86,493.02,1,-1,-1,-1
240,32,359.98,339.76,447.90,532.24,1,-1,-1,-1
240,55,500.25,217.21,647.15,569.82,1,-1,-1,-1
240,27,1316.97,212.71,1462.38,561.17,1,-1,-1,-1
241,16,968.83,308.27,1047.14,493.68,1,-1,-1,-1
241,32,357.19,340.34,444.67,532.37,1,-1,-1,-1
241,55,497.21,214.69,645.80,571.63,1,-1,-1,-1
241,27,1308.07,213.62,1452.43,558.76,1,-1,-1,-1
242,16,966.59,308.73,1044.47,493.28,1,-1,-1,-1
242,15,1512.44,182.51,1676.92,559.97,1,-1,-1,-1
242,32,353.16,341.91,438.84,530.41,1,-1,-1,-1
242,55,493.22,217.70,639.19,568.37,1,-1,-1,-1
242,27,1286.03,213.77,1431.16,560.07,1,-1,-1,-1
243,16,966.86,312.21,1041.86,489.82,1,-1,-1,-1
243,15,1498.07,188.19,1657.30,555.25,1,-1,-1,-1
243,32,351.55,343.19,435.72,528.97,1,-1,-1,-1
243,55,492.29,220.24,636.31,566.39,1,-1,-1,-1
243,27,1275.75,218.41,1417.22,555.23,1,-1,-1,-1
244,16,955.72,306.83,1035.61,495.87,1,-1,-1,-1
244,15,1484.78,191.88,1640.57,552.49,1,-1,-1,-1
244,32,346.55,343.02,430.63,529.07,1,-1,-1,-1
244,55,486.12,217.92,632.03,568.27,1,-1,-1,-1
244,27,1261.76,218.59,1403.85,555.61,1,-1,-1,-1
245,16,951.31,305.55,1032.52,497.39,1,-1,-1,-1
245,15,1473.52,199.92,1622.12,546.15,1,-1,-1,-1
245,32,343.74,341.64,428.61,529.77,1,-1,-1,-1
245,55,479.02,215.75,626.22,569.61,1,-1,-1,-1
245,27,1251.85,217.19,1395.36,557.17,1,-1,-1,-1
