3,4,1012.51,445.15,1113.27,674.24,1,-1,-1,-1
4,4,1016.56,441.40,1119.09,674.72,1,-1,-1,-1
4,1,736.02,363.88,894.74,744.75,1,-1,-1,-1
5,4,1018.19,436.52,1122.84,674.68,1,-1,-1,-1
5,1,884.96,422.75,999.36,696.81,1,-1,-1,-1
6,4,1018.99,446.17,1121.22,679.13,1,-1,-1,-1
6,1,1479.91,420.60,1604.96,718.59,1,-1,-1,-1
7,4,1020.43,444.31,1123.87,680.01,1,-1,-1,-1
7,1,1187.63,448.26,1290.75,693.76,1,-1,-1,-1
8,1,1061.93,457.91,1157.51,685.12,1,-1,-1,-1
8,12,565.83,382.20,720.39,747.00,1,-1,-1,-1
9,1,1464.71,429.03,1590.55,726.27,1,-1,-1,-1
9,12,571.54,381.82,726.64,747.77,1,-1,-1,-1
10,4,1026.05,454.47,1128.17,687.53,1,-1,-1,-1
10,1,1588.50,419.00,1725.24,740.17,1,-1,-1,-1
10,12,583.27,381.58,738.51,748.01,1,-1,-1,-1
11,4,1027.65,454.57,1130.38,689.02,1,-1,-1,-1
11,1,1263.86,446.79,1376.69,711.65,1,-1,-1,-1
11,12,598.22,382.86,752.63,747.36,1,-1,-1,-1
12,1,1115.59,458.00,1218.99,700.76,1,-1,-1,-1
12,12,609.06,386.07,761.16,745.01,1,-1,-1,-1
13,1,1070.18,459.39,1172.24,699.32,1,-1,-1,-1
13,12,615.49,382.28,770.57,748.36,1,-1,-1,-1
14,1,1059.20,458.36,1162.33,700.93,1,-1,-1,-1
14,12,624.02,389.05,776.62,749.55,1,-1,-1,-1
14,14,1628.32,416.98,1786.82,764.91,1,-1,-1,-1
15,1,767.03,410.36,906.08,738.17,1,-1,-1,-1
15,12,632.13,390.55,784.26,749.94,1,-1,-1,-1
15,14,1636.16,419.93,1793.58,765.40,1,-1,-1,-1
16,4,1065.55,460.63,1168.67,696.97,1,-1,-1,-1
16,1,671.88,390.59,822.93,747.28,1,-1,-1,-1
16,14,1648.88,420.70,1805.83,765.45,1,-1,-1,-1
17,4,1068.28,460.38,1171.31,697.46,1,-1,-1,-1
17,1,632.08,382.51,787.46,749.19,1,-1,-1,-1
17,14,1650.98,415.80,1812.20,770.43,1,-1,-1,-1
18,4,1075.63,463.62,1175.10,692.99,1,-1,-1,-1
18,1,622.30,375.62,779.07,745.29,1,-1,-1,-1
18,14,1655.74,412.65,1819.55,773.49,1,-1,-1,-1
19,4,1071.93,456.77,1173.87,691.91,1,-1,-1,-1
19,1,619.64,367.98,777.90,740.33,1,-1,-1,-1
19,14,1655.69,408.07,1823.43,777.92,1,-1,-1,-1
20,4,1075.37,455.58,1176.34,688.87,1,-1,-1,-1
20,1,620.56,365.18,778.89,736.95,1,-1,-1,-1
20,14,1654.44,405.05,1824.94,780.81,1,-1,-1,-1
21,4,1076.60,453.80,1177.70,687.68,1,-1,-1,-1
21,1,626.60,359.79,785.44,732.27,1,-1,-1,-1
21,14,1664.26,405.28,1834.04,780.46,1,-1,-1,-1
22,4,1082.31,455.12,1181.96,685.90,1,-1,-1,-1
22,1,639.27,357.25,798.15,730.35,1,-1,-1,-1
22,14,1668.95,404.28,1840.17,782.64,1,-1,-1,-1
23,4,1083.46,452.98,1184.97,687.89,1,-1,-1,-1
23,1,645.14,361.02,804.32,733.41,1,-1,-1,-1
23,14,1685.47,406.19,1854.11,780.26,1,-1,-1,-1
24,4,1089.18,454.83,1189.80,687.98,1,-1,-1,-1
24,1,657.89,362.68,817.13,735.17,1,-1,-1,-1
24,14,1700.67,408.58,1866.55,777.88,1,-1,-1,-1
25,4,1091.01,454.89,1191.70,688.67,1,-1,-1,-1
25,1,636.60,358.75,798.40,737.22,1,-1,-1,-1
25,14,1712.27,413.44,1873.76,773.67,1,-1,-1,-1
26,4,1091.26,453.59,1192.60,689.59,1,-1,-1,-1
26,14,1719.87,413.75,1881.46,774.20,1,-1,-1,-1
27,4,1089.78,451.14,1193.62,693.22,1,-1,-1,-1
27,17,673.68,362.01,840.10,739.98,1,-1,-1,-1
28,4,1089.86,455.44,1193.19,696.54,1,-1,-1,-1
28,17,675.17,365.15,838.85,736.81,1,-1,-1,-1
29,4,1086.34,458.45,1188.43,696.48,1,-1,-1,-1
29,17,674.17,362.40,839.91,738.81,1,-1,-1,-1
30,4,1083.78,453.63,1186.99,694.44,1,-1,-1,-1
30,17,679.36,358.59,844.72,733.81,1,-1,-1,-1
31,4,1083.44,452.48,1186.39,692.34,1,-1,-1,-1
31,17,692.86,360.76,854.35,727.18,1,-1,-1,-1
32,4,1081.90,445.45,1186.81,689.54,1,-1,-1,-1
32,17,703.65,359.48,861.43,717.92,1,-1,-1,-1
33,4,1081.52,438.24,1187.36,684.55,1,-1,-1,-1
33,17,711.24,351.42,869.56,711.99,1,-1,-1,-1
34,4,1082.08,438.15,1185.48,678.72,1,-1,-1,-1
34,17,710.55,351.97,866.68,707.29,1,-1,-1,-1
35,4,1082.68,436.60,1186.22,677.52,1,-1,-1,-1
35,17,704.84,350.90,861.08,706.44,1,-1,-1,-1
36,4,1071.26,436.57,1174.60,677.63,1,-1,-1,-1
36,17,702.93,355.95,857.92,709.66,1,-1,-1,-1
37,4,1067.07,432.36,1173.76,681.59,1,-1,-1,-1
37,17,702.87,363.92,855.90,713.70,1,-1,-1,-1
38,4,1065.98,431.54,1173.09,682.33,1,-1,-1,-1
38,17,702.52,365.55,856.00,716.65,1,-1,-1,-1
39,4,1070.67,433.26,1176.31,681.32,1,-1,-1,-1
39,17,706.26,364.78,861.41,720.48,1,-1,-1,-1
40,4,1073.03,435.96,1176.39,678.97,1,-1,-1,-1
40,17,701.90,362.48,859.80,724.59,1,-1,-1,-1
41,4,1068.48,433.05,1173.91,680.76,1,-1,-1,-1
41,17,703.59,358.96,864.33,728.14,1,-1,-1,-1
42,4,1071.20,428.06,1177.14,677.50,1,-1,-1,-1
42,17,706.13,362.87,864.07,724.23,1,-1,-1,-1
43,4,1072.27,420.94,1179.03,672.33,1,-1,-1,-1
43,17,710.17,356.40,870.09,722.04,1,-1,-1,-1
44,4,1078.32,419.60,1183.32,667.11,1,-1,-1,-1
44,17,716.80,349.38,876.98,715.97,1,-1,-1,-1
45,4,1084.44,413.89,1189.76,662.52,1,-1,-1,-1
45,17,728.30,340.81,888.95,710.38,1,-1,-1,-1
46,4,1082.22,409.84,1188.72,661.51,1,-1,-1,-1
46,17,733.67,340.25,892.26,705.67,1,-1,-1,-1
47,4,1084.33,401.83,1193.83,660.55,1,-1,-1,-1
47,17,740.50,336.15,897.72,699.31,1,-1,-1,-1
48,4,1090.37,400.83,1199.59,658.28,1,-1,-1,-1
48,17,752.93,336.01,908.20,695.00,1,-1,-1,-1
49,4,1092.25,399.28,1202.17,658.14,1,-1,-1,-1
49,17,757.90,330.72,912.86,689.49,1,-1,-1,-1
50,4,1094.72,402.07,1201.28,652.89,1,-1,-1,-1
50,17,764.93,324.84,918.37,681.57,1,-1,-1,-1
51,4,1090.24,397.29,1196.86,647.63,1,-1,-1,-1
51,17,766.06,316.08,920.27,676.05,1,-1,-1,-1
52,4,1083.11,388.97,1191.34,643.10,1,-1,-1,-1
52,17,761.72,306.97,916.18,669.48,1,-1,-1,-1
53,4,1075.26,380.68,1185.20,638.20,1,-1,-1,-1
53,17,757.37,303.65,908.44,658.57,1,-1,-1,-1
54,4,1065.97,369.12,1179.98,636.43,1,-1,-1,-1
54,17,749.61,298.58,901.94,657.26,1,-1,-1,-1
55,4,1056.22,361.60,1174.54,639.08,1,-1,-1,-1
55,14,1740.07,370.17,1878.33,674.38,1,-1,-1,-1
55,17,745.96,296.16,898.88,657.58,1,-1,-1,-1
56,4,1048.68,360.78,1167.26,638.90,1,-1,-1,-1
56,14,1730.40,362.94,1875.67,679.80,1,-1,-1,-1
56,17,739.45,294.07,894.19,660.50,1,-1,-1,-1
57,4,1047.42,368.50,1162.24,637.62,1,-1,-1,-1
57,14,1721.01,356.83,1872.21,684.47,1,-1,-1,-1
57,17,731.36,291.45,888.80,663.70,1,-1,-1,-1
58,4,1046.86,370.39,1161.28,638.55,1,-1,-1,-1
58,14,1718.84,353.92,1870.68,682.94,1,-1,-1,-1
58,17,733.02,291.24,891.19,665.02,1,-1,-1,-1
59,4,1046.12,370.52,1160.96,639.62,1,-1,-1,-1
59,17,729.78,297.21,886.83,667.60,1,-1,-1,-1
60,4,1042.33,371.99,1156.61,639.41,1,-1,-1,-1
60,17,727.20,297.63,885.87,670.64,1,-1,-1,-1
61,4,1041.01,373.30,1154.36,638.73,1,-1,-1,-1
61,17,722.64,300.49,880.61,669.86,1,-1,-1,-1
62,4,1035.12,373.87,1148.50,639.18,1,-1,-1,-1
62,14,1720.59,362.33,1866.39,678.83,1,-1,-1,-1
62,17,715.28,299.68,875.04,671.59,1,-1,-1,-1
63,4,1029.71,376.13,1141.73,638.07,1,-1,-1,-1
63,14,1722.98,367.53,1864.03,674.31,1,-1,-1,-1
63,17,711.16,296.79,873.75,674.25,1,-1,-1,-1
64,4,1026.78,379.03,1139.64,643.00,1,-1,-1,-1
64,14,1722.94,367.14,1864.07,675.60,1,-1,-1,-1
64,17,711.03,303.61,871.95,676.58,1,-1,-1,-1
65,4,1024.30,378.16,1140.44,649.49,1,-1,-1,-1
65,14,1731.72,369.68,1874.07,682.79,1,-1,-1,-1
65,17,715.51,305.64,876.18,678.16,1,-1,-1,-1
66,4,1024.85,385.04,1140.09,653.90,1,-1,-1,-1
66,14,1741.33,378.59,1881.43,687.49,1,-1,-1,-1
66,17,729.22,316.33,885.01,678.09,1,-1,-1,-1
67,4,1022.24,385.27,1137.75,654.76,1,-1,-1,-1
67,14,1749.96,391.98,1888.58,697.31,1,-1,-1,-1
67,17,932.43,373.19,1060.63,671.38,1,-1,-1,-1
68,1,739.76,325.58,895.24,689.42,1,-1,-1,-1
68,14,1752.33,404.94,1891.95,711.64,1,-1,-1,-1
68,17,1010.93,400.22,1129.29,675.23,1,-1,-1,-1
69,1,749.49,325.78,903.99,687.33,1,-1,-1,-1
69,14,1748.00,412.95,1888.96,722.87,1,-1,-1,-1
69,17,835.60,351.95,977.66,683.55,1,-1,-1,-1
70,4,1025.47,413.38,1138.98,678.24,1,-1,-1,-1
70,14,1736.06,419.78,1878.82,733.57,1,-1,-1,-1
70,17,781.57,335.83,931.29,686.82,1,-1,-1,-1
71,4,1019.94,413.98,1135.62,683.79,1,-1,-1,-1
71,14,1724.45,421.53,1872.78,747.35,1,-1,-1,-1
71,17,758.22,322.63,913.02,686.82,1,-1,-1,-1
72,4,1013.01,409.59,1130.36,683.01,1,-1,-1,-1
72,14,1723.23,425.91,1872.19,753.13,1,-1,-1,-1
72,17,740.33,317.47,896.94,686.11,1,-1,-1,-1
73,4,1015.73,405.23,1132.36,676.71,1,-1,-1,-1
73,17,737.70,309.69,896.09,683.18,1,-1,-1,-1
74,4,1022.67,404.15,1137.33,670.88,1,-1,-1,-1
74,17,741.38,306.15,900.16,681.36,1,-1,-1,-1
75,4,1036.33,403.69,1146.95,660.63,1,-1,-1,-1
75,17,746.54,298.39,907.78,678.02,1,-1,-1,-1
76,4,1045.14,396.08,1157.05,655.39,1,-1,-1,-1
76,17,753.03,289.67,917.08,674.78,1,-1,-1,-1
77,4,1047.10,391.31,1160.60,654.16,1,-1,-1,-1
77,17,754.54,284.50,921.37,675.49,1,-1,-1,-1
78,4,1037.18,381.62,1154.67,653.07,1,-1,-1,-1
78,17,755.87,283.31,922.59,674.47,1,-1,-1,-1
79,4,1029.85,381.26,1146.15,650.08,1,-1,-1,-1
79,14,1656.04,377.12,1850.90,797.78,1,-1,-1,-1
79,17,746.38,281.06,915.07,676.04,1,-1,-1,-1
80,4,1021.88,380.54,1138.01,648.97,1,-1,-1,-1
80,14,1650.45,375.46,1848.90,803.89,1,-1,-1,-1
80,17,745.07,285.56,910.13,672.08,1,-1,-1,-1
81,4,1014.43,380.33,1130.84,649.25,1,-1,-1,-1
81,14,1600.75,361.22,1814.83,812.99,1,-1,-1,-1
81,17,748.63,289.46,913.11,675.84,1,-1,-1,-1
82,4,1011.75,384.92,1127.46,652.04,1,-1,-1,-1
82,14,1571.82,354.34,1794.78,819.11,1,-1,-1,-1
82,17,757.43,296.94,916.87,672.65,1,-1,-1,-1
83,4,1011.19,387.38,1126.53,653.13,1,-1,-1,-1
83,14,1552.84,354.97,1777.63,818.14,1,-1,-1,-1
83,17,761.56,301.23,917.82,670.10,1,-1,-1,-1
84,4,1010.54,388.33,1126.77,655.55,1,-1,-1,-1
84,14,1543.43,361.13,1763.73,811.72,1,-1,-1,-1
84,17,763.96,304.87,917.47,667.84,1,-1,-1,-1
85,4,1010.25,392.65,1126.37,659.11,1,-1,-1,-1
85,14,1524.09,354.50,1747.31,809.62,1,-1,-1,-1
85,17,765.94,312.93,916.37,668.35,1,-1,-1,-1
86,4,1010.41,390.33,1126.75,657.16,1,-1,-1,-1
86,14,1512.67,352.16,1739.05,813.71,1,-1,-1,-1
86,17,1273.07,346.76,1447.66,752.34,1,-1,-1,-1
87,4,1004.15,386.15,1124.08,660.37,1,-1,-1,-1
87,14,1495.63,367.53,1704.29,791.21,1,-1,-1,-1
87,17,976.40,332.89,1134.23,700.06,1,-1,-1,-1
88,4,1001.38,383.27,1123.58,662.23,1,-1,-1,-1
88,14,1468.17,366.26,1678.53,791.57,1,-1,-1,-1
88,17,838.69,327.79,988.58,675.96,1,-1,-1,-1
89,4,1001.13,388.72,1122.05,664.23,1,-1,-1,-1
89,14,1444.52,364.50,1656.55,793.02,1,-1,-1,-1
89,17,786.67,321.78,937.21,671.27,1,-1,-1,-1
90,4,1000.47,390.20,1122.17,666.96,1,-1,-1,-1
90,14,1423.78,357.95,1642.64,799.45,1,-1,-1,-1
90,17,767.62,323.60,918.55,673.60,1,-1,-1,-1
91,4,1001.09,396.02,1122.11,670.59,1,-1,-1,-1
91,14,1411.00,367.89,1624.27,797.91,1,-1,-1,-1
91,17,764.36,321.58,917.86,677.81,1,-1,-1,-1
92,4,1010.73,398.22,1131.97,672.59,1,-1,-1,-1
92,14,1396.01,367.62,1610.23,799.57,1,-1,-1,-1
92,17,765.61,316.17,924.62,684.67,1,-1,-1,-1
93,4,1028.96,400.35,1148.87,671.98,1,-1,-1,-1
93,17,779.67,317.38,941.22,692.46,1,-1,-1,-1
94,4,1044.33,399.13,1165.35,673.69,1,-1,-1,-1
94,14,1401.31,358.57,1620.14,800.45,1,-1,-1,-1
94,17,792.02,323.07,950.69,690.84,1,-1,-1,-1
95,4,1050.82,399.96,1171.27,672.97,1,-1,-1,-1
95,14,1396.43,357.15,1617.03,800.60,1,-1,-1,-1
95,17,801.09,324.60,959.40,690.79,1,-1,-1,-1
96,4,1051.65,393.63,1174.21,671.33,1,-1,-1,-1
96,14,1391.00,358.64,1610.63,798.66,1,-1,-1,-1
96,17,801.76,314.57,965.33,692.70,1,-1,-1,-1
97,4,1050.63,383.37,1176.42,668.72,1,-1,-1,-1
97,14,1383.68,353.30,1605.01,794.58,1,-1,-1,-1
97,17,813.96,316.68,973.77,686.21,1,-1,-1,-1
98,4,1059.77,378.82,1186.42,667.05,1,-1,-1,-1
98,14,1382.36,353.96,1602.12,789.73,1,-1,-1,-1
98,17,832.59,313.55,990.87,679.62,1,-1,-1,-1
99,4,1069.50,381.04,1193.63,663.13,1,-1,-1,-1
99,14,1375.66,351.61,1598.75,791.18,1,-1,-1,-1
99,17,848.89,310.39,1007.60,678.47,1,-1,-1,-1
100,4,1077.86,381.96,1200.69,661.61,1,-1,-1,-1
100,14,1377.52,358.68,1593.67,783.16,1,-1,-1,-1
100,17,864.55,309.89,1022.46,676.73,1,-1,-1,-1
101,4,1086.53,383.67,1207.41,659.07,1,-1,-1,-1
101,14,1370.20,358.33,1586.08,782.29,1,-1,-1,-1
101,17,1216.67,335.52,1395.72,744.87,1,-1,-1,-1
102,4,1093.50,383.02,1214.49,659.46,1,-1,-1,-1
102,14,1369.40,343.07,1589.74,777.16,1,-1,-1,-1
102,17,1027.41,318.29,1192.74,698.21,1,-1,-1,-1
103,4,1099.80,380.16,1222.33,660.95,1,-1,-1,-1
103,14,1371.64,345.06,1586.51,769.90,1,-1,-1,-1
103,17,948.92,310.83,1107.17,675.92,1,-1,-1,-1
104,4,1103.05,380.41,1224.70,660.22,1,-1,-1,-1
104,14,1368.34,341.84,1579.82,762.63,1,-1,-1,-1
104,17,924.88,308.77,1079.61,667.03,1,-1,-1,-1
105,4,1108.75,381.21,1229.28,659.95,1,-1,-1,-1
105,14,1361.07,346.69,1564.51,753.37,1,-1,-1,-1
105,17,920.69,304.69,1073.54,659.12,1,-1,-1,-1
106,4,1110.54,376.25,1231.62,657.88,1,-1,-1,-1
106,14,1353.70,343.21,1554.55,746.65,1,-1,-1,-1
106,17,919.05,303.20,1070.85,655.59,1,-1,-1,-1
107,4,1115.56,373.75,1236.37,656.45,1,-1,-1,-1
107,14,1345.34,339.31,1547.64,746.98,1,-1,-1,-1
107,17,922.30,302.03,1074.22,655.04,1,-1,-1,-1
108,4,1122.33,373.50,1242.16,655.28,1,-1,-1,-1
108,14,1332.68,336.58,1536.53,748.55,1,-1,-1,-1
108,17,923.59,300.97,1076.37,655.59,1,-1,-1,-1
109,4,1130.01,374.11,1248.77,654.20,1,-1,-1,-1
109,14,1329.72,342.88,1531.06,751.24,1,-1,-1,-1
109,17,927.32,297.96,1082.87,658.52,1,-1,-1,-1
110,4,1137.68,375.05,1255.37,653.15,1,-1,-1,-1
110,14,1323.70,344.02,1524.56,753.71,1,-1,-1,-1
110,17,931.69,293.58,1091.26,663.64,1,-1,-1,-1
111,4,1144.96,378.09,1262.99,658.09,1,-1,-1,-1
111,14,1317.02,343.43,1517.40,752.15,1,-1,-1,-1
111,17,936.24,293.27,1099.75,672.81,1,-1,-1,-1
112,4,1154.98,376.61,1275.98,664.58,1,-1,-1,-1
112,17,947.22,297.12,1112.33,681.55,1,-1,-1,-1
113,4,1169.45,384.55,1288.12,667.02,1,-1,-1,-1
113,17,947.06,288.87,1121.86,694.69,1,-1,-1,-1
114,4,1176.80,381.03,1300.39,675.23,1,-1,-1,-1
114,17,971.28,308.89,1136.92,693.86,1,-1,-1,-1
115,4,1183.82,381.06,1308.07,676.82,1,-1,-1,-1
115,17,996.36,321.07,1154.87,690.69,1,-1,-1,-1
116,4,1190.20,371.01,1318.24,675.79,1,-1,-1,-1
116,17,1008.98,316.87,1167.70,687.42,1,-1,-1,-1
117,4,1198.79,372.00,1324.33,671.06,1,-1,-1,-1
117,17,1024.04,313.97,1180.01,679.56,1,-1,-1,-1
118,4,1205.90,371.22,1332.08,671.80,1,-1,-1,-1
118,17,1035.72,311.51,1187.21,667.24,1,-1,-1,-1
119,17,1040.02,301.84,1189.81,653.90,1,-1,-1,-1
120,17,1044.95,292.27,1195.43,647.04,1,-1,-1,-1
121,17,1041.18,285.45,1193.91,646.59,1,-1,-1,-1
122,17,1037.24,288.90,1186.09,640.59,1,-1,-1,-1
123,17,1024.47,288.34,1173.56,640.45,1,-1,-1,-1
124,17,1005.56,287.54,1155.60,641.83,1,-1,-1,-1
125,17,983.99,287.30,1134.70,642.45,1,-1,-1,-1
126,17,965.93,285.94,1117.50,643.44,1,-1,-1,-1
127,17,945.51,285.49,1097.07,642.56,1,-1,-1,-1
128,17,928.53,285.37,1080.35,642.30,1,-1,-1,-1
129,17,912.97,285.38,1065.12,642.92,1,-1,-1,-1
130,17,897.35,284.77,1050.48,644.53,1,-1,-1,-1
131,17,888.98,283.75,1042.15,643.60,1,-1,-1,-1
132,17,867.13,286.83,1022.84,653.04,1,-1,-1,-1
133,17,857.35,286.24,1013.37,653.19,1,-1,-1,-1
145,36,863.58,336.01,1021.10,695.63,1,-1,-1,-1
146,36,832.12,334.38,988.10,691.52,1,-1,-1,-1
147,4,1681.23,401.77,1820.44,726.85,1,-1,-1,-1
147,36,660.78,327.68,831.63,717.82,1,-1,-1,-1
148,4,1698.64,403.01,1838.18,728.87,1,-1,-1,-1
148,17,860.82,350.94,1004.12,690.50,1,-1,-1,-1
148,36,1301.92,374.23,1456.61,726.80,1,-1,-1,-1
149,17,861.20,349.10,1005.72,695.05,1,-1,-1,-1
149,36,1565.73,395.24,1715.91,737.02,1,-1,-1,-1
150,17,859.68,360.05,998.34,694.47,1,-1,-1,-1
150,36,1653.96,402.26,1802.54,739.58,1,-1,-1,-1
151,17,859.48,364.69,995.34,694.12,1,-1,-1,-1
151,36,940.99,357.74,1105.66,729.91,1,-1,-1,-1
152,17,862.26,356.08,1001.00,693.91,1,-1,-1,-1
152,36,1396.00,378.49,1549.99,726.49,1,-1,-1,-1
153,17,857.72,350.84,998.74,695.11,1,-1,-1,-1
153,36,1582.17,380.41,1733.70,722.08,1,-1,-1,-1
154,17,852.55,350.76,992.82,693.53,1,-1,-1,-1
154,36,1647.50,374.99,1799.46,717.04,1,-1,-1,-1
155,17,845.45,345.35,986.51,690.21,1,-1,-1,-1
155,36,1669.05,366.96,1822.62,711.81,1,-1,-1,-1
156,17,850.29,338.65,994.65,692.23,1,-1,-1,-1
156,36,1676.85,365.97,1829.14,707.19,1,-1,-1,-1
157,17,848.60,338.10,992.83,691.67,1,-1,-1,-1
157,36,1677.76,360.97,1830.18,701.45,1,-1,-1,-1
158,17,851.36,334.60,997.40,694.06,1,-1,-1,-1
158,36,1676.95,359.81,1829.14,698.68,1,-1,-1,-1
159,17,850.93,323.47,1002.00,696.90,1,-1,-1,-1
159,36,1676.04,361.44,1826.95,696.36,1,-1,-1,-1
160,17,855.25,319.92,1007.72,697.31,1,-1,-1,-1
160,36,1676.85,367.45,1822.78,689.56,1,-1,-1,-1
161,17,854.83,328.40,1003.62,696.13,1,-1,-1,-1
161,36,1697.39,367.18,1842.41,687.28,1,-1,-1,-1
162,17,862.62,329.13,1011.95,698.27,1,-1,-1,-1
162,36,1682.65,383.62,1825.23,696.09,1,-1,-1,-1
163,17,870.11,330.09,1019.02,697.73,1,-1,-1,-1
163,36,1685.32,385.78,1829.10,699.85,1,-1,-1,-1
164,17,872.33,325.21,1022.26,694.85,1,-1,-1,-1
164,36,1691.46,391.85,1834.22,703.15,1,-1,-1,-1
165,17,877.30,321.42,1029.13,695.06,1,-1,-1,-1
165,36,1699.87,394.03,1838.87,697.04,1,-1,-1,-1
166,17,879.10,318.71,1032.36,695.79,1,-1,-1,-1
166,36,1701.65,392.72,1841.39,696.78,1,-1,-1,-1
167,17,880.71,320.35,1032.51,693.43,1,-1,-1,-1
167,36,1705.33,390.17,1847.18,698.71,1,-1,-1,-1
168,17,885.33,320.39,1036.98,693.17,1,-1,-1,-1
168,36,1709.59,386.52,1854.29,702.10,1,-1,-1,-1
169,17,888.51,323.08,1037.74,690.43,1,-1,-1,-1
169,36,1711.00,389.05,1857.12,707.98,1,-1,-1,-1
170,17,892.30,314.85,1044.54,690.06,1,-1,-1,-1
170,36,1719.75,397.88,1866.98,719.43,1,-1,-1,-1
171,17,894.08,311.82,1047.23,689.92,1,-1,-1,-1
171,36,1732.92,402.52,1879.27,723.09,1,-1,-1,-1
172,17,897.64,307.43,1053.72,693.17,1,-1,-1,-1
172,36,1742.39,404.60,1888.74,725.19,1,-1,-1,-1
173,17,899.21,300.60,1056.44,689.83,1,-1,-1,-1
173,36,1748.40,389.80,1897.72,717.72,1,-1,-1,-1
174,17,901.07,301.98,1055.37,684.62,1,-1,-1,-1
174,36,1746.20,377.33,1895.94,706.90,1,-1,-1,-1
175,14,418.20,320.99,599.14,692.99,1,-1,-1,-1
175,17,897.15,318.49,1040.83,675.35,1,-1,-1,-1
175,36,1742.05,371.51,1889.07,695.73,1,-1,-1,-1
176,14,402.68,315.40,584.44,689.32,1,-1,-1,-1
176,17,888.80,316.10,1032.34,672.54,1,-1,-1,-1
176,36,1734.68,366.69,1882.30,693.49,1,-1,-1,-1
177,14,388.77,315.48,569.72,686.68,1,-1,-1,-1
177,17,880.90,314.59,1024.87,672.25,1,-1,-1,-1
177,36,1726.30,367.58,1875.15,697.96,1,-1,-1,-1
177,47,750.00,294.24,893.86,674.12,1,-1,-1,-1
178,14,373.25,314.62,553.93,685.24,1,-1,-1,-1
178,17,563.96,316.69,712.40,678.84,1,-1,-1,-1
178,36,1722.11,366.01,1873.12,701.67,1,-1,-1,-1
178,47,742.97,296.96,886.32,675.10,1,-1,-1,-1
179,14,373.00,316.38,552.12,683.15,1,-1,-1,-1
179,17,757.98,322.12,902.86,676.74,1,-1,-1,-1
179,36,1720.08,364.81,1872.53,704.41,1,-1,-1,-1
179,47,739.60,295.45,884.74,677.55,1,-1,-1,-1
180,14,366.37,318.07,544.28,681.19,1,-1,-1,-1
180,17,737.91,300.15,892.81,680.65,1,-1,-1,-1
180,36,1714.24,363.75,1867.98,706.77,1,-1,-1,-1
180,47,735.41,296.91,880.57,679.09,1,-1,-1,-1
181,14,354.29,316.62,533.65,683.27,1,-1,-1,-1
181,17,726.45,294.14,883.85,681.42,1,-1,-1,-1
181,36,1715.63,362.28,1870.16,707.05,1,-1,-1,-1
181,47,847.14,331.42,978.44,675.94,1,-1,-1,-1
182,14,346.99,319.45,523.48,680.72,1,-1,-1,-1
182,17,714.38,291.59,872.74,681.25,1,-1,-1,-1
182,36,1701.31,363.27,1855.33,707.08,1,-1,-1,-1
182,47,861.84,335.35,993.39,679.11,1,-1,-1,-1
183,14,330.74,325.92,506.09,683.86,1,-1,-1,-1
183,36,1695.52,359.32,1853.39,711.82,1,-1,-1,-1
183,47,861.22,336.54,993.22,680.07,1,-1,-1,-1
184,14,324.82,327.62,499.90,685.74,1,-1,-1,-1
184,17,716.20,298.63,872.42,686.00,1,-1,-1,-1
184,36,1689.59,363.82,1848.10,716.76,1,-1,-1,-1
184,47,875.55,342.58,1005.64,681.15,1,-1,-1,-1
185,14,312.38,325.54,490.08,689.13,1,-1,-1,-1
185,17,717.62,305.94,871.46,688.83,1,-1,-1,-1
185,36,1688.20,372.81,1845.20,721.25,1,-1,-1,-1
185,47,853.77,340.83,987.79,688.53,1,-1,-1,-1
186,14,314.99,329.38,489.27,686.43,1,-1,-1,-1
186,17,718.05,307.13,871.98,691.12,1,-1,-1,-1
186,36,1693.43,387.51,1847.65,728.86,1,-1,-1,-1
186,47,855.36,341.12,990.53,690.85,1,-1,-1,-1
187,14,311.40,329.46,485.32,686.06,1,-1,-1,-1
187,17,718.33,306.93,872.54,691.96,1,-1,-1,-1
187,36,1695.35,393.71,1848.71,732.33,1,-1,-1,-1
187,47,858.81,351.85,988.88,687.59,1,-1,-1,-1
188,14,299.94,326.80,476.07,688.60,1,-1,-1,-1
188,17,717.13,298.96,873.94,692.24,1,-1,-1,-1
188,36,1701.69,393.31,1852.79,726.91,1,-1,-1,-1
188,47,866.38,356.97,995.00,688.95,1,-1,-1,-1
189,14,281.67,319.83,459.50,685.59,1,-1,-1,-1
189,17,710.89,297.79,868.44,692.95,1,-1,-1,-1
189,36,1698.46,391.73,1849.97,725.45,1,-1,-1,-1
189,47,853.50,350.84,981.59,681.28,1,-1,-1,-1
190,14,269.16,310.59,449.66,681.81,1,-1,-1,-1
190,17,704.81,286.86,864.65,688.51,1,-1,-1,-1
190,36,1692.40,385.12,1845.13,720.88,1,-1,-1,-1
190,47,842.53,346.63,969.85,674.99,1,-1,-1,-1
191,14,258.33,293.98,443.57,675.79,1,-1,-1,-1
191,17,702.21,278.22,863.79,684.22,1,-1,-1,-1
191,36,1693.79,376.64,1848.26,715.83,1,-1,-1,-1
191,47,844.36,341.74,970.07,666.08,1,-1,-1,-1
192,14,258.07,295.55,438.06,665.71,1,-1,-1,-1
192,17,696.35,275.39,858.93,683.94,1,-1,-1,-1
192,36,1699.85,370.79,1853.15,707.32,1,-1,-1,-1
192,47,842.64,329.75,972.33,664.17,1,-1,-1,-1
193,14,260.75,300.98,433.60,656.53,1,-1,-1,-1
193,17,698.25,262.09,865.96,683.15,1,-1,-1,-1
193,36,1706.87,363.95,1859.61,700.11,1,-1,-1,-1
193,47,842.79,326.67,972.28,660.21,1,-1,-1,-1
194,14,241.71,280.29,424.62,657.22,1,-1,-1,-1
194,17,693.32,258.08,863.16,683.60,1,-1,-1,-1
194,36,1708.75,359.44,1862.75,698.78,1,-1,-1,-1
194,47,844.93,326.43,973.78,658.32,1,-1,-1,-1
194,50,815.66,329.82,954.41,652.86,1,-1,-1,-1
195,14,232.22,276.45,415.77,654.70,1,-1,-1,-1
195,17,686.35,252.76,857.67,679.86,1,-1,-1,-1
195,36,1706.07,356.49,1858.02,691.75,1,-1,-1,-1
195,50,823.56,328.96,961.30,652.77,1,-1,-1,-1
196,14,234.85,290.66,408.96,648.18,1,-1,-1,-1
196,17,681.14,248.74,853.83,679.26,1,-1,-1,-1
196,36,1706.79,354.38,1858.65,689.44,1,-1,-1,-1
196,50,825.53,331.41,960.00,650.51,1,-1,-1,-1
197,14,229.24,293.03,401.87,647.83,1,-1,-1,-1
197,17,680.48,244.17,857.83,685.09,1,-1,-1,-1
197,50,818.27,316.71,960.28,657.30,1,-1,-1,-1
198,14,215.00,287.83,392.54,653.75,1,-1,-1,-1
198,17,676.20,250.00,852.63,687.03,1,-1,-1,-1
198,50,809.45,305.55,958.12,665.02,1,-1,-1,-1
198,53,1699.73,349.80,1841.96,693.46,1,-1,-1,-1
199,14,202.37,289.90,377.90,652.03,1,-1,-1,-1
199,17,672.81,243.02,852.74,689.06,1,-1,-1,-1
199,50,805.22,313.02,949.85,664.82,1,-1,-1,-1
199,53,1725.47,347.82,1866.69,688.03,1,-1,-1,-1
200,14,193.23,288.43,368.67,650.36,1,-1,-1,-1
200,17,668.13,243.74,847.27,686.56,1,-1,-1,-1
200,50,798.58,307.58,944.58,665.43,1,-1,-1,-1
200,53,1840.62,357.11,1977.70,687.36,1,-1,-1,-1
201,17,663.60,240.68,844.02,686.66,1,-1,-1,-1
201,50,793.39,308.25,937.80,663.71,1,-1,-1,-1
201,53,816.68,254.95,996.71,688.73,1,-1,-1,-1
202,14,182.15,304.54,349.64,650.39,1,-1,-1,-1
202,50,790.99,301.35,936.37,661.08,1,-1,-1,-1
202,53,663.36,238.00,846.94,681.17,1,-1,-1,-1
203,14,166.99,293.86,340.77,653.20,1,-1,-1,-1
203,50,786.32,298.84,931.39,658.80,1,-1,-1,-1
203,53,611.89,230.37,797.22,678.61,1,-1,-1,-1
204,14,155.69,287.10,324.89,638.29,1,-1,-1,-1
204,36,1665.88,332.20,1812.85,655.59,1,-1,-1,-1
204,50,786.55,301.29,928.57,654.01,1,-1,-1,-1
204,53,599.09,221.70,786.17,675.04,1,-1,-1,-1
205,14,146.24,285.66,314.96,635.86,1,-1,-1,-1
205,36,1663.12,329.70,1809.66,652.13,1,-1,-1,-1
205,50,785.13,292.38,930.17,653.55,1,-1,-1,-1
205,53,600.77,215.76,787.16,668.49,1,-1,-1,-1
206,14,153.55,301.31,315.87,637.02,1,-1,-1,-1
206,50,784.26,287.18,931.00,654.07,1,-1,-1,-1
206,53,607.38,214.15,793.02,666.04,1,-1,-1,-1
206,33,1674.59,331.05,1825.58,653.32,1,-1,-1,-1
207,14,146.32,293.63,312.91,638.44,1,-1,-1,-1
207,50,778.65,278.10,928.84,654.31,1,-1,-1,-1
207,53,615.36,211.50,799.16,659.94,1,-1,-1,-1
207,33,1678.32,329.13,1826.15,645.52,1,-1,-1,-1
208,14,133.36,283.77,303.88,636.93,1,-1,-1,-1
208,50,780.37,283.21,924.74,645.33,1,-1,-1,-1
208,53,622.33,209.06,806.11,658.36,1,-1,-1,-1
208,33,1676.72,322.83,1828.17,648.12,1,-1,-1,-1
209,14,125.17,282.18,295.68,635.31,1,-1,-1,-1
209,50,775.46,282.10,919.72,644.52,1,-1,-1,-1
209,53,622.93,205.95,808.17,659.83,1,-1,-1,-1
209,33,1677.11,323.50,1827.06,646.40,1,-1,-1,-1
210,50,774.03,277.81,917.93,640.32,1,-1,-1,-1
210,53,625.07,197.95,812.60,659.18,1,-1,-1,-1
210,33,1675.45,319.76,1828.22,650.07,1,-1,-1,-1
211,50,775.51,280.26,915.79,634.83,1,-1,-1,-1
211,53,632.71,194.58,821.48,660.31,1,-1,-1,-1
211,33,1675.46,322.54,1829.27,656.22,1,-1,-1,-1
212,50,769.40,277.96,909.67,632.51,1,-1,-1,-1
212,53,577.75,185.50,769.51,658.63,1,-1,-1,-1
212,33,1680.59,325.02,1833.15,657.24,1,-1,-1,-1
213,33,1686.93,321.32,1839.46,654.97,1,-1,-1,-1
214,14,136.59,272.15,290.81,589.79,1,-1,-1,-1
214,53,1498.20,293.75,1645.29,653.38,1,-1,-1,-1
214,33,1689.01,319.97,1841.90,654.40,1,-1,-1,-1
215,14,136.36,267.23,293.32,590.03,1,-1,-1,-1
215,53,1669.59,307.59,1810.13,648.84,1,-1,-1,-1
216,14,140.66,265.04,298.78,590.60,1,-1,-1,-1
216,53,1715.05,309.90,1855.37,649.00,1,-1,-1,-1
217,14,138.28,262.91,295.63,586.91,1,-1,-1,-1
217,53,1046.93,237.10,1215.11,644.30,1,-1,-1,-1
218,53,820.66,222.19,993.59,640.75,1,-1,-1,-1
218,33,1695.32,322.29,1850.02,661.17,1,-1,-1,-1
219,53,730.68,206.71,910.18,641.35,1,-1,-1,-1
219,33,1703.27,332.93,1853.47,662.52,1,-1,-1,-1
220,14,138.54,275.69,292.77,592.93,1,-1,-1,-1
220,53,703.08,205.49,884.38,645.54,1,-1,-1,-1
220,37,1712.20,336.02,1862.62,663.88,1,-1,-1,-1
220,33,1705.77,333.48,1855.89,662.93,1,-1,-1,-1
221,14,133.63,277.93,287.88,593.07,1,-1,-1,-1
221,53,699.00,201.52,883.51,651.16,1,-1,-1,-1
221,37,1718.00,336.61,1867.27,663.92,1,-1,-1,-1
222,14,126.80,278.00,282.09,593.79,1,-1,-1,-1
222,53,696.30,191.20,888.84,662.43,1,-1,-1,-1
222,37,1721.65,335.55,1867.54,655.49,1,-1,-1,-1
223,14,118.18,274.70,276.93,598.09,1,-1,-1,-1
223,53,690.49,178.48,889.18,666.15,1,-1,-1,-1
223,37,1724.87,335.15,1865.55,642.98,1,-1,-1,-1
224,14,115.00,274.39,273.52,597.31,1,-1,-1,-1
224,53,684.92,171.19,887.59,670.80,1,-1,-1,-1
224,37,1720.17,328.30,1860.39,634.96,1,-1,-1,-1
225,53,678.30,175.04,877.13,666.19,1,-1,-1,-1
225,37,1709.04,321.16,1849.16,627.44,1,-1,-1,-1
226,53,632.66,167.57,834.75,666.77,1,-1,-1,-1
226,37,1696.28,319.86,1835.53,623.41,1,-1,-1,-1
227,37,1684.15,314.78,1827.09,626.69,1,-1,-1,-1
228,53,632.06,230.04,795.80,633.99,1,-1,-1,-1
228,37,1670.82,308.35,1815.16,623.38,1,-1,-1,-1
229,53,657.00,208.46,835.18,650.33,1,-1,-1,-1
229,37,1660.68,305.31,1805.96,622.88,1,-1,-1,-1
230,53,645.54,182.29,840.16,666.35,1,-1,-1,-1
230,37,1647.70,304.25,1793.43,622.79,1,-1,-1,-1
231,53,641.73,171.74,841.98,673.10,1,-1,-1,-1
231,37,1638.52,304.60,1783.36,621.53,1,-1,-1,-1
232,50,589.50,249.87,739.28,623.72,1,-1,-1,-1
232,53,638.07,172.89,839.04,678.97,1,-1,-1,-1
232,37,1625.32,303.50,1771.16,622.46,1,-1,-1,-1
233,50,575.83,248.14,728.54,624.42,1,-1,-1,-1
233,53,638.95,172.97,837.00,674.05,1,-1,-1,-1
233,37,1614.77,300.53,1763.33,626.17,1,-1,-1,-1
234,50,566.22,248.21,719.93,624.67,1,-1,-1,-1
234,53,1265.81,255.75,1421.67,643.87,1,-1,-1,-1
234,37,1608.04,298.46,1757.00,625.00,1,-1,-1,-1
235,17,640.13,165.90,844.03,680.04,1,-1,-1,-1
235,50,551.51,243.66,709.27,629.40,1,-1,-1,-1
235,53,1520.68,296.18,1658.98,635.60,1,-1,-1,-1
236,17,640.04,163.85,844.65,679.79,1,-1,-1,-1
236,50,541.71,241.99,700.26,629.65,1,-1,-1,-1
236,53,900.62,208.24,1084.63,663.40,1,-1,-1,-1
237,53,716.29,171.31,918.35,673.89,1,-1,-1,-1
237,37,1580.03,310.53,1725.70,629.87,1,-1,-1,-1
238,50,499.10,226.32,666.23,634.23,1,-1,-1,-1
238,53,627.75,152.89,838.84,680.24,1,-1,-1,-1
238,37,1565.25,307.27,1714.61,634.69,1,-1,-1,-1
239,50,476.65,216.44,648.13,633.63,1,-1,-1,-1
239,53,591.37,146.99,800.92,672.60,1,-1,-1,-1
239,37,1552.84,305.54,1700.58,629.02,1,-1,-1,-1
240,50,463.53,212.82,636.71,634.16,1,-1,-1,-1
240,53,577.40,150.31,781.35,664.80,1,-1,-1,-1
240,37,1543.99,306.24,1689.45,624.21,1,-1,-1,-1
241,53,559.35,144.89,762.93,659.02,1,-1,-1,-1
241,37,1532.38,307.86,1675.64,621.09,1,-1,-1,-1
242,53,542.05,147.03,742.20,652.86,1,-1,-1,-1
242,37,1516.15,312.49,1655.08,615.97,1,-1,-1,-1
243,50,384.35,204.62,558.67,627.23,1,-1,-1,-1
243,53,522.47,150.21,722.90,657.00,1,-1,-1,-1
243,37,1494.39,310.21,1635.02,618.14,1,-1,-1,-1
244,50,360.99,210.68,534.95,629.06,1,-1,-1,-1
244,53,507.60,152.98,707.03,657.90,1,-1,-1,-1
244,37,1479.00,313.35,1616.55,615.66,1,-1,-1,-1
245,50,343.23,217.35,517.63,633.65,1,-1,-1,-1
245,53,501.49,165.46,695.50,656.91,1,-1,-1,-1
245,37,1464.08,317.89,1601.01,620.12,1,-1,-1,-1
246,50,320.88,214.63,500.29,641.30,1,-1,-1,-1
246,53,492.85,177.16,683.17,659.15,1,-1,-1,-1
246,37,1451.48,323.55,1585.23,619.15,1,-1,-1,-1
247,50,306.45,230.63,481.84,644.80,1,-1,-1,-1
247,53,485.47,185.00,675.56,665.95,1,-1,-1,-1
247,37,1440.04,324.96,1576.44,628.21,1,-1,-1,-1
248,50,290.54,233.62,467.52,650.09,1,-1,-1,-1
248,53,479.56,193.96,668.24,671.76,1,-1,-1,-1
248,37,1427.27,330.06,1564.63,635.48,1,-1,-1,-1
249,50,288.64,247.25,459.90,648.04,1,-1,-1,-1
249,53,480.81,203.34,664.45,668.59,1,-1,-1,-1
249,37,1423.20,333.27,1559.70,637.56,1,-1,-1,-1
250,50,278.58,251.76,448.66,648.50,1,-1,-1,-1
250,53,482.41,210.89,664.49,671.99,1,-1,-1,-1
250,37,1418.51,335.73,1553.39,636.98,1,-1,-1,-1
251,50,269.42,255.35,441.71,655.95,1,-1,-1,-1
251,53,484.90,215.63,665.03,671.86,1,-1,-1,-1
251,37,1412.30,335.92,1547.09,636.70,1,-1,-1,-1
252,50,258.50,259.91,429.09,655.36,1,-1,-1,-1
252,53,488.18,221.99,663.94,667.07,1,-1,-1,-1
252,37,1410.97,338.57,1543.20,633.91,1,-1,-1,-1
253,50,250.79,268.86,419.16,657.04,1,-1,-1,-1
253,53,488.66,219.56,666.00,669.92,1,-1,-1,-1
253,37,1412.04,342.15,1541.07,630.81,1,-1,-1,-1
254,50,239.53,272.76,406.95,656.92,1,-1,-1,-1
254,53,485.32,219.92,662.57,669.62,1,-1,-1,-1
254,37,1413.29,348.10,1540.90,633.66,1,-1,-1,-1
255,50,226.86,276.23,393.43,658.45,1,-1,-1,-1
255,53,488.63,218.64,666.53,670.13,1,-1,-1,-1
255,37,1414.30,351.55,1540.89,634.70,1,-1,-1,-1
256,53,490.73,222.72,668.77,674.93,1,-1,-1,-1
256,37,1413.59,350.05,1542.54,638.41,1,-1,-1,-1
257,53,490.83,217.58,670.49,674.06,1,-1,-1,-1
257,37,1416.84,346.12,1549.26,643.07,1,-1,-1,-1
258,53,491.32,211.62,671.34,669.07,1,-1,-1,-1
258,37,1419.46,345.89,1551.39,642.17,1,-1,-1,-1
259,53,490.33,200.74,673.49,665.83,1,-1,-1,-1
259,37,1423.20,337.15,1557.81,640.44,1,-1,-1,-1
260,50,1349.38,323.95,1484.38,634.16,1,-1,-1,-1
260,53,486.24,194.68,669.29,658.04,1,-1,-1,-1
260,37,1420.36,337.33,1555.23,641.22,1,-1,-1,-1
261,17,206.18,232.46,373.92,640.15,1,-1,-1,-1
261,50,1432.03,320.32,1566.28,628.48,1,-1,-1,-1
261,53,490.56,189.10,672.26,648.46,1,-1,-1,-1
262,17,201.73,238.96,366.80,632.69,1,-1,-1,-1
262,50,1664.88,331.29,1805.62,653.69,1,-1,-1,-1
262,53,491.53,185.07,674.54,646.20,1,-1,-1,-1
262,37,1432.37,322.82,1567.04,627.00,1,-1,-1,-1
263,17,196.52,224.42,367.24,628.69,1,-1,-1,-1
263,50,1776.56,337.12,1915.60,655.63,1,-1,-1,-1
263,53,502.94,184.94,683.17,636.19,1,-1,-1,-1
263,37,1441.83,315.05,1580.49,629.49,1,-1,-1,-1
264,17,204.29,217.97,378.07,628.08,1,-1,-1,-1
264,53,516.76,188.33,696.03,637.13,1,-1,-1,-1
264,37,1453.72,311.74,1594.02,630.98,1,-1,-1,-1
265,17,200.73,210.14,381.10,634.12,1,-1,-1,-1
265,53,523.12,193.64,699.74,634.25,1,-1,-1,-1
265,37,1462.13,313.80,1596.62,619.83,1,-1,-1,-1
266,17,190.77,214.00,372.18,638.44,1,-1,-1,-1
266,53,522.79,188.34,703.95,639.96,1,-1,-1,-1
266,37,1463.58,312.05,1597.95,618.16,1,-1,-1,-1
267,17,181.90,212.66,363.82,638.32,1,-1,-1,-1
267,50,327.17,232.20,504.84,638.94,1,-1,-1,-1
267,53,517.89,190.36,701.07,647.37,1,-1,-1,-1
267,37,1465.38,310.40,1599.88,616.79,1,-1,-1,-1
268,50,945.43,357.19,1067.24,618.20,1,-1,-1,-1
268,53,512.70,195.12,694.10,646.96,1,-1,-1,-1
268,37,1440.64,307.39,1578.49,621.33,1,-1,-1,-1
269,17,140.25,227.95,317.78,641.43,1,-1,-1,-1
269,50,1250.13,415.22,1345.88,611.41,1,-1,-1,-1
269,53,502.93,204.93,680.71,647.49,1,-1,-1,-1
269,37,1425.16,304.53,1565.28,624.21,1,-1,-1,-1
270,17,127.11,227.51,306.39,644.70,1,-1,-1,-1
270,50,1320.49,429.06,1412.92,611.24,1,-1,-1,-1
270,53,493.84,202.62,671.85,645.04,1,-1,-1,-1
270,37,1411.79,306.14,1549.99,621.98,1,-1,-1,-1
271,17,109.47,234.71,287.85,647.11,1,-1,-1,-1
271,50,1331.57,431.17,1425.93,611.21,1,-1,-1,-1
271,53,485.33,205.71,663.93,648.79,1,-1,-1,-1
271,37,1402.69,309.49,1538.41,619.16,1,-1,-1,-1
272,17,93.63,237.37,271.79,648.65,1,-1,-1,-1
272,50,1323.23,425.73,1421.50,609.83,1,-1,-1,-1
272,53,479.74,212.15,654.32,644.92,1,-1,-1,-1
272,37,1389.47,308.16,1526.17,620.11,1,-1,-1,-1
273,17,72.22,229.65,253.65,648.53,1,-1,-1,-1
273,50,1316.06,427.09,1411.75,604.54,1,-1,-1,-1
273,53,471.58,206.52,647.71,643.46,1,-1,-1,-1
273,37,1379.81,307.69,1516.76,620.49,1,-1,-1,-1
274,17,44.56,222.77,230.49,652.41,1,-1,-1,-1
274,50,1296.31,423.67,1395.14,605.57,1,-1,-1,-1
274,53,460.19,206.40,634.71,639.63,1,-1,-1,-1
274,37,1366.62,302.94,1503.99,617.36,1,-1,-1,-1
275,17,29.13,222.37,215.74,653.56,1,-1,-1,-1
275,50,409.47,283.68,598.45,638.77,1,-1,-1,-1
275,53,440.57,202.34,617.58,642.20,1,-1,-1,-1
275,37,1353.56,303.16,1489.22,613.56,1,-1,-1,-1
276,14,1626.57,329.95,1775.02,640.94,1,-1,-1,-1
276,50,119.49,235.08,334.22,646.91,1,-1,-1,-1
276,53,424.92,202.13,601.46,641.20,1,-1,-1,-1
276,37,1338.96,305.96,1475.22,618.12,1,-1,-1,-1
277,14,1634.44,333.18,1781.79,648.95,1,-1,-1,-1
277,50,708.16,337.42,860.26,629.43,1,-1,-1,-1
277,53,408.45,199.40,587.23,643.50,1,-1,-1,-1
277,37,1329.41,307.70,1465.35,619.85,1,-1,-1,-1
278,14,1627.67,340.34,1772.58,654.39,1,-1,-1,-1
278,50,135.73,230.18,349.68,648.71,1,-1,-1,-1
278,53,396.64,195.09,578.84,647.67,1,-1,-1,-1
278,37,1322.26,315.65,1455.86,622.51,1,-1,-1,-1
279,14,1653.98,342.84,1798.95,657.01,1,-1,-1,-1
279,50,694.60,342.25,842.51,630.59,1,-1,-1,-1
279,53,382.26,192.16,567.16,651.22,1,-1,-1,-1
279,37,1315.84,324.01,1447.39,626.85,1,-1,-1,-1
280,50,65.22,226.05,286.40,662.72,1,-1,-1,-1
280,53,367.38,190.41,554.41,653.88,1,-1,-1,-1
280,37,1309.74,328.44,1439.25,627.80,1,-1,-1,-1
281,50,-122.95,193.83,115.68,670.26,1,-1,-1,-1
281,53,352.53,189.78,540.40,654.22,1,-1,-1,-1
281,37,1302.74,329.37,1431.58,628.13,1,-1,-1,-1
282,50,598.94,331.01,757.00,642.33,1,-1,-1,-1
282,53,341.72,186.95,532.41,656.95,1,-1,-1,-1
282,37,1296.88,331.65,1423.93,626.91,1,-1,-1,-1
283,50,18.29,225.66,237.00,662.65,1,-1,-1,-1
283,53,343.48,188.54,533.37,655.99,1,-1,-1,-1
283,37,1299.80,333.11,1425.28,625.75,1,-1,-1,-1
284,50,-149.30,186.47,89.24,669.60,1,-1,-1,-1
284,53,340.29,190.51,529.23,654.27,1,-1,-1,-1
284,37,1296.56,332.92,1422.03,625.98,1,-1,-1,-1
284,83,1573.59,346.02,1716.39,668.78,1,-1,-1,-1
285,50,-217.71,170.38,30.61,679.74,1,-1,-1,-1
285,53,336.00,194.59,522.19,650.95,1,-1,-1,-1
285,37,1293.88,330.13,1421.45,629.38,1,-1,-1,-1
285,83,1570.68,357.49,1707.83,667.50,1,-1,-1,-1
285,84,1162.54,439.03,1262.68,619.98,1,-1,-1,-1
286,50,-240.08,165.76,9.08,682.64,1,-1,-1,-1
286,53,329.52,195.49,515.13,649.68,1,-1,-1,-1
286,37,1283.61,331.68,1413.12,635.90,1,-1,-1,-1
286,83,1565.63,363.41,1699.43,665.56,1,-1,-1,-1
286,84,1154.62,443.69,1254.82,624.55,1,-1,-1,-1
287,50,580.35,334.54,734.21,648.54,1,-1,-1,-1
287,53,321.79,198.48,509.11,655.83,1,-1,-1,-1
287,37,1276.17,334.86,1404.71,637.04,1,-1,-1,-1
287,83,1563.44,381.17,1686.59,658.37,1,-1,-1,-1
287,84,1149.43,445.56,1249.41,626.04,1,-1,-1,-1
288,50,523.57,327.47,682.07,650.92,1,-1,-1,-1
288,53,319.71,205.54,506.59,661.43,1,-1,-1,-1
288,37,1274.09,337.36,1401.27,636.77,1,-1,-1,-1
288,83,1558.96,389.73,1676.93,653.81,1,-1,-1,-1
289,50,1026.92,432.49,1126.00,633.90,1,-1,-1,-1
289,53,318.17,205.55,507.01,666.17,1,-1,-1,-1
289,37,1273.26,342.23,1400.52,641.92,1,-1,-1,-1
289,83,1552.99,382.71,1678.06,661.87,1,-1,-1,-1
290,50,1115.72,449.80,1206.27,633.98,1,-1,-1,-1
290,53,319.52,210.13,505.72,663.96,1,-1,-1,-1
290,37,1272.54,343.34,1400.39,644.47,1,-1,-1,-1
290,83,1549.49,376.93,1680.08,667.94,1,-1,-1,-1
291,50,1139.98,454.39,1227.66,633.23,1,-1,-1,-1
291,53,320.35,215.15,506.17,667.69,1,-1,-1,-1
291,37,1272.18,342.37,1401.48,646.69,1,-1,-1,-1
291,83,1552.10,371.92,1686.68,672.21,1,-1,-1,-1
292,50,1147.87,456.91,1233.15,630.81,1,-1,-1,-1
292,53,325.31,213.66,510.70,664.41,1,-1,-1,-1
292,37,1281.58,347.21,1410.44,650.10,1,-1,-1,-1
292,83,1558.02,365.27,1694.50,670.46,1,-1,-1,-1
293,50,1153.07,457.32,1237.68,630.02,1,-1,-1,-1
293,53,327.78,217.67,512.85,667.09,1,-1,-1,-1
293,37,1290.54,349.66,1418.74,650.67,1,-1,-1,-1
293,83,1559.99,361.34,1697.95,670.41,1,-1,-1,-1
294,50,1152.90,454.35,1240.08,632.62,1,-1,-1,-1
294,53,332.12,216.47,519.15,670.72,1,-1,-1,-1
294,37,1299.34,347.20,1426.58,646.18,1,-1,-1,-1
294,83,1564.62,357.85,1704.72,672.35,1,-1,-1,-1
295,50,1152.88,453.86,1240.56,633.54,1,-1,-1,-1
295,53,334.45,217.95,521.02,670.06,1,-1,-1,-1
295,37,1301.81,344.22,1430.48,646.41,1,-1,-1,-1
295,83,1576.87,358.50,1715.90,671.74,1,-1,-1,-1
296,50,1153.86,456.24,1239.13,631.15,1,-1,-1,-1
296,53,339.86,218.45,526.65,669.75,1,-1,-1,-1
296,37,1306.53,341.08,1437.39,648.44,1,-1,-1,-1
296,83,1580.99,357.44,1720.08,671.47,1,-1,-1,-1
297,50,1156.89,454.90,1243.60,633.01,1,-1,-1,-1
297,53,342.67,220.57,528.78,668.27,1,-1,-1,-1
297,37,1316.85,342.49,1449.17,653.77,1,-1,-1,-1
297,83,1586.04,354.41,1727.96,675.31,1,-1,-1,-1
298,50,1162.94,459.05,1249.10,636.37,1,-1,-1,-1
298,53,352.05,223.97,539.93,674.31,1,-1,-1,-1
298,37,1325.29,341.71,1459.60,657.73,1,-1,-1,-1
298,83,1591.11,353.94,1736.81,683.93,1,-1,-1,-1
299,50,1170.41,462.52,1255.21,637.62,1,-1,-1,-1
299,53,360.24,225.86,548.68,675.87,1,-1,-1,-1
299,37,1338.79,344.00,1472.13,657.87,1,-1,-1,-1
299,83,1604.23,362.88,1747.73,687.84,1,-1,-1,-1
300,50,1171.14,460.33,1258.78,642.10,1,-1,-1,-1
300,53,361.91,218.57,554.01,675.75,1,-1,-1,-1
300,37,1352.29,343.55,1485.54,658.51,1,-1,-1,-1
300,83,1607.11,361.78,1753.95,693.89,1,-1,-1,-1
301,50,1178.53,463.43,1261.81,636.46,1,-1,-1,-1
301,53,373.19,214.47,563.66,667.12,1,-1,-1,-1
301,37,1362.35,338.75,1495.88,654.75,1,-1,-1,-1
301,83,1619.10,365.93,1763.45,691.53,1,-1,-1,-1
302,50,1185.20,459.08,1267.69,630.14,1,-1,-1,-1
302,53,385.46,209.57,577.78,666.42,1,-1,-1,-1
302,37,1370.10,331.00,1504.73,649.32,1,-1,-1,-1
302,83,1629.69,354.29,1779.99,693.81,1,-1,-1,-1
303,50,1188.21,454.09,1269.41,622.48,1,-1,-1,-1
303,53,395.33,205.10,586.82,660.23,1,-1,-1,-1
303,37,1376.45,320.85,1514.14,645.92,1,-1,-1,-1
303,83,1639.55,348.68,1789.08,686.84,1,-1,-1,-1
304,50,1191.69,444.80,1275.16,618.34,1,-1,-1,-1
304,53,399.43,200.12,589.59,651.93,1,-1,-1,-1
304,37,1383.01,312.47,1521.68,640.06,1,-1,-1,-1
304,83,1646.84,340.62,1797.21,680.73,1,-1,-1,-1
305,50,1193.19,440.76,1278.03,616.87,1,-1,-1,-1
305,53,409.03,189.66,601.44,647.50,1,-1,-1,-1
305,37,1386.41,315.86,1523.25,638.46,1,-1,-1,-1
305,83,1654.21,342.18,1805.12,682.97,1,-1,-1,-1
306,50,1203.06,440.57,1287.14,615.06,1,-1,-1,-1
306,53,429.35,193.03,616.48,638.66,1,-1,-1,-1
306,37,1396.08,315.30,1534.11,640.53,1,-1,-1,-1
306,83,1664.74,340.88,1818.33,687.09,1,-1,-1,-1
307,50,1211.21,439.88,1295.66,615.11,1,-1,-1,-1
307,53,445.74,187.78,632.49,632.69,1,-1,-1,-1
307,37,1408.86,315.80,1547.06,640.67,1,-1,-1,-1
307,83,1678.58,341.09,1832.03,686.68,1,-1,-1,-1
308,50,1217.44,434.36,1303.15,612.54,1,-1,-1,-1
308,53,457.26,191.20,642.45,633.89,1,-1,-1,-1
308,37,1423.67,313.43,1560.66,635.47,1,-1,-1,-1
308,83,1688.99,342.55,1841.50,685.17,1,-1,-1,-1
309,50,1215.30,431.66,1302.13,612.28,1,-1,-1,-1
309,53,461.78,194.55,644.74,632.46,1,-1,-1,-1
309,37,1428.77,316.56,1565.13,636.82,1,-1,-1,-1
309,83,1696.87,343.15,1849.15,685.23,1,-1,-1,-1
310,50,1208.24,428.72,1297.01,613.56,1,-1,-1,-1
310,53,464.23,198.53,644.21,630.03,1,-1,-1,-1
310,37,1429.89,312.50,1567.03,634.72,1,-1,-1,-1
310,83,1695.54,340.12,1846.54,679.30,1,-1,-1,-1
311,50,1201.35,428.31,1290.45,614.09,1,-1,-1,-1
311,53,464.41,202.73,644.14,635.23,1,-1,-1,-1
311,37,1424.07,307.73,1564.25,637.25,1,-1,-1,-1
311,83,1690.46,339.67,1840.25,676.37,1,-1,-1,-1
312,50,1194.25,428.22,1283.50,614.34,1,-1,-1,-1
312,53,458.59,202.30,639.60,639.22,1,-1,-1,-1
312,37,1422.28,307.94,1562.42,637.58,1,-1,-1,-1
312,83,1689.56,342.19,1836.36,671.97,1,-1,-1,-1
313,50,1196.28,426.80,1285.78,613.46,1,-1,-1,-1
313,53,456.04,200.81,638.53,642.74,1,-1,-1,-1
313,37,1421.43,306.78,1562.06,637.72,1,-1,-1,-1
313,83,1688.11,341.19,1835.54,672.34,1,-1,-1,-1
314,53,453.27,196.29,639.61,648.72,1,-1,-1,-1
314,37,1420.80,305.08,1562.55,638.45,1,-1,-1,-1
314,83,1687.07,340.17,1835.45,673.16,1,-1,-1,-1
315,50,1186.59,433.24,1271.59,609.43,1,-1,-1,-1
315,53,446.08,194.59,636.76,658.83,1,-1,-1,-1
315,37,1426.43,308.43,1565.12,634.79,1,-1,-1,-1
315,83,1685.79,333.87,1836.03,670.86,1,-1,-1,-1
316,50,1187.32,432.71,1272.05,608.34,1,-1,-1,-1
316,53,443.55,195.92,634.59,662.03,1,-1,-1,-1
316,37,1427.93,305.14,1565.75,630.09,1,-1,-1,-1
316,83,1688.62,332.53,1839.09,670.05,1,-1,-1,-1
317,53,437.46,199.08,629.48,668.45,1,-1,-1,-1
317,37,1424.25,304.61,1560.70,627.03,1,-1,-1,-1
317,83,1679.24,324.82,1830.57,664.39,1,-1,-1,-1
318,53,430.60,200.30,622.78,670.83,1,-1,-1,-1
318,37,1418.13,305.13,1553.33,625.26,1,-1,-1,-1
318,83,1667.83,322.27,1819.64,663.69,1,-1,-1,-1
319,50,1149.75,434.59,1239.83,619.33,1,-1,-1,-1
319,53,427.79,200.11,620.34,672.98,1,-1,-1,-1
319,37,1412.45,311.34,1545.78,626.64,1,-1,-1,-1
319,83,1663.03,324.69,1816.43,669.41,1,-1,-1,-1
320,50,1146.44,438.18,1234.77,617.85,1,-1,-1,-1
320,53,423.04,201.35,614.53,671.75,1,-1,-1,-1
320,37,1410.89,315.72,1542.26,626.54,1,-1,-1,-1
320,83,1659.26,335.51,1808.64,670.94,1,-1,-1,-1
321,50,1143.40,438.36,1231.68,617.95,1,-1,-1,-1
321,53,420.66,201.17,612.24,671.86,1,-1,-1,-1
321,37,1411.35,328.70,1539.86,632.55,1,-1,-1,-1
321,83,1661.71,343.74,1810.43,677.54,1,-1,-1,-1
322,50,1133.14,447.51,1223.33,632.10,1,-1,-1,-1
322,53,424.32,201.75,615.41,672.49,1,-1,-1,-1
322,37,1410.13,336.20,1539.67,642.88,1,-1,-1,-1
322,83,1657.62,355.41,1806.84,689.94,1,-1,-1,-1
323,50,1129.32,448.63,1219.73,633.66,1,-1,-1,-1
323,53,420.20,198.67,613.59,675.97,1,-1,-1,-1
323,37,1408.82,341.55,1539.78,652.63,1,-1,-1,-1
323,83,1652.74,367.03,1799.63,696.54,1,-1,-1,-1
324,50,1112.16,454.63,1203.19,641.30,1,-1,-1,-1
324,53,405.15,198.16,598.89,675.92,1,-1,-1,-1
324,37,1399.44,344.78,1530.24,656.24,1,-1,-1,-1
324,83,1640.71,370.01,1787.86,700.96,1,-1,-1,-1
325,50,1106.98,456.25,1198.29,643.48,1,-1,-1,-1
325,53,398.44,190.08,594.28,674.52,1,-1,-1,-1
325,37,1391.57,346.56,1521.67,656.86,1,-1,-1,-1
325,83,1628.35,373.66,1772.94,699.21,1,-1,-1,-1
326,50,1089.82,447.01,1184.08,641.23,1,-1,-1,-1
326,53,396.44,183.77,591.49,667.39,1,-1,-1,-1
326,37,1387.41,344.46,1519.06,658.33,1,-1,-1,-1
326,83,1621.36,365.58,1769.19,699.10,1,-1,-1,-1
327,50,1090.65,443.19,1183.21,634.35,1,-1,-1,-1
327,53,402.87,183.37,592.64,654.08,1,-1,-1,-1
327,37,1384.82,335.68,1519.92,657.49,1,-1,-1,-1
327,83,1624.55,363.84,1772.09,697.04,1,-1,-1,-1
328,50,1084.97,443.29,1177.91,635.22,1,-1,-1,-1
328,53,406.89,185.95,592.41,645.66,1,-1,-1,-1
328,37,1389.01,333.61,1524.35,655.81,1,-1,-1,-1
328,83,1625.64,362.44,1773.67,696.83,1,-1,-1,-1
329,50,1080.32,440.75,1172.43,630.58,1,-1,-1,-1
329,53,413.83,184.30,596.37,637.23,1,-1,-1,-1
329,37,1386.42,333.44,1521.21,654.43,1,-1,-1,-1
329,83,1621.25,361.20,1769.41,696.70,1,-1,-1,-1
330,50,1074.75,440.58,1167.10,630.90,1,-1,-1,-1
330,53,406.26,185.73,589.38,640.87,1,-1,-1,-1
330,37,1380.34,331.36,1516.65,656.49,1,-1,-1,-1
330,83,1610.46,360.03,1759.33,697.92,1,-1,-1,-1
331,53,398.42,185.63,581.94,642.29,1,-1,-1,-1
331,37,1373.86,337.78,1508.73,659.20,1,-1,-1,-1
331,83,1602.69,362.20,1749.55,695.71,1,-1,-1,-1
332,53,1040.23,294.91,1186.30,655.49,1,-1,-1,-1
332,37,1371.34,338.72,1506.38,660.54,1,-1,-1,-1
332,83,1596.32,364.98,1740.29,692.84,1,-1,-1,-1
333,17,373.93,189.01,569.97,655.06,1,-1,-1,-1
333,50,1046.88,447.10,1138.22,636.41,1,-1,-1,-1
333,53,1303.04,331.76,1435.90,658.82,1,-1,-1,-1
333,83,1592.98,364.00,1737.45,693.72,1,-1,-1,-1
334,17,384.72,189.55,577.79,655.65,1,-1,-1,-1
334,50,1044.69,449.94,1134.19,635.67,1,-1,-1,-1
334,53,1382.93,345.59,1509.71,656.24,1,-1,-1,-1
334,83,1591.19,360.96,1737.90,696.03,1,-1,-1,-1
335,17,382.95,193.17,575.68,660.66,1,-1,-1,-1
335,50,1038.51,450.66,1127.95,636.26,1,-1,-1,-1
335,53,1405.65,346.00,1530.22,649.70,1,-1,-1,-1
335,83,1586.86,357.82,1732.16,690.30,1,-1,-1,-1
336,17,381.33,194.52,573.88,662.51,1,-1,-1,-1
336,53,1410.24,346.97,1533.22,645.39,1,-1,-1,-1
336,83,1584.75,349.32,1731.44,686.10,1,-1,-1,-1
337,17,374.58,193.63,568.81,664.51,1,-1,-1,-1
337,53,1406.81,338.42,1532.46,642.55,1,-1,-1,-1
337,83,1583.33,344.18,1732.07,685.85,1,-1,-1,-1
338,17,371.96,193.28,567.12,665.21,1,-1,-1,-1
338,53,1403.57,330.38,1531.01,637.52,1,-1,-1,-1
338,83,1584.10,341.61,1730.60,677.91,1,-1,-1,-1
339,17,375.52,193.14,570.93,665.41,1,-1,-1,-1
339,53,1405.83,330.52,1531.29,632.39,1,-1,-1,-1
339,83,1589.69,340.68,1735.02,674.22,1,-1,-1,-1
340,17,382.14,195.10,576.09,663.43,1,-1,-1,-1
340,53,1407.16,326.24,1535.06,633.32,1,-1,-1,-1
340,83,1596.52,340.40,1741.43,672.88,1,-1,-1,-1
341,17,386.43,195.46,580.45,663.98,1,-1,-1,-1
341,53,1411.98,325.91,1539.75,632.39,1,-1,-1,-1
341,83,1603.85,341.00,1748.50,671.78,1,-1,-1,-1
342,53,1413.07,328.31,1539.09,630.12,1,-1,-1,-1
342,83,1603.90,335.32,1753.95,677.39,1,-1,-1,-1
343,53,1410.96,330.42,1539.18,636.77,1,-1,-1,-1
343,83,1603.70,333.68,1754.16,676.70,1,-1,-1,-1
344,53,1415.47,340.41,1540.94,639.91,1,-1,-1,-1
345,53,1419.61,342.02,1546.07,643.83,1,-1,-1,-1
345,83,1621.06,361.99,1763.81,685.97,1,-1,-1,-1
346,17,434.86,201.70,621.98,657.62,1,-1,-1,-1
346,53,1421.30,344.49,1547.08,643.94,1,-1,-1,-1
346,83,1622.63,363.44,1764.89,686.32,1,-1,-1,-1
347,17,441.55,202.47,628.23,657.33,1,-1,-1,-1
347,53,1425.34,343.27,1552.35,644.65,1,-1,-1,-1
348,17,456.38,195.03,642.59,653.00,1,-1,-1,-1
348,53,1435.65,339.39,1562.18,639.60,1,-1,-1,-1
349,17,465.17,192.94,650.74,652.09,1,-1,-1,-1
349,53,1438.09,335.16,1566.60,639.04,1,-1,-1,-1
350,17,472.71,192.62,658.11,651.36,1,-1,-1,-1
350,50,1032.92,433.36,1118.88,610.44,1,-1,-1,-1
350,53,1444.27,332.87,1571.20,631.57,1,-1,-1,-1
351,50,1031.69,432.49,1117.40,609.07,1,-1,-1,-1
351,53,1451.34,333.27,1576.20,626.10,1,-1,-1,-1
352,53,1459.24,336.05,1581.05,621.44,1,-1,-1,-1
353,14,1683.12,343.05,1835.01,670.05,1,-1,-1,-1
353,53,1465.80,336.38,1587.53,621.13,1,-1,-1,-1
354,14,1676.38,342.37,1828.36,669.56,1,-1,-1,-1
354,53,1617.40,339.80,1753.21,655.16,1,-1,-1,-1
355,53,1531.71,334.64,1662.38,637.37,1,-1,-1,-1
356,14,1655.61,329.58,1819.74,683.88,1,-1,-1,-1
356,17,671.33,223.16,841.10,634.70,1,-1,-1,-1
356,53,1494.64,333.09,1622.60,629.23,1,-1,-1,-1
357,14,1647.74,327.16,1813.83,685.71,1,-1,-1,-1
357,17,691.76,225.53,859.83,632.94,1,-1,-1,-1
357,53,1474.39,324.49,1604.44,625.53,1,-1,-1,-1
358,53,1466.54,321.33,1597.01,623.53,1,-1,-1,-1
359,17,687.35,231.78,853.76,627.31,1,-1,-1,-1
359,53,1463.42,320.15,1593.76,622.15,1,-1,-1,-1
360,17,703.13,234.31,867.64,625.33,1,-1,-1,-1
360,53,1455.50,311.15,1589.58,622.33,1,-1,-1,-1
361,53,1451.52,305.21,1588.80,625.04,1,-1,-1,-1
362,53,1446.46,304.94,1583.34,624.16,1,-1,-1,-1
362,94,511.10,198.00,690.13,633.00,1,-1,-1,-1
363,53,1438.18,306.25,1577.44,631.06,1,-1,-1,-1
363,94,510.49,201.05,691.17,640.63,1,-1,-1,-1
363,95,1549.20,315.38,1719.18,699.85,1,-1,-1,-1
364,53,1435.68,308.11,1574.47,632.38,1,-1,-1,-1
364,94,509.62,200.56,692.04,645.28,1,-1,-1,-1
364,95,1534.80,315.44,1704.79,700.21,1,-1,-1,-1
365,53,1433.89,308.24,1573.40,634.85,1,-1,-1,-1
365,94,504.97,201.06,687.37,646.01,1,-1,-1,-1
365,95,1521.39,319.07,1688.40,697.32,1,-1,-1,-1
366,53,1429.66,314.23,1567.98,638.40,1,-1,-1,-1
366,94,498.16,201.20,680.37,646.11,1,-1,-1,-1
366,95,1502.76,321.67,1667.07,694.13,1,-1,-1,-1
367,53,1421.57,313.27,1562.45,643.68,1,-1,-1,-1
367,94,489.54,197.79,674.46,649.46,1,-1,-1,-1
367,95,1490.25,323.60,1653.30,693.22,1,-1,-1,-1
368,14,1639.67,342.03,1789.53,672.77,1,-1,-1,-1
368,53,1419.88,319.46,1559.70,647.60,1,-1,-1,-1
368,94,486.51,196.53,672.37,649.91,1,-1,-1,-1
368,95,1479.76,337.51,1639.77,701.16,1,-1,-1,-1
369,14,1642.92,351.75,1786.87,672.84,1,-1,-1,-1
369,53,1419.86,328.45,1557.41,651.03,1,-1,-1,-1
369,94,491.23,202.79,675.39,652.00,1,-1,-1,-1
369,95,1472.13,341.15,1630.25,701.23,1,-1,-1,-1
370,14,1643.61,353.72,1786.09,674.21,1,-1,-1,-1
370,53,1424.27,331.18,1561.48,652.93,1,-1,-1,-1
370,94,489.17,203.39,673.93,654.07,1,-1,-1,-1
370,95,1460.64,345.11,1617.26,701.76,1,-1,-1,-1
371,14,1645.59,357.75,1784.90,670.65,1,-1,-1,-1
371,53,1420.23,324.89,1560.15,652.25,1,-1,-1,-1
372,14,1649.94,356.46,1790.59,672.74,1,-1,-1,-1
372,53,1422.89,321.85,1564.69,653.26,1,-1,-1,-1
372,95,1442.97,332.98,1603.43,700.37,1,-1,-1,-1
373,14,1655.79,354.59,1797.89,674.18,1,-1,-1,-1
373,53,1428.17,322.63,1580.55,679.16,1,-1,-1,-1
373,95,1432.10,334.41,1592.03,700.59,1,-1,-1,-1
374,14,1655.58,348.51,1803.06,680.73,1,-1,-1,-1
374,53,1424.87,342.11,1573.88,687.55,1,-1,-1,-1
375,14,1655.81,348.55,1803.64,681.56,1,-1,-1,-1
375,53,1573.26,344.06,1721.35,687.40,1,-1,-1,-1
376,53,877.30,259.81,1049.64,660.20,1,-1,-1,-1
376,37,1461.67,345.05,1585.80,641.11,1,-1,-1,-1
377,14,1643.73,346.41,1793.64,683.04,1,-1,-1,-1
377,53,1211.44,304.38,1358.26,645.50,1,-1,-1,-1
377,37,1464.71,345.02,1588.52,640.28,1,-1,-1,-1
377,94,505.96,218.52,679.97,641.20,1,-1,-1,-1
378,14,1644.66,337.90,1798.06,681.23,1,-1,-1,-1
378,53,723.91,245.19,894.57,641.54,1,-1,-1,-1
378,37,1456.22,330.95,1582.94,631.64,1,-1,-1,-1
378,94,506.49,220.02,679.81,641.03,1,-1,-1,-1
379,14,1644.86,331.03,1799.71,676.00,1,-1,-1,-1
379,53,562.78,223.87,742.64,641.47,1,-1,-1,-1
379,37,1451.87,315.78,1585.30,633.38,1,-1,-1,-1
380,14,1644.20,329.34,1799.77,675.93,1,-1,-1,-1
380,53,503.35,210.99,687.24,637.69,1,-1,-1,-1
380,37,1449.63,303.88,1586.81,631.34,1,-1,-1,-1
380,95,1322.22,335.37,1474.73,679.92,1,-1,-1,-1
381,14,1646.20,325.60,1799.20,665.12,1,-1,-1,-1
381,53,1075.04,266.99,1230.87,629.16,1,-1,-1,-1
381,37,1449.67,298.56,1588.47,629.89,1,-1,-1,-1
381,95,1307.23,332.49,1458.93,672.46,1,-1,-1,-1
382,14,1644.67,330.69,1791.51,655.16,1,-1,-1,-1
382,53,1314.12,282.29,1461.63,625.74,1,-1,-1,-1
382,94,509.85,205.66,690.15,640.95,1,-1,-1,-1
382,95,1293.18,333.61,1442.75,666.72,1,-1,-1,-1
383,14,1647.59,324.45,1795.46,651.67,1,-1,-1,-1
383,53,1396.15,288.25,1539.63,623.25,1,-1,-1,-1
383,94,507.67,209.16,684.65,636.18,1,-1,-1,-1
383,95,1279.33,329.30,1428.47,660.67,1,-1,-1,-1
384,14,1644.42,323.57,1791.17,647.81,1,-1,-1,-1
384,53,1425.35,290.45,1567.43,623.10,1,-1,-1,-1
384,94,505.64,209.05,683.98,635.86,1,-1,-1,-1
384,95,1264.13,325.02,1414.97,660.56,1,-1,-1,-1
385,14,1646.59,320.65,1795.52,649.78,1,-1,-1,-1
385,53,1434.75,289.28,1577.78,625.13,1,-1,-1,-1
385,94,501.16,212.32,678.17,632.45,1,-1,-1,-1
385,95,1255.65,326.11,1403.85,657.96,1,-1,-1,-1
386,14,1652.40,319.61,1802.07,651.25,1,-1,-1,-1
386,53,1436.86,291.53,1581.83,631.93,1,-1,-1,-1
386,94,500.17,216.23,675.28,628.52,1,-1,-1,-1
386,95,1246.92,322.54,1397.14,661.12,1,-1,-1,-1
387,14,1662.37,330.50,1806.03,649.24,1,-1,-1,-1
387,53,1441.09,292.40,1587.36,635.85,1,-1,-1,-1
387,94,504.52,218.33,678.89,626.42,1,-1,-1,-1
387,95,1240.29,322.56,1389.61,661.69,1,-1,-1,-1
388,14,1670.42,334.10,1812.65,649.90,1,-1,-1,-1
388,53,1440.94,293.40,1590.78,644.61,1,-1,-1,-1
388,94,507.95,219.08,687.13,635.72,1,-1,-1,-1
388,95,1228.27,321.28,1378.80,664.64,1,-1,-1,-1
389,14,1673.81,340.76,1814.53,653.53,1,-1,-1,-1
389,53,1441.32,300.99,1590.78,650.52,1,-1,-1,-1
389,94,513.88,224.61,694.74,642.47,1,-1,-1,-1
389,95,1216.34,328.07,1364.56,666.46,1,-1,-1,-1
390,14,1674.54,342.56,1815.60,656.26,1,-1,-1,-1
390,53,1442.44,308.54,1588.10,648.78,1,-1,-1,-1
390,94,508.97,226.68,695.49,654.97,1,-1,-1,-1
390,95,1194.44,328.04,1348.36,679.17,1,-1,-1,-1
391,14,1673.89,341.20,1816.79,659.29,1,-1,-1,-1
391,53,1442.75,312.03,1586.88,648.03,1,-1,-1,-1
391,94,513.84,231.99,698.82,655.03,1,-1,-1,-1
391,95,1173.08,329.33,1328.79,682.56,1,-1,-1,-1
392,14,1676.76,337.36,1823.22,663.74,1,-1,-1,-1
392,53,1442.83,313.27,1586.47,647.71,1,-1,-1,-1
392,94,522.39,219.40,711.89,651.65,1,-1,-1,-1
392,95,1155.90,329.83,1312.90,683.18,1,-1,-1,-1
393,14,1682.79,336.54,1829.76,664.10,1,-1,-1,-1
393,53,1445.67,305.02,1592.23,645.56,1,-1,-1,-1
393,94,541.34,218.59,728.42,645.76,1,-1,-1,-1
393,95,1143.52,322.77,1303.90,681.41,1,-1,-1,-1
394,14,1688.06,328.32,1838.36,663.55,1,-1,-1,-1
394,53,859.92,249.22,1029.49,641.44,1,-1,-1,-1
394,94,545.24,218.80,732.44,646.24,1,-1,-1,-1
394,95,1136.35,320.11,1294.73,672.20,1,-1,-1,-1
395,14,1690.75,325.88,1841.39,662.03,1,-1,-1,-1
395,53,643.60,216.91,824.71,634.93,1,-1,-1,-1
395,37,1464.16,304.58,1598.82,623.75,1,-1,-1,-1
395,95,1123.07,319.32,1281.63,671.81,1,-1,-1,-1
396,14,1690.59,323.66,1842.85,663.39,1,-1,-1,-1
396,53,563.55,209.48,744.56,625.93,1,-1,-1,-1
396,37,1465.16,307.68,1598.30,621.56,1,-1,-1,-1
397,14,1691.40,324.16,1842.98,662.59,1,-1,-1,-1
397,53,538.45,199.79,721.18,619.70,1,-1,-1,-1
397,37,1470.70,309.86,1602.49,619.57,1,-1,-1,-1
397,103,1110.76,315.29,1273.05,656.50,1,-1,-1,-1
398,14,1691.45,324.40,1843.07,662.27,1,-1,-1,-1
398,53,529.66,188.56,716.62,617.34,1,-1,-1,-1
398,37,1473.13,312.69,1603.50,617.53,1,-1,-1,-1
398,103,1097.57,314.35,1260.08,656.29,1,-1,-1,-1
399,14,1692.76,327.81,1841.63,658.85,1,-1,-1,-1
399,53,527.65,182.55,717.54,617.77,1,-1,-1,-1
399,37,1475.19,315.76,1603.28,614.11,1,-1,-1,-1
399,103,1084.22,310.35,1245.66,650.43,1,-1,-1,-1
400,14,1694.73,327.46,1843.66,658.63,1,-1,-1,-1
400,53,525.74,183.74,714.40,615.42,1,-1,-1,-1
400,37,1477.89,321.62,1600.43,606.79,1,-1,-1,-1
400,103,1067.86,316.22,1221.84,641.38,1,-1,-1,-1
401,14,1686.58,321.55,1835.98,653.40,1,-1,-1,-1
401,53,521.74,181.95,712.21,616.52,1,-1,-1,-1
401,37,1471.87,315.50,1595.98,604.18,1,-1,-1,-1
401,103,1046.57,311.87,1199.51,635.57,1,-1,-1,-1
402,14,1687.49,320.61,1836.98,652.65,1,-1,-1,-1
402,53,520.18,178.25,714.14,620.90,1,-1,-1,-1
402,37,1466.16,315.31,1588.52,599.95,1,-1,-1,-1
402,103,1024.02,308.29,1178.15,635.17,1,-1,-1,-1
403,53,475.64,171.62,672.15,620.07,1,-1,-1,-1
403,37,1457.96,307.80,1582.34,597.14,1,-1,-1,-1
403,103,675.64,215.90,869.86,629.72,1,-1,-1,-1
404,53,502.43,175.71,698.69,622.88,1,-1,-1,-1
404,37,1448.44,297.06,1577.34,596.19,1,-1,-1,-1
404,103,828.76,257.67,1004.22,631.37,1,-1,-1,-1
405,53,495.85,168.70,699.69,630.83,1,-1,-1,-1
405,37,1436.97,295.05,1565.74,592.62,1,-1,-1,-1
405,103,900.07,281.18,1064.23,630.67,1,-1,-1,-1
406,53,461.23,162.94,667.76,631.18,1,-1,-1,-1
406,37,1430.81,291.06,1562.57,595.34,1,-1,-1,-1
406,103,621.21,201.04,824.61,634.66,1,-1,-1,-1
407,53,502.05,187.64,699.26,633.42,1,-1,-1,-1
407,37,1424.12,294.22,1556.79,600.37,1,-1,-1,-1
407,103,769.07,252.79,951.86,641.34,1,-1,-1,-1
408,14,1667.86,313.11,1810.47,631.94,1,-1,-1,-1
408,53,509.01,194.47,703.69,633.30,1,-1,-1,-1
408,37,1415.82,293.54,1551.39,605.00,1,-1,-1,-1
408,103,835.33,279.75,1007.13,644.69,1,-1,-1,-1
409,14,1666.42,312.71,1808.05,630.66,1,-1,-1,-1
409,53,511.13,195.52,706.71,634.59,1,-1,-1,-1
409,37,1412.39,296.61,1549.89,612.02,1,-1,-1,-1
409,103,856.28,293.99,1024.27,650.69,1,-1,-1,-1
410,14,1668.20,321.25,1806.33,631.57,1,-1,-1,-1
410,53,516.18,197.95,714.22,641.65,1,-1,-1,-1
410,37,1409.96,295.21,1551.39,618.65,1,-1,-1,-1
410,103,856.12,301.27,1021.17,651.55,1,-1,-1,-1
411,14,1666.74,324.46,1807.94,640.71,1,-1,-1,-1
411,53,523.64,199.57,722.07,643.63,1,-1,-1,-1
411,37,1410.55,303.83,1550.04,621.16,1,-1,-1,-1
411,103,844.61,298.04,1013.87,657.22,1,-1,-1,-1
412,14,1665.51,328.27,1809.29,650.70,1,-1,-1,-1
412,53,527.05,200.24,725.90,644.34,1,-1,-1,-1
412,37,1416.59,313.83,1553.30,624.07,1,-1,-1,-1
412,103,836.53,297.54,1006.86,659.31,1,-1,-1,-1
413,14,1669.57,329.70,1813.91,654.48,1,-1,-1,-1
413,53,533.18,194.58,733.53,641.91,1,-1,-1,-1
413,37,1417.75,315.61,1555.91,627.78,1,-1,-1,-1
413,103,824.14,296.08,995.92,661.39,1,-1,-1,-1
414,14,1669.51,322.29,1817.35,654.57,1,-1,-1,-1
414,53,533.95,184.58,738.18,638.98,1,-1,-1,-1
414,37,1418.07,314.92,1557.13,628.45,1,-1,-1,-1
414,103,812.83,294.92,981.26,653.59,1,-1,-1,-1
415,14,1670.78,322.75,1817.38,651.29,1,-1,-1,-1
415,53,537.91,188.70,736.99,629.98,1,-1,-1,-1
415,37,1421.58,307.37,1563.56,627.33,1,-1,-1,-1
415,103,801.74,297.86,965.39,646.57,1,-1,-1,-1
416,14,1680.33,321.60,1827.52,651.30,1,-1,-1,-1
416,53,546.52,179.08,749.70,628.48,1,-1,-1,-1
416,37,1426.19,296.65,1571.97,625.56,1,-1,-1,-1
416,103,799.83,302.37,957.97,639.91,1,-1,-1,-1
417,14,1687.55,315.90,1836.25,647.99,1,-1,-1,-1
417,53,546.24,177.55,749.02,625.31,1,-1,-1,-1
417,37,1427.84,287.36,1575.99,621.59,1,-1,-1,-1
417,103,798.02,305.43,948.31,628.05,1,-1,-1,-1
418,14,1687.68,317.04,1833.51,642.77,1,-1,-1,-1
418,53,543.58,166.51,751.82,626.77,1,-1,-1,-1
418,37,1425.01,286.42,1571.88,617.42,1,-1,-1,-1
418,103,775.16,297.05,930.30,632.58,1,-1,-1,-1
419,14,1676.55,310.20,1824.23,639.45,1,-1,-1,-1
419,53,531.00,157.22,745.82,631.91,1,-1,-1,-1
419,37,1419.70,288.12,1563.98,613.16,1,-1,-1,-1
419,103,753.35,294.08,909.64,634.23,1,-1,-1,-1
420,14,1673.71,309.66,1819.42,634.94,1,-1,-1,-1
420,53,528.34,162.20,742.31,633.90,1,-1,-1,-1
420,37,1416.21,280.90,1562.46,610.89,1,-1,-1,-1
420,103,730.93,291.00,889.34,637.57,1,-1,-1,-1
421,14,1673.44,308.53,1819.12,633.75,1,-1,-1,-1
421,53,530.31,160.39,747.62,639.27,1,-1,-1,-1
421,37,1414.17,271.71,1562.70,607.44,1,-1,-1,-1
421,103,706.69,283.96,870.25,643.48,1,-1,-1,-1
422,53,531.93,165.67,749.05,643.90,1,-1,-1,-1
422,37,1414.31,269.59,1562.60,604.19,1,-1,-1,-1
422,103,688.54,280.04,854.70,647.69,1,-1,-1,-1
423,53,528.17,169.13,744.47,644.35,1,-1,-1,-1
423,37,1414.23,268.24,1562.77,602.98,1,-1,-1,-1
423,103,671.75,271.44,840.84,648.02,1,-1,-1,-1
424,53,526.22,169.21,743.53,646.45,1,-1,-1,-1
424,37,1414.33,268.49,1562.12,602.57,1,-1,-1,-1
424,103,663.41,276.64,829.43,648.79,1,-1,-1,-1
425,53,528.57,175.20,741.00,641.29,1,-1,-1,-1
425,37,1413.31,266.14,1561.63,601.41,1,-1,-1,-1
425,103,1152.32,278.15,1304.80,621.47,1,-1,-1,-1
426,53,532.83,174.89,745.61,641.92,1,-1,-1,-1
426,103,1330.03,268.01,1483.03,613.59,1,-1,-1,-1
427,53,538.39,187.35,744.21,638.84,1,-1,-1,-1
427,103,1393.71,271.76,1543.79,612.18,1,-1,-1,-1
428,53,538.93,183.41,745.46,636.97,1,-1,-1,-1
428,103,1414.40,271.29,1564.86,613.78,1,-1,-1,-1
429,14,1655.63,302.87,1806.38,639.42,1,-1,-1,-1
429,53,533.91,179.95,741.96,638.27,1,-1,-1,-1
429,103,1422.79,280.45,1569.15,614.47,1,-1,-1,-1
430,14,1654.03,305.41,1806.49,646.63,1,-1,-1,-1
430,53,533.44,186.56,739.34,640.08,1,-1,-1,-1
430,103,1418.09,286.69,1564.53,620.87,1,-1,-1,-1
431,14,1652.02,302.98,1807.99,653.00,1,-1,-1,-1
431,53,529.72,181.11,742.04,649.41,1,-1,-1,-1
431,103,1419.09,287.67,1566.60,624.62,1,-1,-1,-1
432,14,1648.01,309.89,1802.75,656.68,1,-1,-1,-1
432,53,533.46,180.38,746.51,651.54,1,-1,-1,-1
432,103,838.20,298.61,989.45,643.92,1,-1,-1,-1
433,14,1651.45,313.27,1805.05,657.39,1,-1,-1,-1
433,53,534.68,178.13,749.24,653.62,1,-1,-1,-1
433,37,1401.60,295.98,1548.92,629.45,1,-1,-1,-1
433,103,608.53,299.42,763.69,654.45,1,-1,-1,-1
434,14,1656.71,312.56,1811.32,658.93,1,-1,-1,-1
434,53,538.44,169.41,756.24,653.05,1,-1,-1,-1
434,37,1406.34,293.57,1552.87,626.12,1,-1,-1,-1
434,103,511.77,291.19,671.34,657.74,1,-1,-1,-1
435,14,1656.17,312.84,1811.28,660.33,1,-1,-1,-1
435,53,542.26,156.30,765.69,654.10,1,-1,-1,-1
435,37,1416.67,286.16,1563.92,622.42,1,-1,-1,-1
435,103,470.59,279.55,634.73,657.61,1,-1,-1,-1
436,53,549.23,152.65,772.86,651.86,1,-1,-1,-1
436,37,1419.63,276.81,1568.88,618.39,1,-1,-1,-1
436,103,444.95,279.58,607.22,652.94,1,-1,-1,-1
437,53,547.03,147.41,771.35,646.36,1,-1,-1,-1
437,37,1420.34,275.73,1570.09,618.45,1,-1,-1,-1
437,103,1066.96,271.09,1219.92,623.41,1,-1,-1,-1
438,53,546.18,141.57,770.68,639.64,1,-1,-1,-1
438,37,1420.84,266.38,1570.46,610.35,1,-1,-1,-1
438,103,1078.43,269.62,1231.45,622.09,1,-1,-1,-1
439,53,549.81,132.23,776.24,633.79,1,-1,-1,-1
439,37,1422.74,266.83,1570.30,606.48,1,-1,-1,-1
440,53,565.93,141.26,781.92,619.14,1,-1,-1,-1
440,37,1431.77,260.39,1579.79,601.79,1,-1,-1,-1
441,53,579.86,136.93,795.03,612.19,1,-1,-1,-1
441,37,1433.44,258.17,1581.77,600.27,1,-1,-1,-1
441,103,1411.91,251.71,1561.74,597.60,1,-1,-1,-1
442,53,596.89,140.73,806.99,604.42,1,-1,-1,-1
442,103,1456.67,252.45,1603.40,591.33,1,-1,-1,-1
443,14,1700.32,270.83,1856.77,621.09,1,-1,-1,-1
443,53,602.03,140.94,811.75,602.30,1,-1,-1,-1
443,103,1470.57,245.99,1617.92,586.57,1,-1,-1,-1
444,14,1705.57,274.21,1856.18,612.68,1,-1,-1,-1
444,53,603.40,140.42,814.37,602.31,1,-1,-1,-1
444,103,1475.52,245.70,1621.14,582.28,1,-1,-1,-1
445,14,1708.79,271.84,1859.16,609.78,1,-1,-1,-1
445,53,598.58,135.64,811.03,598.45,1,-1,-1,-1
445,103,1471.63,247.72,1614.88,579.50,1,-1,-1,-1
446,53,595.28,131.25,810.94,599.77,1,-1,-1,-1
446,103,1464.19,248.57,1606.43,578.61,1,-1,-1,-1
447,14,1686.97,263.61,1840.32,609.10,1,-1,-1,-1
447,53,595.95,138.25,808.77,599.71,1,-1,-1,-1
447,103,1461.52,250.96,1601.76,577.09,1,-1,-1,-1
448,14,1684.49,262.32,1837.39,608.28,1,-1,-1,-1
448,53,601.19,138.36,811.35,593.81,1,-1,-1,-1
448,103,1457.75,249.25,1599.43,578.66,1,-1,-1,-1
449,14,1681.10,251.96,1838.21,609.34,1,-1,-1,-1
449,53,602.27,136.45,813.65,594.37,1,-1,-1,-1
449,103,1456.99,250.65,1597.25,576.69,1,-1,-1,-1
450,14,1676.17,250.14,1833.06,607.17,1,-1,-1,-1
450,53,604.90,145.04,812.10,594.00,1,-1,-1,-1
450,103,1455.49,245.90,1596.02,573.39,1,-1,-1,-1
451,14,1665.32,250.25,1821.60,605.76,1,-1,-1,-1
451,53,601.10,148.35,806.73,593.97,1,-1,-1,-1
451,103,1450.43,245.50,1589.69,570.27,1,-1,-1,-1
452,14,1655.75,249.10,1812.86,606.62,1,-1,-1,-1
452,53,599.76,149.57,804.52,594.70,1,-1,-1,-1
452,103,1443.54,246.07,1581.81,568.53,1,-1,-1,-1
453,14,1652.85,254.02,1809.65,610.95,1,-1,-1,-1
453,53,586.24,142.03,797.99,603.02,1,-1,-1,-1
453,103,1436.86,252.99,1573.41,570.65,1,-1,-1,-1
454,14,1646.43,256.00,1804.06,613.31,1,-1,-1,-1
454,53,581.51,145.12,794.59,609.41,1,-1,-1,-1
454,103,1433.64,255.62,1570.19,572.22,1,-1,-1,-1
455,14,1645.38,269.34,1800.77,620.17,1,-1,-1,-1
455,53,581.72,156.20,791.28,611.23,1,-1,-1,-1
455,103,1436.83,261.92,1572.73,577.53,1,-1,-1,-1
456,14,1642.45,269.47,1797.89,620.42,1,-1,-1,-1
456,53,585.54,157.78,795.63,614.56,1,-1,-1,-1
456,103,1437.26,267.59,1573.95,584.89,1,-1,-1,-1
457,53,583.09,163.61,792.56,619.09,1,-1,-1,-1
457,103,1431.50,267.02,1570.63,589.65,1,-1,-1,-1
458,14,1637.10,272.50,1794.40,626.91,1,-1,-1,-1
458,53,574.14,154.52,789.51,623.41,1,-1,-1,-1
458,103,1421.36,254.91,1567.80,594.06,1,-1,-1,-1
459,14,1634.24,272.91,1791.73,627.77,1,-1,-1,-1
459,53,570.87,151.74,787.69,624.34,1,-1,-1,-1
459,103,1420.27,256.81,1563.83,589.22,1,-1,-1,-1
460,14,1636.23,268.34,1793.33,622.61,1,-1,-1,-1
460,53,570.53,151.96,786.82,623.32,1,-1,-1,-1
460,103,1419.09,256.26,1562.67,588.57,1,-1,-1,-1
461,14,1638.27,275.52,1792.13,622.28,1,-1,-1,-1
461,53,569.97,155.34,787.01,628.14,1,-1,-1,-1
461,103,634.39,257.37,790.44,614.68,1,-1,-1,-1
462,14,1636.37,276.20,1790.01,622.46,1,-1,-1,-1
462,53,570.88,163.84,786.05,632.55,1,-1,-1,-1
462,37,1408.86,266.59,1555.08,604.73,1,-1,-1,-1
462,103,326.94,264.19,486.30,626.89,1,-1,-1,-1
463,53,571.18,167.05,785.15,634.15,1,-1,-1,-1
463,37,1396.60,267.69,1546.95,614.14,1,-1,-1,-1
463,103,187.19,275.34,344.43,632.25,1,-1,-1,-1
464,14,1626.96,297.45,1779.21,639.95,1,-1,-1,-1
464,53,569.96,179.44,777.63,633.36,1,-1,-1,-1
464,37,1395.31,279.31,1541.19,615.74,1,-1,-1,-1
464,103,122.02,280.30,281.93,642.70,1,-1,-1,-1
465,14,1632.96,315.86,1779.70,646.08,1,-1,-1,-1
465,53,568.40,186.07,775.95,639.66,1,-1,-1,-1
465,37,1396.14,291.82,1537.23,617.64,1,-1,-1,-1
465,103,96.34,289.95,255.09,647.81,1,-1,-1,-1
465,109,397.36,389.67,523.55,607.45,1,-1,-1,-1
466,14,1634.95,322.11,1780.02,648.83,1,-1,-1,-1
466,53,565.71,183.77,777.53,647.23,1,-1,-1,-1
466,37,1390.65,293.64,1532.95,622.36,1,-1,-1,-1
466,103,84.81,296.21,246.20,656.82,1,-1,-1,-1
466,109,396.79,399.18,519.38,610.83,1,-1,-1,-1
467,14,1634.04,319.55,1782.55,655.10,1,-1,-1,-1
467,53,564.58,186.77,778.32,654.59,1,-1,-1,-1
467,37,1390.14,302.24,1530.06,624.69,1,-1,-1,-1
467,103,72.69,295.85,238.23,663.33,1,-1,-1,-1
467,109,391.99,407.80,512.83,616.66,1,-1,-1,-1
468,14,1632.90,323.31,1781.02,657.98,1,-1,-1,-1
468,53,564.93,190.44,777.28,655.31,1,-1,-1,-1
468,37,1390.19,305.99,1528.30,624.14,1,-1,-1,-1
468,103,53.54,289.09,227.12,672.81,1,-1,-1,-1
468,109,377.89,406.25,503.40,623.38,1,-1,-1,-1
469,14,1619.69,312.18,1774.97,664.09,1,-1,-1,-1
469,53,557.00,194.38,767.19,652.81,1,-1,-1,-1
469,37,1379.54,305.20,1519.68,626.55,1,-1,-1,-1
469,103,31.67,294.19,205.34,676.28,1,-1,-1,-1
469,109,369.97,409.03,492.51,621.41,1,-1,-1,-1
470,14,1616.14,304.81,1773.25,661.13,1,-1,-1,-1
470,53,555.86,189.77,770.25,657.72,1,-1,-1,-1
470,37,1373.86,296.13,1518.45,628.05,1,-1,-1,-1
470,103,17.31,296.77,191.09,677.37,1,-1,-1,-1
470,109,363.58,411.27,483.62,619.64,1,-1,-1,-1
471,14,1616.74,305.33,1771.48,656.04,1,-1,-1,-1
471,53,562.41,192.59,773.70,654.88,1,-1,-1,-1
471,37,1372.47,293.98,1517.46,626.59,1,-1,-1,-1
471,103,-0.97,295.70,174.62,680.20,1,-1,-1,-1
471,109,357.13,412.63,475.54,618.12,1,-1,-1,-1
472,14,1614.91,300.84,1773.05,658.60,1,-1,-1,-1
472,53,566.33,200.20,774.44,655.65,1,-1,-1,-1
472,37,1372.91,298.37,1517.04,628.60,1,-1,-1,-1
472,103,-58.69,297.55,118.27,685.08,1,-1,-1,-1
472,109,353.48,410.96,473.13,619.48,1,-1,-1,-1
473,14,1615.42,302.42,1772.57,656.89,1,-1,-1,-1
473,53,566.06,200.31,775.85,659.85,1,-1,-1,-1
473,37,1372.22,297.99,1517.99,631.30,1,-1,-1,-1
473,109,347.30,409.60,468.84,621.91,1,-1,-1,-1
474,14,1613.52,303.02,1771.06,658.39,1,-1,-1,-1
474,53,569.11,210.83,773.92,660.03,1,-1,-1,-1
474,37,1372.30,299.78,1517.52,630.95,1,-1,-1,-1
474,109,343.00,417.66,460.38,622.06,1,-1,-1,-1
475,53,571.94,222.73,771.55,661.32,1,-1,-1,-1
475,37,1378.14,307.02,1521.00,632.74,1,-1,-1,-1
475,109,340.30,418.64,458.24,625.37,1,-1,-1,-1
476,53,571.50,223.66,772.19,665.08,1,-1,-1,-1
476,37,1380.27,309.69,1522.55,634.69,1,-1,-1,-1
476,109,333.26,418.93,455.20,634.50,1,-1,-1,-1
477,53,565.96,211.92,777.81,678.34,1,-1,-1,-1
477,37,1382.55,317.91,1522.39,636.70,1,-1,-1,-1
477,109,331.49,420.29,453.51,637.18,1,-1,-1,-1
478,53,584.28,221.80,786.79,668.92,1,-1,-1,-1
478,37,1389.35,323.58,1525.82,634.72,1,-1,-1,-1
478,109,331.65,417.44,452.52,632.82,1,-1,-1,-1
479,53,594.02,214.88,797.96,665.62,1,-1,-1,-1
479,37,1400.63,320.20,1536.53,630.56,1,-1,-1,-1
479,109,331.36,409.66,453.59,629.04,1,-1,-1,-1
480,53,1135.45,279.68,1295.59,635.29,1,-1,-1,-1
480,37,1402.29,322.57,1537.35,631.02,1,-1,-1,-1
480,109,335.87,401.46,458.15,622.98,1,-1,-1,-1
481,14,1654.96,319.39,1802.24,652.80,1,-1,-1,-1
481,53,768.84,210.15,964.31,645.44,1,-1,-1,-1
481,37,1412.72,315.54,1545.84,620.08,1,-1,-1,-1
481,109,334.11,395.04,454.50,614.70,1,-1,-1,-1
482,14,1657.96,321.69,1803.10,650.88,1,-1,-1,-1
482,53,665.80,189.14,869.18,641.22,1,-1,-1,-1
482,37,1408.94,310.12,1545.13,621.13,1,-1,-1,-1
482,109,328.56,387.33,448.34,606.88,1,-1,-1,-1
483,14,1662.37,319.06,1809.38,653.67,1,-1,-1,-1
483,53,627.48,176.57,833.55,634.30,1,-1,-1,-1
483,37,1413.44,311.55,1547.66,618.19,1,-1,-1,-1
483,109,327.77,381.18,444.95,596.69,1,-1,-1,-1
484,14,1664.94,320.17,1811.61,654.03,1,-1,-1,-1
484,53,620.52,168.55,829.82,634.22,1,-1,-1,-1
484,37,1423.94,310.06,1559.00,619.11,1,-1,-1,-1
484,109,331.30,370.29,451.42,592.87,1,-1,-1,-1
485,53,1149.05,250.98,1315.97,624.48,1,-1,-1,-1
485,37,1427.08,310.46,1561.67,618.44,1,-1,-1,-1
485,109,342.35,368.29,461.81,590.21,1,-1,-1,-1
486,53,1369.35,291.37,1517.39,622.79,1,-1,-1,-1
486,109,346.85,368.32,465.16,588.62,1,-1,-1,-1
487,14,1687.56,311.48,1839.94,661.25,1,-1,-1,-1
487,53,870.33,202.76,1062.32,633.74,1,-1,-1,-1
487,109,339.70,373.09,457.51,592.74,1,-1,-1,-1
488,14,1679.13,306.39,1835.23,666.13,1,-1,-1,-1
488,53,719.98,181.39,924.05,639.98,1,-1,-1,-1
488,37,1434.36,308.41,1570.77,620.49,1,-1,-1,-1
488,109,338.45,371.07,456.51,591.19,1,-1,-1,-1
489,14,1677.04,305.92,1832.72,666.52,1,-1,-1,-1
489,53,1150.56,257.53,1315.81,629.40,1,-1,-1,-1
489,37,1437.29,308.49,1573.54,620.22,1,-1,-1,-1
489,109,312.96,378.35,432.48,601.60,1,-1,-1,-1
490,14,1679.20,305.33,1835.69,667.80,1,-1,-1,-1
490,53,773.86,189.52,977.35,648.00,1,-1,-1,-1
490,37,1416.61,304.17,1556.83,624.73,1,-1,-1,-1
490,109,302.86,380.46,421.78,603.11,1,-1,-1,-1
491,14,1659.76,305.71,1815.41,666.70,1,-1,-1,-1
491,53,668.77,180.66,876.11,649.89,1,-1,-1,-1
491,37,1414.40,306.61,1552.50,622.30,1,-1,-1,-1
491,109,298.37,379.75,417.61,603.01,1,-1,-1,-1
492,14,1659.77,305.21,1816.08,667.74,1,-1,-1,-1
492,53,619.51,172.92,831.95,655.70,1,-1,-1,-1
492,37,1407.86,300.21,1547.34,619.43,1,-1,-1,-1
492,109,280.45,383.68,401.72,612.32,1,-1,-1,-1
493,53,599.07,179.13,809.36,657.94,1,-1,-1,-1
493,37,1400.65,297.84,1541.01,618.36,1,-1,-1,-1
493,109,266.25,388.49,388.69,619.74,1,-1,-1,-1
494,53,583.03,180.00,793.84,660.02,1,-1,-1,-1
494,37,1392.56,295.66,1534.78,619.29,1,-1,-1,-1
494,109,251.06,388.27,375.86,625.04,1,-1,-1,-1
494,112,1158.34,427.29,1267.07,600.67,1,-1,-1,-1
495,53,579.59,183.81,787.76,658.80,1,-1,-1,-1
495,37,1390.76,293.55,1530.58,612.43,1,-1,-1,-1
495,109,241.41,388.83,366.19,626.34,1,-1,-1,-1
495,112,1151.90,427.26,1260.56,600.52,1,-1,-1,-1
496,53,1095.70,261.47,1256.37,627.47,1,-1,-1,-1
496,37,1388.86,292.38,1528.77,611.44,1,-1,-1,-1
496,109,222.91,387.72,349.02,628.07,1,-1,-1,-1
496,112,1137.78,428.72,1245.27,600.06,1,-1,-1,-1
497,53,1302.99,295.50,1442.31,612.89,1,-1,-1,-1
497,109,202.58,391.87,328.20,631.93,1,-1,-1,-1
497,112,1129.74,429.01,1236.92,599.84,1,-1,-1,-1
498,53,1356.51,307.34,1488.48,607.72,1,-1,-1,-1
498,109,187.06,396.08,310.25,631.37,1,-1,-1,-1
498,112,1105.68,435.67,1211.24,604.90,1,-1,-1,-1
499,53,1368.18,317.99,1496.02,609.02,1,-1,-1,-1
499,109,176.33,397.00,299.98,633.17,1,-1,-1,-1
499,112,1095.40,438.41,1198.92,604.46,1,-1,-1,-1
499,115,554.79,205.11,752.92,654.68,1,-1,-1,-1
500,53,1364.68,321.95,1491.05,609.61,1,-1,-1,-1
500,109,144.39,388.64,271.00,630.32,1,-1,-1,-1
500,112,1076.09,436.56,1182.99,607.73,1,-1,-1,-1
500,115,544.40,196.88,744.66,651.64,1,-1,-1,-1
501,53,1346.98,321.58,1474.31,610.61,1,-1,-1,-1
501,109,117.67,386.20,245.03,629.87,1,-1,-1,-1
501,112,1061.47,442.54,1166.24,610.88,1,-1,-1,-1
501,115,525.69,194.20,726.45,649.99,1,-1,-1,-1
502,14,1554.77,325.25,1700.07,660.53,1,-1,-1,-1
502,53,1330.12,322.54,1456.91,610.36,1,-1,-1,-1
502,109,103.32,385.91,231.42,631.01,1,-1,-1,-1
502,112,1041.78,439.37,1146.99,608.66,1,-1,-1,-1
502,115,505.69,196.28,704.72,647.37,1,-1,-1,-1
503,14,1540.13,321.79,1684.77,654.33,1,-1,-1,-1
503,53,1313.06,321.92,1440.50,611.02,1,-1,-1,-1
503,112,1025.12,437.48,1130.86,607.80,1,-1,-1,-1
503,115,488.73,190.78,688.51,643.03,1,-1,-1,-1
504,14,1535.65,320.81,1680.01,652.51,1,-1,-1,-1
504,53,1301.19,320.13,1429.54,611.32,1,-1,-1,-1
504,112,1015.95,438.06,1119.51,605.46,1,-1,-1,-1
504,115,477.17,186.83,679.11,643.65,1,-1,-1,-1
505,14,1528.29,321.31,1672.05,651.62,1,-1,-1,-1
505,53,1296.40,315.95,1424.39,606.76,1,-1,-1,-1
505,112,1009.26,438.92,1110.37,603.21,1,-1,-1,-1
505,115,475.12,193.64,674.69,645.33,1,-1,-1,-1
506,53,1288.72,311.56,1418.26,606.46,1,-1,-1,-1
506,112,1002.04,438.53,1102.78,603.71,1,-1,-1,-1
506,115,472.87,208.51,665.65,644.01,1,-1,-1,-1
507,14,1503.73,288.66,1660.24,648.27,1,-1,-1,-1
507,53,1286.10,311.18,1414.67,605.06,1,-1,-1,-1
507,112,989.47,433.05,1091.44,600.57,1,-1,-1,-1
507,115,466.63,210.63,660.04,647.01,1,-1,-1,-1
508,14,1497.19,293.76,1650.81,645.74,1,-1,-1,-1
508,53,1279.92,309.62,1409.37,605.93,1,-1,-1,-1
508,112,981.13,431.64,1082.42,598.74,1,-1,-1,-1
508,115,461.06,218.09,652.61,649.47,1,-1,-1,-1
509,14,1495.50,296.44,1647.81,644.84,1,-1,-1,-1
509,53,1272.36,307.66,1403.09,607.62,1,-1,-1,-1
509,112,974.23,431.78,1075.14,598.06,1,-1,-1,-1
509,115,458.27,214.04,651.48,649.07,1,-1,-1,-1
510,14,1495.06,298.18,1646.39,643.88,1,-1,-1,-1
510,53,1270.22,308.86,1399.81,606.30,1,-1,-1,-1
510,112,971.97,435.16,1072.33,601.81,1,-1,-1,-1
510,115,457.51,213.15,650.78,648.26,1,-1,-1,-1
511,14,1489.57,296.24,1643.11,646.22,1,-1,-1,-1
511,53,1268.49,308.61,1397.97,606.50,1,-1,-1,-1
511,112,961.51,431.14,1063.81,601.24,1,-1,-1,-1
511,115,457.45,216.09,651.66,653.31,1,-1,-1,-1
512,14,1489.75,305.44,1639.42,645.81,1,-1,-1,-1
512,53,1268.98,311.14,1396.70,605.28,1,-1,-1,-1
512,112,957.79,432.91,1060.40,605.63,1,-1,-1,-1
512,115,453.43,219.14,646.57,653.21,1,-1,-1,-1
513,14,1484.42,306.38,1634.71,648.36,1,-1,-1,-1
513,53,721.91,246.14,894.15,640.80,1,-1,-1,-1
513,112,953.17,434.91,1053.86,606.00,1,-1,-1,-1
513,115,447.43,220.70,639.99,653.47,1,-1,-1,-1
514,14,1482.95,307.39,1633.50,649.33,1,-1,-1,-1
514,53,1017.07,285.54,1165.28,625.08,1,-1,-1,-1
514,112,946.87,436.34,1046.80,606.78,1,-1,-1,-1
514,115,445.78,220.48,638.61,652.37,1,-1,-1,-1
515,14,1482.42,307.78,1633.47,650.36,1,-1,-1,-1
515,53,1171.12,308.44,1304.92,614.88,1,-1,-1,-1
515,112,936.79,440.84,1035.32,610.37,1,-1,-1,-1
515,115,445.83,222.63,637.32,650.80,1,-1,-1,-1
516,14,1488.62,316.52,1636.04,650.76,1,-1,-1,-1
516,53,1228.80,317.54,1356.39,610.42,1,-1,-1,-1
516,112,927.49,441.86,1026.60,613.03,1,-1,-1,-1
516,115,443.98,218.68,638.96,654.91,1,-1,-1,-1
517,14,1489.99,317.17,1638.46,653.59,1,-1,-1,-1
517,53,1249.65,325.48,1374.66,612.90,1,-1,-1,-1
517,112,919.11,441.56,1019.59,615.31,1,-1,-1,-1
517,115,437.27,214.56,636.64,659.06,1,-1,-1,-1
518,14,1496.28,318.70,1643.70,653.30,1,-1,-1,-1
518,53,1252.37,326.99,1377.82,615.13,1,-1,-1,-1
518,112,918.15,444.04,1016.00,613.52,1,-1,-1,-1
518,115,438.58,207.07,640.77,657.99,1,-1,-1,-1
519,14,1503.80,320.57,1649.42,651.85,1,-1,-1,-1
519,53,1253.50,326.82,1379.78,616.60,1,-1,-1,-1
519,112,916.99,442.97,1015.63,614.77,1,-1,-1,-1
519,115,441.17,208.14,641.24,652.96,1,-1,-1,-1
520,14,1505.12,311.91,1653.89,651.30,1,-1,-1,-1
520,53,1253.37,322.05,1380.64,613.80,1,-1,-1,-1
520,112,909.63,443.61,1008.39,615.62,1,-1,-1,-1
520,115,447.66,209.90,645.54,649.02,1,-1,-1,-1
521,14,1516.86,313.28,1662.75,646.50,1,-1,-1,-1
521,53,1258.52,320.88,1385.24,610.73,1,-1,-1,-1
521,115,455.28,206.59,651.51,642.89,1,-1,-1,-1
522,14,1528.98,304.49,1677.90,645.32,1,-1,-1,-1
522,53,731.73,239.95,904.46,634.16,1,-1,-1,-1
522,112,912.72,423.90,1019.25,610.30,1,-1,-1,-1
522,115,454.11,206.08,650.10,641.85,1,-1,-1,-1
523,14,1538.25,301.25,1687.84,643.58,1,-1,-1,-1
523,53,1034.51,281.62,1183.71,622.20,1,-1,-1,-1
523,112,924.68,424.80,1027.62,605.52,1,-1,-1,-1
523,115,475.86,207.47,669.83,638.61,1,-1,-1,-1
524,14,1544.87,296.75,1697.62,646.90,1,-1,-1,-1
524,53,1198.35,304.27,1334.28,614.54,1,-1,-1,-1
524,112,920.75,423.59,1024.20,605.20,1,-1,-1,-1
524,115,481.44,213.85,673.98,640.51,1,-1,-1,-1
525,14,1551.71,295.09,1705.93,648.82,1,-1,-1,-1
525,53,1259.59,312.07,1391.78,613.71,1,-1,-1,-1
525,112,943.23,434.51,1039.73,604.97,1,-1,-1,-1
525,115,486.55,213.43,680.92,644.53,1,-1,-1,-1
526,14,1556.55,293.20,1715.80,659.39,1,-1,-1,-1
526,53,1286.07,314.22,1417.41,614.07,1,-1,-1,-1
526,112,943.69,437.60,1038.40,604.20,1,-1,-1,-1
526,115,488.01,215.90,684.47,651.32,1,-1,-1,-1
527,14,1562.01,290.58,1725.42,665.34,1,-1,-1,-1
527,53,1299.69,316.39,1433.39,621.50,1,-1,-1,-1
527,112,941.23,433.27,1040.59,608.65,1,-1,-1,-1
527,115,493.21,216.82,690.90,654.56,1,-1,-1,-1
528,14,1572.26,288.33,1738.87,669.55,1,-1,-1,-1
528,53,773.90,246.78,950.46,647.96,1,-1,-1,-1
528,112,945.37,429.10,1044.86,605.03,1,-1,-1,-1
528,115,495.65,217.43,693.40,655.30,1,-1,-1,-1
529,14,1584.35,289.46,1753.79,676.97,1,-1,-1,-1
529,53,1082.85,282.03,1236.84,632.47,1,-1,-1,-1
529,112,945.76,423.54,1049.18,607.57,1,-1,-1,-1
529,115,512.32,212.56,710.48,650.56,1,-1,-1,-1
530,14,1594.47,291.91,1763.45,677.81,1,-1,-1,-1
530,53,1246.19,299.70,1388.36,623.67,1,-1,-1,-1
530,112,949.16,420.18,1055.35,609.82,1,-1,-1,-1
530,115,521.39,212.87,718.31,648.21,1,-1,-1,-1
531,14,1591.51,285.06,1764.40,677.39,1,-1,-1,-1
531,53,751.44,237.71,929.73,641.90,1,-1,-1,-1
531,37,1341.74,299.89,1479.18,615.91,1,-1,-1,-1
531,112,947.38,419.56,1053.09,609.39,1,-1,-1,-1
531,115,525.89,212.94,722.73,648.12,1,-1,-1,-1
532,14,1596.46,283.43,1770.92,679.33,1,-1,-1,-1
532,53,580.49,217.90,770.18,646.29,1,-1,-1,-1
532,37,1342.43,301.50,1477.76,613.96,1,-1,-1,-1
532,112,946.97,418.21,1053.56,609.62,1,-1,-1,-1
533,53,510.82,209.17,702.62,641.15,1,-1,-1,-1
533,37,1337.10,294.56,1474.05,611.97,1,-1,-1,-1
534,53,482.17,209.25,672.08,635.04,1,-1,-1,-1
534,37,1336.81,296.69,1469.77,606.54,1,-1,-1,-1
534,117,932.35,416.95,1027.46,601.79,1,-1,-1,-1
534,118,1568.79,281.47,1738.63,661.32,1,-1,-1,-1
535,53,467.92,205.84,660.47,636.37,1,-1,-1,-1
535,37,1330.35,293.46,1465.18,608.57,1,-1,-1,-1
535,117,917.16,413.44,1014.62,602.26,1,-1,-1,-1
535,118,1565.99,280.35,1737.26,662.78,1,-1,-1,-1
536,53,459.69,205.42,652.83,636.18,1,-1,-1,-1
536,37,1324.42,298.31,1458.52,612.01,1,-1,-1,-1
536,117,903.12,413.88,999.65,600.33,1,-1,-1,-1
536,118,1562.83,291.08,1729.30,661.91,1,-1,-1,-1
537,53,456.88,201.06,654.15,640.56,1,-1,-1,-1
537,37,1321.34,298.82,1456.42,614.68,1,-1,-1,-1
537,117,898.37,419.21,994.71,604.75,1,-1,-1,-1
537,118,1567.03,294.70,1732.10,661.69,1,-1,-1,-1
538,53,456.93,202.83,656.89,647.35,1,-1,-1,-1
538,37,1321.25,305.66,1455.45,619.00,1,-1,-1,-1
538,117,897.26,426.04,993.39,610.55,1,-1,-1,-1
538,118,1570.71,305.01,1731.83,662.37,1,-1,-1,-1
539,53,457.28,200.57,661.48,653.81,1,-1,-1,-1
539,37,1320.59,310.90,1455.96,626.62,1,-1,-1,-1
539,117,897.63,434.70,992.27,616.06,1,-1,-1,-1
539,118,1576.14,312.67,1737.01,668.99,1,-1,-1,-1
540,53,460.66,208.95,663.07,656.23,1,-1,-1,-1
540,37,1325.24,318.78,1460.06,633.39,1,-1,-1,-1
540,117,892.37,435.69,989.02,620.74,1,-1,-1,-1
540,118,1578.81,322.07,1738.16,674.07,1,-1,-1,-1
541,53,463.14,215.79,666.45,662.28,1,-1,-1,-1
541,37,1325.97,327.67,1463.47,648.51,1,-1,-1,-1
541,117,886.61,437.98,983.30,623.10,1,-1,-1,-1
541,118,1583.10,327.27,1744.89,684.11,1,-1,-1,-1
542,53,464.82,222.49,670.30,671.02,1,-1,-1,-1
542,37,1325.93,330.25,1465.15,655.38,1,-1,-1,-1
542,118,1581.85,327.59,1750.09,698.46,1,-1,-1,-1
543,53,468.32,233.67,670.61,674.25,1,-1,-1,-1
543,37,1325.60,335.71,1465.51,662.45,1,-1,-1,-1
543,118,1581.32,332.18,1752.02,708.28,1,-1,-1,-1
543,119,884.43,452.65,987.46,635.13,1,-1,-1,-1
544,53,459.33,228.86,665.33,675.99,1,-1,-1,-1
544,37,1320.10,335.71,1461.88,666.96,1,-1,-1,-1
544,118,1577.10,335.04,1747.41,710.50,1,-1,-1,-1
544,119,871.40,450.27,976.61,636.90,1,-1,-1,-1
545,53,453.11,229.71,658.56,673.92,1,-1,-1,-1
545,37,1313.16,334.94,1456.24,668.52,1,-1,-1,-1
545,118,1570.22,329.93,1741.55,707.80,1,-1,-1,-1
545,119,860.33,446.51,969.35,640.32,1,-1,-1,-1
546,53,450.78,228.13,658.02,674.29,1,-1,-1,-1
546,37,1311.76,333.22,1452.93,661.73,1,-1,-1,-1
546,118,1568.57,329.84,1738.41,703.97,1,-1,-1,-1
546,119,857.11,441.71,966.06,635.82,1,-1,-1,-1
547,53,450.15,222.33,658.50,670.39,1,-1,-1,-1
547,37,1305.77,329.81,1448.00,660.93,1,-1,-1,-1
547,118,1566.70,323.01,1738.51,701.02,1,-1,-1,-1
547,119,846.77,439.32,956.08,634.07,1,-1,-1,-1
548,53,451.42,222.14,658.69,666.84,1,-1,-1,-1
548,37,1298.79,323.86,1441.81,656.59,1,-1,-1,-1
548,118,1555.48,317.73,1729.98,701.15,1,-1,-1,-1
548,119,838.26,439.21,946.83,632.72,1,-1,-1,-1
549,53,442.13,219.51,651.58,667.39,1,-1,-1,-1
549,37,1295.90,324.54,1439.40,658.42,1,-1,-1,-1
549,118,1551.82,316.98,1726.24,699.80,1,-1,-1,-1
549,119,826.98,440.61,933.19,630.18,1,-1,-1,-1
550,53,439.15,219.23,649.47,667.55,1,-1,-1,-1
550,118,1546.44,317.97,1719.69,697.88,1,-1,-1,-1
550,119,817.19,438.49,924.94,631.28,1,-1,-1,-1
551,53,438.63,219.85,648.58,666.91,1,-1,-1,-1
551,118,1545.06,319.63,1716.72,695.76,1,-1,-1,-1
551,119,813.01,437.08,922.39,633.69,1,-1,-1,-1
551,120,1289.65,320.71,1432.12,651.28,1,-1,-1,-1
552,53,439.97,227.40,647.80,669.26,1,-1,-1,-1
552,118,1545.81,323.54,1714.52,691.59,1,-1,-1,-1
552,119,807.02,440.57,917.17,639.24,1,-1,-1,-1
552,120,1296.88,331.49,1434.35,650.36,1,-1,-1,-1
553,53,440.80,229.65,648.22,670.11,1,-1,-1,-1
553,118,1541.21,325.63,1708.77,689.32,1,-1,-1,-1
553,119,801.08,442.61,910.87,641.34,1,-1,-1,-1
553,120,1300.33,337.23,1434.87,649.30,1,-1,-1,-1
554,53,437.91,237.13,643.78,673.04,1,-1,-1,-1
554,118,1538.99,327.05,1705.93,689.39,1,-1,-1,-1
554,119,799.02,448.71,908.20,646.08,1,-1,-1,-1
554,120,1301.26,338.17,1435.86,650.42,1,-1,-1,-1
555,53,436.85,239.95,642.88,674.76,1,-1,-1,-1
555,119,793.96,451.03,902.78,647.83,1,-1,-1,-1
555,120,1300.50,341.15,1436.47,656.47,1,-1,-1,-1
556,53,436.90,240.98,642.76,675.36,1,-1,-1,-1
556,118,1546.00,334.24,1711.95,693.33,1,-1,-1,-1
556,119,793.77,458.51,899.53,649.76,1,-1,-1,-1
556,120,1304.77,341.36,1441.73,659.28,1,-1,-1,-1
557,53,437.08,241.33,643.17,676.20,1,-1,-1,-1
557,118,1551.55,333.97,1718.67,695.31,1,-1,-1,-1
557,119,789.49,461.98,893.75,650.42,1,-1,-1,-1
557,120,1306.56,341.98,1443.31,659.56,1,-1,-1,-1
558,53,438.19,247.37,642.82,679.11,1,-1,-1,-1
558,118,1555.00,331.88,1728.03,706.61,1,-1,-1,-1
558,119,787.70,463.21,892.25,651.94,1,-1,-1,-1
558,120,1305.63,339.38,1445.33,663.66,1,-1,-1,-1
559,53,438.91,250.28,642.92,680.17,1,-1,-1,-1
559,118,1550.81,333.69,1727.83,717.30,1,-1,-1,-1
559,119,789.09,470.92,890.05,653.79,1,-1,-1,-1
559,120,1309.34,342.35,1450.60,670.46,1,-1,-1,-1
560,53,444.50,257.28,647.34,683.82,1,-1,-1,-1
560,118,1554.68,341.52,1731.38,723.95,1,-1,-1,-1
560,119,787.70,470.39,890.98,657.77,1,-1,-1,-1
560,120,1311.83,354.03,1452.03,679.60,1,-1,-1,-1
561,53,441.50,258.52,645.21,686.47,1,-1,-1,-1
561,118,1560.86,348.43,1737.93,731.65,1,-1,-1,-1
561,119,783.63,476.09,886.51,662.49,1,-1,-1,-1
561,120,1317.06,359.04,1456.79,683.61,1,-1,-1,-1
562,53,445.20,264.19,648.45,690.71,1,-1,-1,-1
562,118,1561.61,350.92,1739.23,735.32,1,-1,-1,-1
562,119,777.33,476.84,881.30,665.53,1,-1,-1,-1
562,120,1318.91,359.45,1459.86,686.98,1,-1,-1,-1
563,53,452.79,268.90,653.72,689.59,1,-1,-1,-1
563,119,777.97,470.45,885.22,665.28,1,-1,-1,-1
563,120,1325.54,362.14,1464.84,685.47,1,-1,-1,-1
564,53,465.30,265.90,665.60,685.09,1,-1,-1,-1
564,118,1582.82,341.69,1769.26,745.47,1,-1,-1,-1
564,119,785.43,471.24,889.51,660.55,1,-1,-1,-1
564,120,1341.60,362.36,1480.28,684.08,1,-1,-1,-1
565,53,475.66,267.34,673.74,680.04,1,-1,-1,-1
565,118,1585.47,342.81,1773.22,749.41,1,-1,-1,-1
565,119,793.18,472.15,895.39,657.93,1,-1,-1,-1
565,120,1351.49,360.34,1491.90,685.46,1,-1,-1,-1
566,53,483.63,261.79,682.07,674.76,1,-1,-1,-1
566,119,795.72,471.77,897.45,657.58,1,-1,-1,-1
566,120,1358.55,357.52,1501.15,687.88,1,-1,-1,-1
567,53,486.42,259.67,685.25,672.14,1,-1,-1,-1
567,119,791.27,464.30,895.74,656.09,1,-1,-1,-1
567,120,1360.89,355.73,1505.28,690.03,1,-1,-1,-1
567,122,1604.55,338.03,1799.68,773.14,1,-1,-1,-1
568,53,486.95,248.87,686.84,662.54,1,-1,-1,-1
568,119,789.23,461.50,894.90,655.53,1,-1,-1,-1
568,120,1365.00,352.36,1512.43,693.39,1,-1,-1,-1
568,122,1605.58,341.11,1801.20,777.32,1,-1,-1,-1
569,53,497.87,248.11,695.12,655.66,1,-1,-1,-1
569,119,793.71,457.14,898.60,649.39,1,-1,-1,-1
569,120,1371.71,351.70,1519.46,692.63,1,-1,-1,-1
569,122,1616.85,340.51,1812.37,775.80,1,-1,-1,-1
570,53,511.38,247.85,707.36,652.47,1,-1,-1,-1
570,119,795.24,453.50,901.64,648.34,1,-1,-1,-1
570,120,1383.54,346.82,1531.55,688.30,1,-1,-1,-1
570,122,1620.63,342.62,1816.41,778.47,1,-1,-1,-1
571,53,516.95,249.11,711.83,650.70,1,-1,-1,-1
571,119,798.51,449.54,907.34,650.59,1,-1,-1,-1
571,120,1396.88,344.95,1544.64,685.93,1,-1,-1,-1
572,53,517.92,248.26,713.64,651.47,1,-1,-1,-1
572,119,795.19,446.12,906.27,652.75,1,-1,-1,-1
572,120,1401.15,337.65,1550.59,683.00,1,-1,-1,-1
573,53,512.65,245.97,711.05,653.82,1,-1,-1,-1
573,119,796.62,451.33,902.50,647.10,1,-1,-1,-1
573,120,1402.16,333.61,1553.00,682.53,1,-1,-1,-1
573,122,1643.69,316.51,1843.26,760.98,1,-1,-1,-1
574,53,511.11,242.49,708.74,648.83,1,-1,-1,-1
574,119,785.65,443.47,894.51,646.20,1,-1,-1,-1
574,120,1402.90,328.82,1553.08,677.08,1,-1,-1,-1
574,122,1649.11,314.05,1849.38,760.06,1,-1,-1,-1
575,53,502.68,234.57,706.20,652.96,1,-1,-1,-1
575,119,778.63,443.25,884.93,642.62,1,-1,-1,-1
575,120,1397.13,324.42,1548.81,676.96,1,-1,-1,-1
575,122,1652.14,318.36,1841.76,741.31,1,-1,-1,-1
576,53,501.56,240.80,703.13,654.54,1,-1,-1,-1
576,119,771.99,444.57,875.98,640.60,1,-1,-1,-1
576,120,1395.51,320.84,1545.63,671.03,1,-1,-1,-1
576,122,1657.25,316.75,1846.18,738.16,1,-1,-1,-1
577,53,495.17,240.65,698.51,657.85,1,-1,-1,-1
577,119,764.70,443.80,868.93,640.53,1,-1,-1,-1
577,120,1389.81,318.24,1539.89,668.76,1,-1,-1,-1
578,53,498.16,241.93,700.55,657.80,1,-1,-1,-1
578,119,761.44,442.89,865.70,641.20,1,-1,-1,-1
578,120,1383.42,314.04,1533.15,663.32,1,-1,-1,-1
578,122,1647.67,320.86,1822.43,710.33,1,-1,-1,-1
579,53,494.05,241.79,697.30,659.12,1,-1,-1,-1
579,119,756.22,443.24,859.48,640.83,1,-1,-1,-1
579,120,1380.21,311.22,1530.53,661.96,1,-1,-1,-1
579,122,1645.47,320.74,1819.17,707.06,1,-1,-1,-1
