3,1,600.00,221.00,756.00,497.00,1,-1,-1,-1
4,1,600.00,221.00,756.00,497.00,1,-1,-1,-1
5,1,601.96,206.98,756.26,480.03,1,-1,-1,-1
6,1,600.15,196.54,758.80,477.25,1,-1,-1,-1
7,1,600.68,191.73,757.81,469.53,1,-1,-1,-1
8,1,597.02,187.52,751.60,460.73,1,-1,-1,-1
9,1,601.15,183.50,752.81,450.92,1,-1,-1,-1
10,1,602.56,182.28,753.39,447.63,1,-1,-1,-1
11,1,596.26,171.86,752.28,446.01,1,-1,-1,-1
12,1,593.75,164.88,750.78,440.27,1,-1,-1,-1
13,1,591.60,158.47,752.11,440.32,1,-1,-1,-1
14,1,590.88,156.25,752.57,440.51,1,-1,-1,-1
15,1,590.70,155.64,752.70,440.77,1,-1,-1,-1
16,1,590.72,155.61,752.71,441.03,1,-1,-1,-1
17,1,590.80,155.77,752.68,441.26,1,-1,-1,-1
18,1,594.66,145.43,748.88,417.05,1,-1,-1,-1
19,1,594.96,138.31,748.65,409.28,1,-1,-1,-1
20,1,596.41,133.20,747.91,400.62,1,-1,-1,-1
21,1,598.94,127.47,753.69,400.94,1,-1,-1,-1
22,1,596.89,123.52,750.24,394.63,1,-1,-1,-1
23,1,596.12,122.23,748.89,392.46,1,-1,-1,-1
24,1,596.07,117.86,748.56,387.57,1,-1,-1,-1
26,17,471.68,101.52,617.09,392.39,1,-1,-1,-1
27,17,476.98,95.86,621.14,384.14,1,-1,-1,-1
28,17,477.90,86.83,623.97,378.60,1,-1,-1,-1
29,17,475.93,78.31,627.05,380.49,1,-1,-1,-1
30,17,476.94,73.46,627.67,375.12,1,-1,-1,-1
31,17,477.18,67.89,627.19,367.82,1,-1,-1,-1
32,17,483.68,65.44,629.30,356.47,1,-1,-1,-1
33,17,485.65,58.69,631.08,349.06,1,-1,-1,-1
34,17,484.17,51.72,633.14,349.27,1,-1,-1,-1
35,17,483.59,49.33,633.82,349.51,1,-1,-1,-1
36,17,485.53,44.69,631.80,336.54,1,-1,-1,-1
37,17,486.02,42.52,631.14,331.81,1,-1,-1,-1
38,17,486.13,41.91,630.90,330.25,1,-1,-1,-1
39,17,486.09,41.87,630.81,329.86,1,-1,-1,-1
40,17,486.00,42.02,630.79,329.90,1,-1,-1,-1
41,17,490.09,32.25,635.90,321.44,1,-1,-1,-1
42,17,490.48,26.07,638.90,320.39,1,-1,-1,-1
43,17,492.48,23.23,638.77,312.90,1,-1,-1,-1
44,17,493.14,22.35,638.71,310.21,1,-1,-1,-1
45,17,493.29,22.17,638.70,309.36,1,-1,-1,-1
46,17,493.26,22.24,638.70,309.20,1,-1,-1,-1
47,17,493.17,22.40,638.71,309.27,1,-1,-1,-1
48,17,493.06,22.57,638.73,309.43,1,-1,-1,-1
49,17,492.19,6.85,638.85,296.36,1,-1,-1,-1
50,17,493.18,-0.95,637.54,284.29,1,-1,-1,-1
51,17,494.57,-5.73,635.98,273.23,1,-1,-1,-1
52,17,495.10,-8.01,635.34,268.61,1,-1,-1,-1
53,17,494.89,-13.37,635.48,263.77,1,-1,-1,-1
54,17,494.76,-15.21,635.57,262.16,1,-1,-1,-1
55,17,493.80,-18.39,636.48,263.08,1,-1,-1,-1
56,17,493.48,-19.45,636.77,263.58,1,-1,-1,-1
57,17,498.92,-23.00,641.20,258.66,1,-1,-1,-1
58,17,501.05,-24.20,642.79,256.94,1,-1,-1,-1
59,17,507.24,-26.51,646.54,249.82,1,-1,-1,-1
60,17,509.54,-27.23,647.92,247.29,1,-1,-1,-1
61,17,510.35,-27.39,648.39,246.49,1,-1,-1,-1
62,17,510.59,-27.34,648.52,246.33,1,-1,-1,-1
63,17,510.63,-27.22,648.52,246.40,1,-1,-1,-1
64,17,510.59,-27.10,648.49,246.54,1,-1,-1,-1
65,17,510.54,-26.97,648.44,246.70,1,-1,-1,-1
66,17,521.75,-28.18,656.33,238.90,1,-1,-1,-1
67,17,525.32,-29.90,659.90,236.72,1,-1,-1,-1
68,17,526.50,-30.49,661.23,236.01,1,-1,-1,-1
69,17,531.88,-34.63,666.60,231.19,1,-1,-1,-1
70,17,533.72,-36.13,668.64,229.48,1,-1,-1,-1
71,17,539.50,-35.29,672.76,226.96,1,-1,-1,-1
72,17,541.56,-34.91,674.23,226.12,1,-1,-1,-1
73,17,541.54,-36.04,675.38,227.23,1,-1,-1,-1
74,17,541.57,-36.43,676.27,228.39,1,-1,-1,-1
75,17,541.47,-36.52,676.54,228.89,1,-1,-1,-1
76,17,541.48,-37.18,676.45,227.83,1,-1,-1,-1
77,17,541.38,-37.39,676.37,227.48,1,-1,-1,-1
78,17,541.25,-37.43,676.32,227.40,1,-1,-1,-1
79,17,544.99,-42.70,680.33,223.45,1,-1,-1,-1
80,17,546.45,-44.66,681.70,222.00,1,-1,-1,-1
81,17,543.41,-48.65,677.76,216.23,1,-1,-1,-1
82,17,543.83,-51.42,674.59,206.16,1,-1,-1,-1
83,17,542.70,-55.07,674.59,204.45,1,-1,-1,-1
84,17,542.21,-56.36,674.61,203.91,1,-1,-1,-1
85,17,541.97,-56.76,674.64,203.80,1,-1,-1,-1
86,17,541.82,-56.85,674.67,203.86,1,-1,-1,-1
87,17,541.24,-66.74,674.51,195.36,1,-1,-1,-1
88,17,541.09,-70.39,674.37,192.24,1,-1,-1,-1
89,17,541.08,-71.68,674.23,191.16,1,-1,-1,-1
90,17,541.13,-72.07,674.11,190.85,1,-1,-1,-1
91,17,541.86,-76.75,674.00,184.89,1,-1,-1,-1
92,17,542.18,-78.42,673.90,182.73,1,-1,-1,-1
93,17,542.34,-78.96,673.81,182.02,1,-1,-1,-1
93,29,1084.00,-156.00,1196.00,47.00,1,-1,-1,-1
94,17,544.38,-78.41,671.79,173.91,1,-1,-1,-1
94,29,1084.00,-156.00,1196.00,47.00,1,-1,-1,-1
95,17,545.45,-78.76,671.37,170.28,1,-1,-1,-1
96,17,551.58,-78.16,672.83,161.04,1,-1,-1,-1
97,17,553.17,-79.20,674.05,159.10,1,-1,-1,-1
98,17,553.69,-79.53,674.51,158.51,1,-1,-1,-1
99,17,553.81,-79.60,674.69,158.43,1,-1,-1,-1
100,17,553.65,-85.57,675.59,154.53,1,-1,-1,-1
101,17,553.55,-87.76,675.92,153.17,1,-1,-1,-1
102,17,553.23,-90.50,676.94,152.78,1,-1,-1,-1
103,17,553.04,-91.46,677.36,152.73,1,-1,-1,-1
104,17,552.91,-91.76,677.54,152.81,1,-1,-1,-1
105,17,552.81,-91.80,677.62,152.92,1,-1,-1,-1
106,17,552.72,-91.76,677.67,153.04,1,-1,-1,-1
107,17,552.65,-91.69,677.71,153.15,1,-1,-1,-1
108,17,552.58,-91.62,677.73,153.25,1,-1,-1,-1
109,17,551.66,-92.21,677.29,153.99,1,-1,-1,-1
110,17,551.37,-92.39,677.06,154.32,1,-1,-1,-1
111,17,551.30,-92.43,676.92,154.48,1,-1,-1,-1
112,17,551.32,-92.41,676.81,154.57,1,-1,-1,-1
113,17,551.36,-92.37,676.73,154.63,1,-1,-1,-1
114,17,542.69,-91.67,668.22,156.00,1,-1,-1,-1
115,17,539.57,-90.73,664.20,155.88,1,-1,-1,-1
116,17,538.80,-89.03,661.67,154.52,1,-1,-1,-1
116,33,915.73,-140.22,1055.99,93.92,1,-1,-1,-1
117,17,539.29,-87.05,660.04,152.70,1,-1,-1,-1
117,33,915.15,-128.45,1051.95,100.99,1,-1,-1,-1
118,17,540.29,-84.97,659.38,151.37,1,-1,-1,-1
118,33,912.90,-126.10,1052.99,110.47,1,-1,-1,-1
119,17,538.33,-85.54,660.89,158.24,1,-1,-1,-1
119,33,907.86,-123.38,1048.59,116.23,1,-1,-1,-1
120,17,538.08,-85.10,661.02,160.11,1,-1,-1,-1
120,33,899.70,-125.38,1043.87,122.13,1,-1,-1,-1
121,17,538.50,-84.28,660.64,160.17,1,-1,-1,-1
121,33,894.07,-114.10,1035.57,131.46,1,-1,-1,-1
122,17,539.88,-81.34,659.99,159.51,1,-1,-1,-1
122,33,889.83,-102.54,1026.10,136.68,1,-1,-1,-1
123,17,540.64,-79.58,659.58,159.25,1,-1,-1,-1
123,33,882.15,-96.42,1018.19,145.07,1,-1,-1,-1
124,17,540.13,-76.95,660.26,165.12,1,-1,-1,-1
124,33,875.15,-89.68,1010.45,152.60,1,-1,-1,-1
125,17,540.21,-75.34,660.28,167.30,1,-1,-1,-1
125,33,858.56,-84.04,994.57,160.47,1,-1,-1,-1
126,17,539.78,-76.09,661.43,170.73,1,-1,-1,-1
126,33,846.56,-79.49,984.84,169.80,1,-1,-1,-1
127,17,538.61,-75.09,662.90,177.90,1,-1,-1,-1
127,33,836.76,-75.99,977.71,179.65,1,-1,-1,-1
128,17,538.29,-74.73,664.01,181.88,1,-1,-1,-1
128,33,832.66,-71.58,975.85,189.68,1,-1,-1,-1
129,17,537.50,-72.02,664.47,187.91,1,-1,-1,-1
129,33,832.71,-66.81,974.03,192.61,1,-1,-1,-1
130,17,541.42,-71.01,668.92,191.45,1,-1,-1,-1
130,33,826.04,-65.20,970.76,201.95,1,-1,-1,-1
131,17,543.54,-69.35,670.02,192.06,1,-1,-1,-1
131,33,820.85,-58.22,964.08,207.86,1,-1,-1,-1
132,17,544.90,-67.44,669.88,191.53,1,-1,-1,-1
132,33,819.06,-51.78,961.14,215.07,1,-1,-1,-1
133,17,544.31,-65.44,670.90,197.84,1,-1,-1,-1
133,33,814.57,-44.27,955.08,221.49,1,-1,-1,-1
134,17,544.85,-63.41,671.15,200.13,1,-1,-1,-1
134,33,811.76,-31.07,945.75,222.98,1,-1,-1,-1
135,17,544.25,-60.72,671.36,205.51,1,-1,-1,-1
135,33,810.12,-22.28,941.99,228.53,1,-1,-1,-1
136,17,544.48,-59.74,671.61,208.12,1,-1,-1,-1
136,33,807.22,-10.60,934.61,232.35,1,-1,-1,-1
137,17,544.96,-56.80,670.64,208.35,1,-1,-1,-1
137,33,796.28,0.86,922.71,242.21,1,-1,-1,-1
138,17,545.51,-55.08,670.53,208.32,1,-1,-1,-1
138,33,787.61,8.83,914.03,250.95,1,-1,-1,-1
139,17,545.78,-51.18,671.07,212.84,1,-1,-1,-1
139,33,779.87,17.49,905.79,258.61,1,-1,-1,-1
139,36,784.40,-141.47,882.57,70.64,1,-1,-1,-1
139,37,380.62,-176.66,532.63,77.27,1,-1,-1,-1
140,17,544.63,-48.46,671.85,221.05,1,-1,-1,-1
140,33,773.69,27.08,897.85,264.53,1,-1,-1,-1
140,36,784.58,-134.76,882.32,76.65,1,-1,-1,-1
140,37,385.43,-155.43,532.22,89.96,1,-1,-1,-1
141,17,543.79,-47.49,672.53,226.02,1,-1,-1,-1
141,33,767.39,35.07,890.96,271.39,1,-1,-1,-1
141,36,788.06,-111.31,878.85,85.85,1,-1,-1,-1
141,37,391.04,-153.07,537.81,92.37,1,-1,-1,-1
142,17,542.81,-45.23,673.43,233.04,1,-1,-1,-1
142,33,757.28,43.80,884.60,286.71,1,-1,-1,-1
142,36,785.17,-100.70,873.62,91.65,1,-1,-1,-1
142,37,391.77,-145.45,541.08,104.38,1,-1,-1,-1
143,17,543.42,-41.16,672.78,234.96,1,-1,-1,-1
143,33,750.58,51.87,877.75,294.51,1,-1,-1,-1
143,36,787.50,-88.30,868.70,87.58,1,-1,-1,-1
143,37,392.94,-135.43,541.64,113.86,1,-1,-1,-1
144,17,544.29,-33.75,671.88,238.17,1,-1,-1,-1
144,36,788.92,-70.84,866.54,97.49,1,-1,-1,-1
144,37,396.18,-128.06,544.89,121.24,1,-1,-1,-1
145,17,544.11,-28.38,672.04,245.19,1,-1,-1,-1
145,36,790.08,-62.01,865.23,100.56,1,-1,-1,-1
146,17,544.10,-25.15,672.03,248.36,1,-1,-1,-1
146,36,790.91,-54.59,865.14,106.36,1,-1,-1,-1
147,17,544.04,-19.42,671.42,253.37,1,-1,-1,-1
147,36,791.19,-46.90,864.47,112.35,1,-1,-1,-1
148,17,542.45,-18.03,672.74,263.04,1,-1,-1,-1
148,36,790.31,-41.86,865.27,121.18,1,-1,-1,-1
149,17,542.54,-14.98,672.55,266.56,1,-1,-1,-1
149,36,790.08,-35.64,865.50,128.89,1,-1,-1,-1
150,17,543.01,-8.69,672.04,271.00,1,-1,-1,-1
150,33,830.60,132.87,942.39,342.31,1,-1,-1,-1
150,36,790.21,-29.01,866.08,136.89,1,-1,-1,-1
151,17,542.85,-3.12,672.18,277.79,1,-1,-1,-1
151,33,832.75,137.84,949.67,352.81,1,-1,-1,-1
151,36,790.58,-20.87,865.33,142.30,1,-1,-1,-1
152,17,542.31,1.50,672.72,286.11,1,-1,-1,-1
152,33,827.52,147.09,948.43,366.85,1,-1,-1,-1
152,36,790.18,-14.19,865.62,150.10,1,-1,-1,-1
153,17,542.05,6.39,673.63,295.00,1,-1,-1,-1
153,33,824.57,156.17,948.15,376.42,1,-1,-1,-1
153,36,789.71,-8.01,866.06,158.09,1,-1,-1,-1
154,17,542.19,13.36,673.73,302.13,1,-1,-1,-1
154,33,818.45,169.17,943.55,388.32,1,-1,-1,-1
154,36,789.22,-0.69,865.89,166.15,1,-1,-1,-1
155,17,547.73,23.10,676.82,306.61,1,-1,-1,-1
155,33,810.04,177.66,937.79,398.43,1,-1,-1,-1
155,36,789.04,5.73,865.85,172.91,1,-1,-1,-1
156,17,548.70,27.30,679.80,316.69,1,-1,-1,-1
156,33,800.38,187.10,932.85,414.48,1,-1,-1,-1
156,36,789.24,13.14,865.58,179.17,1,-1,-1,-1
157,17,554.10,30.69,685.01,320.28,1,-1,-1,-1
157,33,789.82,202.15,920.28,424.79,1,-1,-1,-1
157,36,789.16,20.27,865.65,186.58,1,-1,-1,-1
158,17,555.52,37.72,688.26,331.94,1,-1,-1,-1
158,33,784.86,216.12,915.73,437.58,1,-1,-1,-1
158,36,789.89,31.93,865.59,196.40,1,-1,-1,-1
159,17,561.73,49.39,691.58,337.46,1,-1,-1,-1
159,33,782.49,226.77,913.14,447.86,1,-1,-1,-1
159,36,790.00,41.33,865.08,204.47,1,-1,-1,-1
160,17,563.27,54.98,694.93,347.90,1,-1,-1,-1
160,33,763.63,231.61,899.13,459.59,1,-1,-1,-1
160,36,785.98,49.84,860.97,211.87,1,-1,-1,-1
161,17,568.46,62.15,699.98,355.53,1,-1,-1,-1
161,33,757.84,241.21,897.09,473.35,1,-1,-1,-1
161,36,785.66,58.08,860.15,219.03,1,-1,-1,-1
162,17,572.08,73.88,700.80,359.50,1,-1,-1,-1
162,33,753.63,251.19,893.37,484.14,1,-1,-1,-1
163,17,581.92,81.42,710.43,366.68,1,-1,-1,-1
163,36,791.48,81.75,861.81,233.90,1,-1,-1,-1
164,17,584.99,89.96,715.09,379.72,1,-1,-1,-1
164,36,791.83,90.73,861.33,241.12,1,-1,-1,-1
165,17,592.75,102.81,719.24,384.39,1,-1,-1,-1
166,17,602.00,116.75,723.59,386.47,1,-1,-1,-1
167,17,610.03,127.66,729.08,390.28,1,-1,-1,-1
168,17,613.43,136.72,731.66,396.14,1,-1,-1,-1
169,17,619.57,146.43,736.13,400.07,1,-1,-1,-1
170,17,625.23,150.99,744.84,410.02,1,-1,-1,-1
171,17,637.30,159.72,755.68,416.13,1,-1,-1,-1
171,33,674.00,366.11,814.10,604.18,1,-1,-1,-1
172,17,645.35,164.65,765.23,425.49,1,-1,-1,-1
172,33,665.14,377.26,806.79,621.03,1,-1,-1,-1
173,17,653.54,172.17,772.46,432.06,1,-1,-1,-1
173,33,657.68,388.94,799.99,633.84,1,-1,-1,-1
174,17,656.62,179.33,775.40,438.91,1,-1,-1,-1
175,17,662.51,187.06,780.81,445.61,1,-1,-1,-1
176,17,669.56,194.96,786.93,452.07,1,-1,-1,-1
177,17,677.07,203.59,792.96,457.56,1,-1,-1,-1
178,17,679.92,211.14,795.31,463.36,1,-1,-1,-1
179,17,684.48,217.66,800.93,471.27,1,-1,-1,-1
180,17,684.75,221.80,804.06,480.62,1,-1,-1,-1
181,17,689.85,229.06,809.00,487.55,1,-1,-1,-1
182,50,376.04,80.69,509.20,362.56,1,-1,-1,-1
183,50,378.16,86.54,512.35,370.47,1,-1,-1,-1
183,53,816.46,240.31,950.56,488.14,1,-1,-1,-1
184,50,384.15,91.10,517.24,372.08,1,-1,-1,-1
184,53,818.67,243.45,952.97,491.65,1,-1,-1,-1
185,50,388.21,95.88,520.84,375.88,1,-1,-1,-1
188,53,735.18,268.57,869.18,518.56,1,-1,-1,-1
189,50,400.60,126.38,531.79,402.39,1,-1,-1,-1
189,53,735.97,276.74,867.71,524.72,1,-1,-1,-1
190,50,404.20,132.62,534.92,407.63,1,-1,-1,-1
190,53,725.81,282.25,857.59,530.29,1,-1,-1,-1
191,50,407.17,135.73,538.79,412.17,1,-1,-1,-1
191,53,745.78,264.00,868.34,496.06,1,-1,-1,-1
192,50,410.71,141.58,542.00,417.32,1,-1,-1,-1
192,53,757.15,289.39,882.50,529.98,1,-1,-1,-1
193,53,753.16,294.92,878.21,534.90,1,-1,-1,-1
194,50,420.63,153.90,552.26,431.38,1,-1,-1,-1
195,33,754.33,302.56,870.09,504.07,1,-1,-1,-1
195,50,422.64,158.57,553.36,434.24,1,-1,-1,-1
195,53,772.49,316.25,901.45,564.62,1,-1,-1,-1
196,33,756.87,303.52,872.05,508.02,1,-1,-1,-1
196,50,426.25,164.35,556.73,439.50,1,-1,-1,-1
196,53,779.11,318.23,910.62,572.61,1,-1,-1,-1
197,33,760.87,300.18,875.26,503.27,1,-1,-1,-1
197,53,782.81,326.76,912.46,576.67,1,-1,-1,-1
198,53,783.88,334.39,913.50,583.19,1,-1,-1,-1
199,53,788.86,341.64,918.54,590.02,1,-1,-1,-1
200,33,758.96,336.52,870.74,539.16,1,-1,-1,-1
200,37,755.86,-151.76,856.97,26.28,1,-1,-1,-1
200,53,796.83,351.40,924.23,594.31,1,-1,-1,-1
201,33,761.04,339.06,872.31,540.78,1,-1,-1,-1
201,37,756.43,-156.32,859.34,28.44,1,-1,-1,-1
201,53,806.06,362.80,929.41,596.29,1,-1,-1,-1
202,33,763.60,360.46,866.15,549.33,1,-1,-1,-1
202,37,756.13,-161.07,860.99,28.79,1,-1,-1,-1
202,53,809.51,370.76,932.52,602.79,1,-1,-1,-1
203,33,765.62,365.32,866.88,551.79,1,-1,-1,-1
203,37,754.85,-165.43,861.37,29.77,1,-1,-1,-1
203,53,814.22,376.09,938.08,609.63,1,-1,-1,-1
204,37,757.30,-153.79,859.50,35.04,1,-1,-1,-1
204,53,818.93,374.49,947.63,617.27,1,-1,-1,-1
205,33,766.20,391.58,863.08,573.54,1,-1,-1,-1
205,37,756.83,-156.86,859.71,34.32,1,-1,-1,-1
205,53,824.30,375.67,956.57,625.83,1,-1,-1,-1
206,33,764.00,396.02,863.52,586.37,1,-1,-1,-1
206,37,755.56,-164.05,860.72,32.02,1,-1,-1,-1
206,53,828.42,372.64,966.18,634.11,1,-1,-1,-1
206,66,1588.74,-170.24,1738.31,74.53,1,-1,-1,-1
207,33,764.54,404.16,862.41,593.93,1,-1,-1,-1
207,37,757.07,-165.95,863.00,31.55,1,-1,-1,-1
207,53,830.01,373.90,970.94,642.25,1,-1,-1,-1
207,66,1592.27,-160.88,1739.70,80.03,1,-1,-1,-1
208,33,765.33,410.86,862.70,599.65,1,-1,-1,-1
208,53,835.27,376.81,975.61,643.89,1,-1,-1,-1
208,66,1594.75,-152.63,1738.50,81.66,1,-1,-1,-1
209,53,840.04,379.06,982.87,651.41,1,-1,-1,-1
209,66,1596.36,-158.84,1746.48,85.64,1,-1,-1,-1
210,53,845.78,381.74,991.21,659.92,1,-1,-1,-1
210,66,1598.42,-158.25,1746.83,82.74,1,-1,-1,-1
211,53,848.54,383.28,994.87,663.63,1,-1,-1,-1
211,66,1601.77,-148.49,1746.13,84.93,1,-1,-1,-1
212,50,494.36,267.88,621.41,532.90,1,-1,-1,-1
212,53,853.52,383.73,999.84,664.81,1,-1,-1,-1
212,66,1603.61,-158.21,1752.60,82.16,1,-1,-1,-1
213,50,500.69,271.99,627.46,534.72,1,-1,-1,-1
213,53,856.50,385.07,1001.67,664.37,1,-1,-1,-1
213,66,1606.87,-152.30,1754.19,84.49,1,-1,-1,-1
214,50,505.15,278.16,631.55,540.11,1,-1,-1,-1
214,53,861.79,384.14,1007.06,664.62,1,-1,-1,-1
214,66,1609.45,-144.73,1753.17,85.30,1,-1,-1,-1
215,53,867.25,381.06,1013.88,665.85,1,-1,-1,-1
215,66,1613.01,-148.82,1758.77,83.49,1,-1,-1,-1
216,53,872.71,373.93,1021.28,664.86,1,-1,-1,-1
216,66,1616.90,-143.01,1760.07,84.14,1,-1,-1,-1
217,53,874.78,368.54,1025.78,666.94,1,-1,-1,-1
217,66,1618.27,-152.38,1767.80,85.01,1,-1,-1,-1
218,50,532.63,306.66,653.07,552.78,1,-1,-1,-1
218,53,879.70,365.13,1031.50,667.62,1,-1,-1,-1
218,66,1621.09,-153.83,1768.84,80.05,1,-1,-1,-1
219,50,538.11,313.20,657.57,557.30,1,-1,-1,-1
219,53,887.84,363.79,1035.59,659.94,1,-1,-1,-1
219,66,1622.83,-155.77,1768.29,73.41,1,-1,-1,-1
220,37,773.71,-147.76,867.78,26.97,1,-1,-1,-1
220,50,541.75,319.14,660.14,557.11,1,-1,-1,-1
220,53,891.42,361.94,1038.30,658.12,1,-1,-1,-1
220,66,1622.27,-153.84,1769.73,78.29,1,-1,-1,-1
221,37,775.04,-147.02,868.53,26.60,1,-1,-1,-1
221,50,543.16,327.26,661.75,559.65,1,-1,-1,-1
221,53,897.32,357.31,1042.99,652.76,1,-1,-1,-1
221,66,1626.72,-154.46,1772.74,75.46,1,-1,-1,-1
222,50,547.66,334.66,667.60,564.51,1,-1,-1,-1
222,53,904.73,356.87,1047.80,648.69,1,-1,-1,-1
222,66,1629.88,-150.06,1772.87,75.06,1,-1,-1,-1
223,50,552.39,335.07,675.73,569.50,1,-1,-1,-1
223,53,907.77,356.08,1049.02,645.11,1,-1,-1,-1
223,66,1632.44,-143.74,1773.34,76.92,1,-1,-1,-1
224,50,557.70,339.01,683.49,576.52,1,-1,-1,-1
224,53,914.73,355.80,1051.90,636.46,1,-1,-1,-1
224,66,1636.55,-145.46,1777.55,74.27,1,-1,-1,-1
225,50,564.61,341.59,691.05,579.00,1,-1,-1,-1
225,53,917.44,355.73,1053.15,633.19,1,-1,-1,-1
225,66,1638.89,-143.47,1778.77,73.30,1,-1,-1,-1
226,50,566.73,346.31,694.00,583.74,1,-1,-1,-1
226,53,922.87,351.05,1058.19,628.01,1,-1,-1,-1
226,66,1643.01,-147.45,1785.15,72.29,1,-1,-1,-1
227,50,573.48,353.19,698.03,581.37,1,-1,-1,-1
227,53,924.30,347.35,1061.00,626.80,1,-1,-1,-1
227,66,1646.00,-145.64,1786.53,70.60,1,-1,-1,-1
228,50,581.14,360.23,704.05,582.94,1,-1,-1,-1
228,53,928.88,342.69,1065.64,621.77,1,-1,-1,-1
228,66,1651.12,-147.65,1791.50,67.98,1,-1,-1,-1
229,50,584.12,364.61,705.67,582.71,1,-1,-1,-1
229,53,932.01,342.98,1066.98,617.28,1,-1,-1,-1
229,66,1654.69,-145.76,1790.81,62.38,1,-1,-1,-1
230,50,588.51,364.64,711.99,584.51,1,-1,-1,-1
230,53,938.27,345.16,1070.71,612.34,1,-1,-1,-1
230,66,1657.03,-143.72,1789.26,57.61,1,-1,-1,-1
231,50,594.45,368.49,718.98,589.08,1,-1,-1,-1
231,53,938.99,338.66,1074.03,609.26,1,-1,-1,-1
231,66,1660.34,-142.98,1790.89,55.79,1,-1,-1,-1
232,50,596.41,370.40,721.47,590.02,1,-1,-1,-1
232,53,940.25,337.64,1075.36,606.21,1,-1,-1,-1
233,50,596.44,371.59,722.69,590.91,1,-1,-1,-1
233,53,950.40,336.00,1082.48,597.86,1,-1,-1,-1
234,50,600.92,375.86,727.64,594.47,1,-1,-1,-1
234,53,954.13,330.77,1085.58,590.15,1,-1,-1,-1
235,50,607.94,379.30,733.79,594.37,1,-1,-1,-1
235,53,956.09,325.56,1087.16,582.09,1,-1,-1,-1
236,50,608.41,378.41,737.87,596.90,1,-1,-1,-1
236,53,961.88,325.72,1090.40,575.24,1,-1,-1,-1
237,50,611.69,376.65,744.60,599.08,1,-1,-1,-1
237,53,962.27,318.48,1093.69,572.22,1,-1,-1,-1
238,50,617.17,375.21,751.15,599.16,1,-1,-1,-1
238,53,967.15,312.59,1098.58,565.27,1,-1,-1,-1
239,50,619.55,375.21,754.31,598.45,1,-1,-1,-1
239,53,968.03,308.49,1101.07,562.84,1,-1,-1,-1
240,50,623.96,371.15,760.24,595.45,1,-1,-1,-1
240,53,967.74,301.77,1103.01,560.11,1,-1,-1,-1
240,66,1684.59,-145.78,1814.34,52.69,1,-1,-1,-1
241,50,623.73,365.60,764.69,598.22,1,-1,-1,-1
241,53,967.01,297.39,1104.78,560.56,1,-1,-1,-1
241,66,1685.84,-145.92,1814.84,51.95,1,-1,-1,-1
242,50,628.68,364.79,770.22,597.92,1,-1,-1,-1
242,53,972.56,295.20,1107.28,553.00,1,-1,-1,-1
242,66,1688.54,-145.90,1817.00,51.13,1,-1,-1,-1
243,50,634.23,363.79,776.89,598.40,1,-1,-1,-1
243,53,969.60,293.21,1104.40,550.94,1,-1,-1,-1
243,66,1685.58,-149.09,1815.93,50.85,1,-1,-1,-1
244,50,635.56,361.43,780.55,599.85,1,-1,-1,-1
244,53,967.62,285.97,1104.68,548.33,1,-1,-1,-1
244,66,1687.71,-149.41,1817.76,50.09,1,-1,-1,-1
245,33,816.79,535.16,896.15,677.17,1,-1,-1,-1
245,50,636.03,360.52,782.33,601.01,1,-1,-1,-1
245,53,966.56,282.72,1104.31,546.81,1,-1,-1,-1
245,66,1689.32,-141.30,1813.49,49.07,1,-1,-1,-1
246,33,818.39,538.07,897.01,678.78,1,-1,-1,-1
246,50,640.72,360.17,786.69,600.76,1,-1,-1,-1
246,53,967.49,279.65,1103.33,540.46,1,-1,-1,-1
246,66,1690.89,-136.10,1811.69,48.78,1,-1,-1,-1
247,50,641.44,358.07,789.78,602.59,1,-1,-1,-1
247,53,967.45,277.98,1102.54,537.54,1,-1,-1,-1
247,66,1692.59,-133.66,1810.54,46.66,1,-1,-1,-1
248,50,645.66,356.62,795.24,603.90,1,-1,-1,-1
248,53,967.95,274.84,1100.96,530.62,1,-1,-1,-1
248,66,1695.54,-137.54,1815.10,45.25,1,-1,-1,-1
249,33,829.66,535.06,910.74,681.22,1,-1,-1,-1
249,50,647.81,356.08,797.18,603.71,1,-1,-1,-1
249,53,963.59,269.15,1096.15,524.18,1,-1,-1,-1
249,66,1697.68,-136.32,1815.61,44.10,1,-1,-1,-1
250,33,835.58,534.78,916.33,680.10,1,-1,-1,-1
250,50,647.74,354.58,798.51,604.90,1,-1,-1,-1
250,53,961.65,265.82,1093.94,520.61,1,-1,-1,-1
250,66,1700.01,-133.87,1814.80,41.70,1,-1,-1,-1
251,33,835.41,529.92,921.08,685.07,1,-1,-1,-1
251,50,652.22,354.02,802.75,604.67,1,-1,-1,-1
251,53,960.20,258.75,1093.80,516.78,1,-1,-1,-1
251,66,1702.09,-130.97,1813.13,38.83,1,-1,-1,-1
252,33,837.84,530.31,924.13,686.59,1,-1,-1,-1
252,50,654.46,354.48,804.25,603.88,1,-1,-1,-1
252,53,959.61,251.61,1093.79,511.53,1,-1,-1,-1
252,66,1702.38,-131.31,1813.55,38.51,1,-1,-1,-1
253,50,654.14,353.36,805.06,604.86,1,-1,-1,-1
253,53,954.91,244.45,1089.69,505.75,1,-1,-1,-1
253,66,1701.34,-133.47,1814.09,38.43,1,-1,-1,-1
254,50,655.04,353.61,805.44,604.55,1,-1,-1,-1
254,53,947.49,239.26,1084.55,505.04,1,-1,-1,-1
254,66,1701.69,-133.63,1814.14,37.78,1,-1,-1,-1
255,50,654.69,353.72,805.38,605.06,1,-1,-1,-1
255,53,945.67,235.49,1081.66,499.02,1,-1,-1,-1
255,66,1703.11,-133.16,1814.57,36.74,1,-1,-1,-1
256,50,654.53,353.78,805.19,604.58,1,-1,-1,-1
256,53,938.95,230.96,1076.77,497.55,1,-1,-1,-1
257,50,654.79,355.14,804.60,603.05,1,-1,-1,-1
257,53,936.64,225.46,1074.81,492.54,1,-1,-1,-1
258,50,653.96,355.00,804.48,603.11,1,-1,-1,-1
258,53,936.49,220.91,1073.47,485.52,1,-1,-1,-1
258,66,1693.09,-134.65,1810.27,43.79,1,-1,-1,-1
259,50,653.64,354.29,804.97,603.13,1,-1,-1,-1
259,53,931.76,218.06,1068.51,481.70,1,-1,-1,-1
259,66,1691.33,-134.15,1809.72,45.94,1,-1,-1,-1
260,50,649.52,356.01,800.45,602.46,1,-1,-1,-1
260,53,929.78,212.53,1066.98,477.12,1,-1,-1,-1
260,66,1691.16,-133.94,1809.54,46.14,1,-1,-1,-1
261,50,646.74,355.35,799.17,603.53,1,-1,-1,-1
261,53,929.36,206.65,1066.22,470.94,1,-1,-1,-1
262,50,646.10,355.76,798.24,603.26,1,-1,-1,-1
262,53,924.06,202.63,1062.64,470.09,1,-1,-1,-1
263,50,640.49,355.25,794.63,605.13,1,-1,-1,-1
263,53,922.08,197.33,1060.75,465.32,1,-1,-1,-1
264,50,637.86,354.41,793.10,605.83,1,-1,-1,-1
264,53,921.99,195.50,1059.53,461.69,1,-1,-1,-1
265,50,637.60,359.35,791.15,607.40,1,-1,-1,-1
265,53,916.39,188.38,1056.20,459.16,1,-1,-1,-1
266,50,637.53,361.24,790.41,608.64,1,-1,-1,-1
266,53,915.49,183.88,1053.88,451.78,1,-1,-1,-1
267,50,632.52,361.27,786.55,609.75,1,-1,-1,-1
267,53,916.17,183.70,1051.50,445.82,1,-1,-1,-1
268,50,625.11,360.61,781.42,612.12,1,-1,-1,-1
268,53,915.86,178.50,1051.36,441.10,1,-1,-1,-1
269,50,622.17,359.68,779.70,612.99,1,-1,-1,-1
269,53,916.47,174.06,1050.05,433.54,1,-1,-1,-1
270,50,620.02,358.00,779.54,615.26,1,-1,-1,-1
270,53,907.24,170.58,1041.21,430.21,1,-1,-1,-1
271,50,615.11,357.35,775.16,616.75,1,-1,-1,-1
271,53,903.34,164.13,1038.50,425.83,1,-1,-1,-1
272,50,613.95,357.76,772.89,616.62,1,-1,-1,-1
272,53,901.46,157.90,1036.76,420.40,1,-1,-1,-1
273,50,613.99,357.92,771.69,616.53,1,-1,-1,-1
273,53,895.76,153.74,1032.04,418.52,1,-1,-1,-1
274,50,609.63,361.93,765.87,619.10,1,-1,-1,-1
274,53,889.57,149.04,1025.92,414.03,1,-1,-1,-1
275,50,608.67,364.11,763.11,620.04,1,-1,-1,-1
275,53,882.61,145.46,1020.51,413.16,1,-1,-1,-1
276,50,603.73,363.59,758.21,621.67,1,-1,-1,-1
276,53,879.80,141.64,1016.91,407.72,1,-1,-1,-1
277,50,603.14,365.35,754.59,620.94,1,-1,-1,-1
277,53,873.85,139.05,1011.45,405.82,1,-1,-1,-1
278,50,597.48,364.01,749.57,622.60,1,-1,-1,-1
278,53,866.71,136.91,1005.32,405.25,1,-1,-1,-1
279,50,594.64,362.18,747.92,625.17,1,-1,-1,-1
279,53,860.39,133.63,998.34,400.57,1,-1,-1,-1
280,50,594.59,361.47,746.45,625.45,1,-1,-1,-1
280,53,853.32,131.88,991.43,398.28,1,-1,-1,-1
281,50,591.27,362.50,740.85,624.86,1,-1,-1,-1
281,53,849.95,126.74,988.54,394.25,1,-1,-1,-1
282,50,585.27,362.23,734.41,625.91,1,-1,-1,-1
282,53,844.92,124.94,982.97,391.54,1,-1,-1,-1
283,50,583.86,363.44,730.02,624.30,1,-1,-1,-1
283,53,837.62,118.46,977.36,388.67,1,-1,-1,-1
284,50,578.38,361.25,725.60,626.30,1,-1,-1,-1
284,53,830.09,114.84,971.14,387.71,1,-1,-1,-1
285,33,790.49,526.06,894.42,718.06,1,-1,-1,-1
285,50,575.43,358.46,723.72,628.34,1,-1,-1,-1
285,53,827.77,110.32,967.92,382.22,1,-1,-1,-1
286,33,788.44,525.85,892.96,718.94,1,-1,-1,-1
286,50,570.68,358.70,718.35,629.08,1,-1,-1,-1
286,53,822.72,104.14,962.70,376.29,1,-1,-1,-1
287,50,568.58,358.15,716.17,630.65,1,-1,-1,-1
287,53,816.74,101.95,955.91,372.87,1,-1,-1,-1
288,50,563.69,357.30,711.14,631.21,1,-1,-1,-1
288,53,813.42,94.68,954.12,369.73,1,-1,-1,-1
289,50,556.95,355.67,705.15,632.05,1,-1,-1,-1
289,53,807.61,90.77,949.13,368.67,1,-1,-1,-1
290,50,554.41,355.07,701.79,632.33,1,-1,-1,-1
290,53,802.02,87.47,941.77,362.49,1,-1,-1,-1
291,50,548.06,351.57,698.30,636.34,1,-1,-1,-1
291,53,800.03,86.40,937.90,358.29,1,-1,-1,-1
292,50,545.31,348.96,696.88,639.13,1,-1,-1,-1
292,53,794.54,80.86,932.95,354.20,1,-1,-1,-1
293,50,544.97,349.29,695.23,639.52,1,-1,-1,-1
293,53,792.60,77.60,931.31,352.80,1,-1,-1,-1
294,50,541.74,350.77,689.49,638.30,1,-1,-1,-1
294,53,792.88,74.54,929.36,346.47,1,-1,-1,-1
295,50,536.28,354.00,683.23,641.08,1,-1,-1,-1
295,53,788.88,72.88,924.49,343.56,1,-1,-1,-1
296,33,756.19,533.73,856.71,723.12,1,-1,-1,-1
296,50,528.90,353.92,676.56,644.06,1,-1,-1,-1
296,53,782.35,67.76,918.74,339.95,1,-1,-1,-1
297,33,753.24,534.23,853.79,723.67,1,-1,-1,-1
297,50,527.57,356.53,672.83,643.18,1,-1,-1,-1
297,53,780.65,66.63,916.11,337.41,1,-1,-1,-1
298,50,527.37,357.53,670.78,642.13,1,-1,-1,-1
298,53,774.94,63.71,911.93,337.92,1,-1,-1,-1
299,50,520.80,353.94,667.55,646.32,1,-1,-1,-1
299,53,774.07,62.07,908.71,331.65,1,-1,-1,-1
300,50,514.45,353.90,661.28,647.20,1,-1,-1,-1
300,53,774.52,62.93,906.42,326.74,1,-1,-1,-1
301,50,512.00,353.90,658.53,647.49,1,-1,-1,-1
301,53,770.18,62.72,901.06,323.71,1,-1,-1,-1
302,50,511.68,353.90,657.83,648.21,1,-1,-1,-1
302,53,768.45,58.75,899.46,319.39,1,-1,-1,-1
303,50,507.21,354.57,652.99,649.10,1,-1,-1,-1
303,53,767.72,57.36,898.56,317.25,1,-1,-1,-1
304,50,501.83,356.14,645.88,648.08,1,-1,-1,-1
304,53,762.09,50.96,895.21,314.59,1,-1,-1,-1
305,50,495.20,359.39,638.82,650.95,1,-1,-1,-1
305,53,756.41,49.98,889.17,311.07,1,-1,-1,-1
306,50,492.69,360.60,635.81,652.66,1,-1,-1,-1
306,53,754.02,45.75,886.75,305.24,1,-1,-1,-1
307,50,486.55,359.73,630.93,655.91,1,-1,-1,-1
307,53,752.32,42.29,886.92,304.51,1,-1,-1,-1
308,50,484.12,359.38,629.48,658.41,1,-1,-1,-1
308,53,751.92,42.41,885.66,302.38,1,-1,-1,-1
309,50,485.97,368.42,625.82,656.02,1,-1,-1,-1
309,53,746.91,36.61,883.00,300.39,1,-1,-1,-1
310,50,482.69,373.90,619.47,654.36,1,-1,-1,-1
310,53,746.01,37.17,879.92,295.79,1,-1,-1,-1
311,50,475.65,374.53,613.86,657.05,1,-1,-1,-1
311,53,746.08,38.19,878.62,293.52,1,-1,-1,-1
312,50,469.07,379.35,606.75,660.00,1,-1,-1,-1
312,53,740.09,35.33,875.05,294.79,1,-1,-1,-1
313,50,461.53,381.10,600.16,662.40,1,-1,-1,-1
313,53,737.62,30.39,874.13,292.06,1,-1,-1,-1
314,50,457.63,379.70,599.11,665.91,1,-1,-1,-1
314,53,736.06,27.28,873.97,291.78,1,-1,-1,-1
315,50,451.97,383.72,594.01,670.46,1,-1,-1,-1
315,53,730.67,24.23,871.02,293.74,1,-1,-1,-1
316,50,450.99,387.82,591.25,670.15,1,-1,-1,-1
316,53,728.19,22.50,869.86,295.21,1,-1,-1,-1
317,50,445.44,389.30,586.47,671.94,1,-1,-1,-1
317,53,722.60,20.63,865.74,296.50,1,-1,-1,-1
318,50,444.49,396.40,583.21,673.88,1,-1,-1,-1
318,53,720.15,18.70,864.02,297.05,1,-1,-1,-1
319,50,440.16,403.66,577.67,677.87,1,-1,-1,-1
319,53,721.41,19.36,860.72,289.45,1,-1,-1,-1
320,50,433.06,406.26,571.42,680.61,1,-1,-1,-1
320,53,717.47,18.41,855.52,286.57,1,-1,-1,-1
321,50,428.83,409.31,566.68,682.68,1,-1,-1,-1
321,53,715.00,15.48,854.11,286.89,1,-1,-1,-1
322,50,424.34,413.64,563.35,687.30,1,-1,-1,-1
322,53,710.78,13.13,848.50,281.80,1,-1,-1,-1
323,50,418.50,421.02,557.05,690.56,1,-1,-1,-1
323,53,708.96,11.67,846.15,279.93,1,-1,-1,-1
324,50,417.14,426.23,554.33,691.00,1,-1,-1,-1
324,53,703.83,10.53,841.33,279.97,1,-1,-1,-1
325,50,410.46,429.35,550.48,699.09,1,-1,-1,-1
325,53,701.23,8.20,839.74,280.71,1,-1,-1,-1
326,50,404.25,437.00,543.82,703.98,1,-1,-1,-1
326,53,696.62,8.70,833.78,279.08,1,-1,-1,-1
327,50,395.80,441.73,538.47,713.02,1,-1,-1,-1
327,53,696.68,8.32,830.60,272.56,1,-1,-1,-1
328,50,391.01,445.98,533.44,716.82,1,-1,-1,-1
328,53,697.42,9.58,828.31,268.17,1,-1,-1,-1
329,50,387.45,453.17,529.03,720.14,1,-1,-1,-1
329,53,692.69,8.78,824.01,267.96,1,-1,-1,-1
330,50,386.71,461.32,526.37,723.96,1,-1,-1,-1
330,53,691.05,9.19,821.85,266.63,1,-1,-1,-1
331,50,382.56,466.28,521.58,727.72,1,-1,-1,-1
331,53,690.02,9.39,821.03,266.88,1,-1,-1,-1
332,53,685.51,9.50,817.09,267.04,1,-1,-1,-1
333,53,683.87,10.24,815.10,266.51,1,-1,-1,-1
334,53,683.67,11.87,813.50,265.04,1,-1,-1,-1
335,53,683.26,11.85,813.46,265.21,1,-1,-1,-1
336,53,683.41,12.51,813.31,264.66,1,-1,-1,-1
337,53,678.02,10.78,810.24,266.49,1,-1,-1,-1
338,53,675.22,12.78,809.36,271.83,1,-1,-1,-1
339,53,675.39,11.57,808.62,268.61,1,-1,-1,-1
340,53,675.66,11.78,808.33,267.39,1,-1,-1,-1
341,53,676.02,11.20,808.77,266.95,1,-1,-1,-1
342,53,675.39,9.67,809.16,267.46,1,-1,-1,-1
343,53,674.84,9.10,809.07,267.67,1,-1,-1,-1
344,53,675.20,9.56,808.57,266.45,1,-1,-1,-1
345,53,674.85,8.43,808.97,266.66,1,-1,-1,-1
346,53,675.42,9.33,808.49,265.44,1,-1,-1,-1
347,53,670.10,8.37,804.65,266.98,1,-1,-1,-1
348,53,668.10,8.01,803.30,267.57,1,-1,-1,-1
349,53,667.34,7.89,802.88,267.80,1,-1,-1,-1
350,53,667.07,7.86,802.81,267.89,1,-1,-1,-1
351,53,666.98,7.86,802.86,267.93,1,-1,-1,-1
352,53,666.96,7.87,802.96,267.95,1,-1,-1,-1
353,53,665.12,7.88,805.56,277.87,1,-1,-1,-1
354,53,665.10,9.84,805.25,280.26,1,-1,-1,-1
355,53,664.32,9.30,805.32,282.46,1,-1,-1,-1
356,53,664.11,8.44,805.31,283.91,1,-1,-1,-1
357,53,663.84,6.15,806.20,286.38,1,-1,-1,-1
358,53,658.98,4.63,802.20,287.93,1,-1,-1,-1
359,53,657.42,4.06,800.39,288.47,1,-1,-1,-1
360,53,656.53,7.13,799.41,293.21,1,-1,-1,-1
361,53,652.42,9.63,794.37,294.31,1,-1,-1,-1
362,53,655.76,11.24,796.16,294.01,1,-1,-1,-1
363,53,657.90,12.51,796.73,293.17,1,-1,-1,-1
364,53,653.37,15.62,793.09,298.75,1,-1,-1,-1
365,53,651.80,16.77,791.66,300.80,1,-1,-1,-1
366,53,651.51,17.84,791.54,302.17,1,-1,-1,-1
367,53,651.49,23.49,790.83,305.92,1,-1,-1,-1
368,53,651.47,25.59,790.66,307.28,1,-1,-1,-1
369,53,655.70,29.64,795.68,313.66,1,-1,-1,-1
370,53,657.41,31.12,797.50,316.00,1,-1,-1,-1
371,53,658.17,31.61,798.10,316.80,1,-1,-1,-1
372,53,658.91,37.67,798.53,321.63,1,-1,-1,-1
373,53,659.11,39.90,798.77,323.37,1,-1,-1,-1
374,53,659.12,40.66,798.92,323.93,1,-1,-1,-1
375,53,659.06,40.87,799.04,324.06,1,-1,-1,-1
376,53,658.97,40.88,799.13,324.02,1,-1,-1,-1
377,53,658.88,40.82,799.21,323.93,1,-1,-1,-1
378,53,658.80,40.74,799.29,323.84,1,-1,-1,-1
379,53,658.73,40.66,799.35,323.74,1,-1,-1,-1
380,53,658.66,40.58,799.41,323.66,1,-1,-1,-1
381,53,658.60,40.51,799.47,323.58,1,-1,-1,-1
382,53,658.54,40.45,799.52,323.51,1,-1,-1,-1
383,53,658.49,40.40,799.56,323.45,1,-1,-1,-1
384,53,658.44,40.35,799.60,323.40,1,-1,-1,-1
385,53,658.40,40.31,799.64,323.35,1,-1,-1,-1
386,53,679.08,67.37,824.54,360.31,1,-1,-1,-1
387,53,687.00,77.44,833.63,374.08,1,-1,-1,-1
388,53,690.14,81.20,836.85,379.22,1,-1,-1,-1
389,53,691.39,82.48,837.79,380.97,1,-1,-1,-1
390,53,691.90,82.81,837.87,381.43,1,-1,-1,-1
391,53,692.13,82.80,837.66,381.42,1,-1,-1,-1
392,53,692.25,82.67,837.34,381.24,1,-1,-1,-1
393,53,692.32,82.50,837.02,381.02,1,-1,-1,-1
394,53,702.13,96.18,846.73,396.62,1,-1,-1,-1
395,53,705.95,101.25,850.13,402.39,1,-1,-1,-1
396,53,707.78,107.65,850.85,407.69,1,-1,-1,-1
396,103,727.52,-148.17,858.42,104.90,1,-1,-1,-1
397,53,709.84,112.56,850.18,407.54,1,-1,-1,-1
397,103,721.47,-132.62,851.05,118.03,1,-1,-1,-1
398,53,715.45,120.23,852.84,409.94,1,-1,-1,-1
398,103,720.67,-125.57,848.75,122.28,1,-1,-1,-1
399,53,718.76,125.59,853.10,409.33,1,-1,-1,-1
399,103,718.68,-102.26,839.99,132.53,1,-1,-1,-1
400,53,719.61,131.42,853.36,413.62,1,-1,-1,-1
400,103,719.08,-88.58,836.33,139.06,1,-1,-1,-1
401,53,725.67,136.73,856.19,412.41,1,-1,-1,-1
401,103,718.38,-80.41,835.56,147.94,1,-1,-1,-1
402,53,726.72,139.85,858.93,419.17,1,-1,-1,-1
402,103,712.59,-71.88,832.05,162.46,1,-1,-1,-1
403,53,729.48,144.48,861.13,422.66,1,-1,-1,-1
403,103,712.17,-60.48,828.01,168.68,1,-1,-1,-1
404,53,731.75,145.89,865.73,429.17,1,-1,-1,-1
404,103,706.33,-54.20,823.64,178.65,1,-1,-1,-1
405,53,739.15,151.40,869.80,426.93,1,-1,-1,-1
405,103,698.98,-44.26,817.43,192.02,1,-1,-1,-1
406,53,742.38,155.82,872.43,430.08,1,-1,-1,-1
406,103,698.02,-33.67,814.28,199.29,1,-1,-1,-1
407,53,742.02,163.20,872.61,436.99,1,-1,-1,-1
407,103,686.68,-24.18,804.97,212.97,1,-1,-1,-1
408,53,747.43,167.30,877.28,438.14,1,-1,-1,-1
408,103,677.40,-17.05,798.28,224.99,1,-1,-1,-1
409,53,751.73,177.33,877.75,438.47,1,-1,-1,-1
409,103,674.29,-4.87,795.02,236.41,1,-1,-1,-1
410,53,757.66,181.53,882.10,438.44,1,-1,-1,-1
410,103,669.19,5.28,789.51,244.95,1,-1,-1,-1
411,53,763.63,182.19,889.08,440.34,1,-1,-1,-1
411,103,667.29,17.96,786.46,255.05,1,-1,-1,-1
412,53,763.36,181.60,893.88,449.62,1,-1,-1,-1
412,103,661.78,26.28,781.84,265.08,1,-1,-1,-1
413,53,767.50,180.61,900.42,453.64,1,-1,-1,-1
413,103,655.33,34.31,775.56,273.76,1,-1,-1,-1
414,53,769.14,180.73,903.26,455.70,1,-1,-1,-1
414,103,654.58,48.83,771.20,281.28,1,-1,-1,-1
415,53,770.75,187.22,903.09,457.67,1,-1,-1,-1
415,103,649.72,59.19,765.88,289.66,1,-1,-1,-1
416,53,775.42,189.55,907.27,458.94,1,-1,-1,-1
416,103,645.05,75.30,757.78,297.75,1,-1,-1,-1
417,53,776.25,188.98,910.19,461.29,1,-1,-1,-1
417,103,642.42,84.86,754.73,306.37,1,-1,-1,-1
418,53,780.74,193.27,915.45,466.02,1,-1,-1,-1
418,103,636.99,91.98,750.37,315.90,1,-1,-1,-1
419,53,782.59,195.45,917.71,467.71,1,-1,-1,-1
419,103,631.23,104.20,744.18,327.07,1,-1,-1,-1
420,53,783.47,200.77,918.79,472.85,1,-1,-1,-1
420,103,627.64,112.35,741.66,336.87,1,-1,-1,-1
421,53,789.37,205.31,921.99,472.04,1,-1,-1,-1
421,103,620.95,121.63,737.80,350.13,1,-1,-1,-1
422,53,796.23,207.56,926.96,470.92,1,-1,-1,-1
422,103,612.32,127.40,732.90,362.68,1,-1,-1,-1
423,53,797.62,209.59,929.73,476.40,1,-1,-1,-1
423,103,602.99,131.21,728.26,374.94,1,-1,-1,-1
424,53,798.78,210.91,930.57,477.70,1,-1,-1,-1
424,103,601.56,144.69,724.65,383.86,1,-1,-1,-1
425,53,798.93,210.63,931.57,479.41,1,-1,-1,-1
425,103,594.50,150.82,721.03,396.04,1,-1,-1,-1
426,53,802.59,205.14,936.70,477.32,1,-1,-1,-1
426,103,593.29,160.04,718.49,402.94,1,-1,-1,-1
427,53,803.71,201.67,939.37,477.11,1,-1,-1,-1
427,103,587.52,170.43,714.03,415.01,1,-1,-1,-1
428,53,808.35,199.64,944.49,476.30,1,-1,-1,-1
428,103,585.77,178.63,712.24,423.81,1,-1,-1,-1
429,53,809.47,192.25,948.19,475.28,1,-1,-1,-1
429,103,580.20,185.34,707.61,433.34,1,-1,-1,-1
430,53,814.37,189.44,952.75,472.89,1,-1,-1,-1
430,103,578.91,192.81,705.33,439.88,1,-1,-1,-1
431,53,816.72,184.42,955.12,468.64,1,-1,-1,-1
431,103,579.89,201.88,703.34,444.61,1,-1,-1,-1
432,53,822.18,182.53,959.75,465.68,1,-1,-1,-1
432,103,580.22,209.59,702.32,451.29,1,-1,-1,-1
433,53,822.99,179.21,962.54,466.53,1,-1,-1,-1
433,103,575.67,216.13,697.60,458.75,1,-1,-1,-1
434,53,823.59,174.07,963.75,462.92,1,-1,-1,-1
434,103,574.36,223.55,695.02,465.20,1,-1,-1,-1
435,53,827.64,171.49,968.03,461.53,1,-1,-1,-1
435,103,570.62,231.31,689.63,471.26,1,-1,-1,-1
436,53,829.87,171.23,969.41,459.71,1,-1,-1,-1
436,103,568.79,238.55,686.96,477.84,1,-1,-1,-1
437,53,837.81,172.52,971.83,449.80,1,-1,-1,-1
437,103,563.13,244.26,681.92,485.31,1,-1,-1,-1
438,53,841.20,173.09,972.77,444.72,1,-1,-1,-1
438,103,552.22,251.40,671.23,491.78,1,-1,-1,-1
439,53,847.02,170.00,977.00,438.23,1,-1,-1,-1
439,103,546.41,251.80,668.50,498.54,1,-1,-1,-1
440,53,848.42,167.56,979.09,436.57,1,-1,-1,-1
440,103,539.69,257.62,662.45,504.12,1,-1,-1,-1
441,53,853.94,167.37,983.93,434.05,1,-1,-1,-1
441,103,538.04,265.49,659.56,509.23,1,-1,-1,-1
442,53,856.74,165.36,985.44,427.88,1,-1,-1,-1
442,103,532.51,270.83,655.14,516.82,1,-1,-1,-1
443,53,861.92,164.00,990.27,425.01,1,-1,-1,-1
443,103,530.31,273.27,653.24,520.08,1,-1,-1,-1
444,53,862.96,157.54,993.38,422.05,1,-1,-1,-1
444,103,526.19,279.86,648.24,524.33,1,-1,-1,-1
445,53,869.20,157.18,997.71,417.07,1,-1,-1,-1
445,103,524.63,287.40,645.36,528.31,1,-1,-1,-1
446,53,870.85,151.79,1000.44,412.65,1,-1,-1,-1
446,103,520.68,296.62,639.34,532.20,1,-1,-1,-1
447,53,875.90,145.22,1006.06,406.48,1,-1,-1,-1
447,103,519.41,303.14,637.22,538.07,1,-1,-1,-1
448,53,875.07,136.87,1010.65,408.26,1,-1,-1,-1
448,103,513.74,305.98,632.60,542.69,1,-1,-1,-1
449,53,875.58,131.88,1012.01,403.14,1,-1,-1,-1
449,103,506.18,310.11,626.67,549.50,1,-1,-1,-1
450,53,879.67,124.83,1017.56,398.00,1,-1,-1,-1
450,103,498.21,315.40,620.61,557.13,1,-1,-1,-1
451,53,884.31,119.66,1024.23,396.82,1,-1,-1,-1
451,103,490.36,321.79,614.25,564.40,1,-1,-1,-1
452,53,886.33,113.91,1026.92,392.57,1,-1,-1,-1
452,103,486.91,329.25,611.34,570.88,1,-1,-1,-1
453,53,886.66,110.55,1028.12,390.40,1,-1,-1,-1
453,103,481.86,337.79,605.78,576.39,1,-1,-1,-1
454,53,891.92,107.46,1031.73,384.45,1,-1,-1,-1
454,103,475.26,344.74,600.13,584.19,1,-1,-1,-1
455,53,893.32,105.13,1033.44,382.98,1,-1,-1,-1
455,103,473.04,353.06,597.45,590.19,1,-1,-1,-1
456,53,893.25,97.81,1035.78,380.56,1,-1,-1,-1
456,103,466.80,358.59,593.62,599.49,1,-1,-1,-1
457,53,892.92,95.17,1036.12,379.10,1,-1,-1,-1
457,103,465.03,366.37,591.91,606.71,1,-1,-1,-1
458,53,893.28,90.39,1036.19,374.07,1,-1,-1,-1
458,103,459.15,372.36,587.61,615.13,1,-1,-1,-1
459,53,891.90,85.43,1037.53,374.90,1,-1,-1,-1
459,103,457.19,380.31,584.72,620.70,1,-1,-1,-1
460,53,897.23,83.04,1039.90,367.47,1,-1,-1,-1
460,103,456.55,387.69,583.24,627.16,1,-1,-1,-1
461,53,894.62,80.33,1037.33,364.73,1,-1,-1,-1
461,103,452.36,395.50,578.33,633.96,1,-1,-1,-1
462,53,899.04,77.47,1039.41,357.88,1,-1,-1,-1
462,103,446.27,402.15,572.69,642.22,1,-1,-1,-1
463,53,900.59,75.23,1040.17,354.76,1,-1,-1,-1
463,103,442.33,405.72,571.19,652.34,1,-1,-1,-1
464,53,901.10,69.89,1041.05,350.41,1,-1,-1,-1
464,103,436.03,410.13,566.54,662.48,1,-1,-1,-1
465,53,900.84,62.73,1041.70,345.60,1,-1,-1,-1
465,103,430.36,420.72,559.81,673.28,1,-1,-1,-1
466,53,904.52,58.85,1045.96,343.92,1,-1,-1,-1
466,103,423.17,427.82,553.39,683.69,1,-1,-1,-1
467,53,907.63,56.22,1046.40,336.18,1,-1,-1,-1
467,103,416.50,434.87,546.69,692.60,1,-1,-1,-1
468,53,908.54,54.74,1046.68,333.39,1,-1,-1,-1
468,103,407.97,439.93,539.97,702.91,1,-1,-1,-1
469,53,907.96,48.36,1047.57,330.50,1,-1,-1,-1
469,103,400.97,446.85,533.01,711.13,1,-1,-1,-1
470,53,908.09,46.76,1047.45,328.23,1,-1,-1,-1
470,103,397.12,451.87,531.24,721.16,1,-1,-1,-1
471,53,908.24,46.97,1047.19,326.86,1,-1,-1,-1
471,103,392.60,464.64,524.18,730.56,1,-1,-1,-1
472,53,908.71,47.86,1047.23,325.82,1,-1,-1,-1
472,103,386.06,473.24,517.48,740.40,1,-1,-1,-1
473,53,907.90,47.66,1046.81,325.56,1,-1,-1,-1
473,103,380.61,486.09,509.76,751.04,1,-1,-1,-1
474,53,907.73,47.03,1047.77,326.24,1,-1,-1,-1
474,103,377.90,494.64,506.55,760.67,1,-1,-1,-1
475,53,907.13,45.56,1048.61,326.59,1,-1,-1,-1
475,103,372.42,502.20,501.63,770.56,1,-1,-1,-1
476,53,912.38,43.77,1051.95,320.22,1,-1,-1,-1
476,103,361.24,512.00,491.51,783.84,1,-1,-1,-1
477,53,914.54,43.86,1053.00,317.22,1,-1,-1,-1
477,103,359.54,525.93,484.82,787.91,1,-1,-1,-1
478,53,914.27,41.98,1054.38,317.53,1,-1,-1,-1
478,103,354.01,537.55,478.38,798.97,1,-1,-1,-1
479,53,920.13,40.02,1058.10,311.12,1,-1,-1,-1
479,103,348.34,546.59,472.80,808.21,1,-1,-1,-1
480,53,916.88,37.36,1056.22,310.13,1,-1,-1,-1
481,53,919.78,35.78,1059.93,309.84,1,-1,-1,-1
482,53,921.36,31.96,1061.42,305.21,1,-1,-1,-1
483,53,921.96,30.59,1061.87,302.88,1,-1,-1,-1
483,112,434.96,583.14,612.44,852.64,1,-1,-1,-1
484,53,921.66,29.50,1062.47,302.77,1,-1,-1,-1
484,112,437.06,603.43,606.02,859.50,1,-1,-1,-1
485,53,921.68,29.82,1062.47,302.16,1,-1,-1,-1
485,112,435.09,614.63,601.84,867.36,1,-1,-1,-1
486,53,920.92,28.04,1063.81,304.00,1,-1,-1,-1
487,53,919.97,26.77,1064.25,305.42,1,-1,-1,-1
487,112,418.35,648.98,585.43,902.36,1,-1,-1,-1
488,53,919.72,27.00,1064.24,306.01,1,-1,-1,-1
488,112,407.23,666.42,571.66,915.40,1,-1,-1,-1
489,53,919.31,27.16,1063.84,306.29,1,-1,-1,-1
489,112,401.66,680.60,564.52,927.22,1,-1,-1,-1
490,53,917.93,28.59,1064.86,312.37,1,-1,-1,-1
490,112,396.14,708.76,551.27,942.25,1,-1,-1,-1
491,53,917.62,29.17,1065.64,315.34,1,-1,-1,-1
491,112,387.42,716.48,553.63,965.51,1,-1,-1,-1
492,53,917.64,30.09,1065.11,315.82,1,-1,-1,-1
492,112,380.30,729.82,549.86,983.12,1,-1,-1,-1
493,53,918.41,32.44,1064.12,315.34,1,-1,-1,-1
493,112,372.38,746.85,544.24,1003.14,1,-1,-1,-1
494,53,918.76,33.36,1063.65,315.15,1,-1,-1,-1
494,112,358.07,757.99,536.06,1024.04,1,-1,-1,-1
495,53,914.42,33.72,1059.32,315.08,1,-1,-1,-1
495,112,347.20,768.93,529.70,1042.55,1,-1,-1,-1
496,53,914.07,36.50,1056.40,312.40,1,-1,-1,-1
496,112,339.54,783.10,523.31,1058.63,1,-1,-1,-1
497,53,913.30,40.23,1055.94,316.72,1,-1,-1,-1
498,53,913.03,42.26,1055.12,317.66,1,-1,-1,-1
499,53,913.17,42.34,1055.26,318.00,1,-1,-1,-1
500,53,913.43,44.33,1054.49,318.12,1,-1,-1,-1
501,53,913.55,45.05,1054.19,318.15,1,-1,-1,-1
502,53,913.62,45.29,1054.08,318.15,1,-1,-1,-1
503,53,913.67,45.35,1054.04,318.14,1,-1,-1,-1
504,53,913.71,45.34,1054.03,318.12,1,-1,-1,-1
505,53,913.74,45.32,1054.03,318.11,1,-1,-1,-1
506,53,913.76,45.28,1054.03,318.10,1,-1,-1,-1
507,53,913.79,45.25,1054.03,318.08,1,-1,-1,-1
508,53,913.81,45.22,1054.03,318.07,1,-1,-1,-1
509,53,913.83,45.20,1054.03,318.07,1,-1,-1,-1
510,53,913.84,45.17,1054.03,318.06,1,-1,-1,-1
511,53,913.86,45.15,1054.03,318.05,1,-1,-1,-1
512,53,913.87,45.14,1054.03,318.05,1,-1,-1,-1
513,53,913.89,45.12,1054.03,318.04,1,-1,-1,-1
514,53,913.90,45.10,1054.03,318.04,1,-1,-1,-1
515,53,913.91,45.09,1054.03,318.03,1,-1,-1,-1
516,53,913.92,45.08,1054.02,318.03,1,-1,-1,-1
517,53,913.92,45.07,1054.02,318.02,1,-1,-1,-1
518,53,913.93,45.06,1054.02,318.02,1,-1,-1,-1
519,53,922.88,75.46,1065.57,353.71,1,-1,-1,-1
520,53,925.79,90.77,1069.68,371.00,1,-1,-1,-1
521,53,926.81,96.48,1071.25,377.45,1,-1,-1,-1
522,53,927.12,98.47,1071.83,379.70,1,-1,-1,-1
523,53,927.15,99.05,1072.03,380.34,1,-1,-1,-1
524,53,927.08,99.10,1072.09,380.40,1,-1,-1,-1
525,53,926.99,98.96,1072.10,380.24,1,-1,-1,-1
526,53,926.89,98.78,1072.09,380.03,1,-1,-1,-1
527,53,926.80,98.58,1072.07,379.81,1,-1,-1,-1
528,53,926.72,98.41,1072.06,379.60,1,-1,-1,-1
529,53,926.64,98.24,1072.04,379.42,1,-1,-1,-1
530,53,926.57,98.10,1072.03,379.25,1,-1,-1,-1
531,53,927.29,137.59,1070.58,416.09,1,-1,-1,-1
532,53,927.76,152.45,1069.80,429.92,1,-1,-1,-1
533,53,928.55,167.72,1068.20,441.51,1,-1,-1,-1
533,117,356.64,-87.35,507.01,70.68,1,-1,-1,-1
533,118,1443.61,-159.66,1568.97,59.58,1,-1,-1,-1
534,53,928.96,173.19,1067.46,445.60,1,-1,-1,-1
534,117,353.00,-90.33,507.66,72.17,1,-1,-1,-1
534,118,1444.54,-158.92,1570.74,62.28,1,-1,-1,-1
535,53,924.22,178.92,1064.08,454.16,1,-1,-1,-1
535,117,357.37,-61.17,501.80,90.39,1,-1,-1,-1
535,118,1444.84,-180.64,1581.33,59.30,1,-1,-1,-1
536,53,922.47,180.81,1062.80,457.12,1,-1,-1,-1
536,117,359.26,-50.30,499.68,96.82,1,-1,-1,-1
536,118,1445.10,-188.01,1584.69,58.23,1,-1,-1,-1
537,53,921.83,181.24,1062.31,457.97,1,-1,-1,-1
537,117,359.91,-46.90,499.08,98.71,1,-1,-1,-1
537,118,1445.31,-190.51,1585.55,57.73,1,-1,-1,-1
538,53,920.39,193.04,1062.04,472.57,1,-1,-1,-1
538,117,359.80,-26.49,490.95,110.25,1,-1,-1,-1
538,118,1443.53,-187.14,1587.48,67.57,1,-1,-1,-1
539,53,920.21,197.93,1062.26,478.51,1,-1,-1,-1
539,117,359.67,-8.90,486.13,121.82,1,-1,-1,-1
539,118,1441.88,-183.71,1589.04,75.86,1,-1,-1,-1
540,53,921.34,206.77,1061.19,482.48,1,-1,-1,-1
540,117,358.81,0.28,486.82,131.83,1,-1,-1,-1
540,118,1440.66,-182.24,1590.73,81.58,1,-1,-1,-1
541,53,921.72,209.85,1060.86,483.68,1,-1,-1,-1
541,117,358.29,3.16,487.38,135.07,1,-1,-1,-1
541,118,1440.04,-181.56,1591.40,83.66,1,-1,-1,-1
542,53,921.81,210.75,1060.82,483.90,1,-1,-1,-1
542,117,357.90,3.80,487.90,135.92,1,-1,-1,-1
542,118,1439.67,-181.20,1591.68,84.32,1,-1,-1,-1
542,119,320.00,-155.00,495.00,34.00,1,-1,-1,-1
543,53,920.84,222.79,1061.84,499.67,1,-1,-1,-1
543,117,352.30,18.52,482.85,150.12,1,-1,-1,-1
543,118,1448.01,-169.82,1593.72,82.47,1,-1,-1,-1
543,119,315.04,-153.47,499.19,45.45,1,-1,-1,-1
544,53,920.45,227.10,1062.26,505.39,1,-1,-1,-1
544,117,349.94,23.64,481.37,155.09,1,-1,-1,-1
544,118,1450.93,-165.31,1594.69,81.59,1,-1,-1,-1
544,119,313.47,-152.98,500.52,49.12,1,-1,-1,-1
545,53,920.29,228.49,1062.45,507.31,1,-1,-1,-1
545,117,348.82,25.19,481.20,156.65,1,-1,-1,-1
545,118,1451.64,-163.64,1595.29,81.18,1,-1,-1,-1
545,119,313.03,-152.84,500.89,50.20,1,-1,-1,-1
545,120,922.00,-140.00,1002.00,21.00,1,-1,-1,-1
546,53,919.51,241.97,1063.27,522.96,1,-1,-1,-1
546,117,345.42,41.50,475.56,169.65,1,-1,-1,-1
546,118,1455.51,-143.71,1593.80,90.95,1,-1,-1,-1
546,119,318.64,-114.81,489.04,68.35,1,-1,-1,-1
546,120,922.00,-140.00,1002.00,21.00,1,-1,-1,-1
547,53,920.18,252.77,1063.28,531.29,1,-1,-1,-1
547,117,341.85,54.66,474.55,185.00,1,-1,-1,-1
547,118,1459.73,-134.19,1599.10,103.34,1,-1,-1,-1
547,119,315.86,-110.70,487.38,73.39,1,-1,-1,-1
548,53,918.95,259.26,1064.13,540.78,1,-1,-1,-1
548,117,337.26,64.53,470.27,195.03,1,-1,-1,-1
548,118,1460.33,-129.50,1601.19,111.73,1,-1,-1,-1
548,119,314.90,-94.34,478.64,80.45,1,-1,-1,-1
549,53,919.02,264.09,1063.91,542.79,1,-1,-1,-1
549,117,330.02,71.86,465.69,205.11,1,-1,-1,-1
549,118,1460.56,-127.21,1602.50,117.38,1,-1,-1,-1
549,119,319.48,-71.34,470.63,88.25,1,-1,-1,-1
549,120,923.43,-147.63,1013.92,34.34,1,-1,-1,-1
550,53,913.15,272.25,1060.47,553.83,1,-1,-1,-1
550,117,326.77,78.92,464.02,213.22,1,-1,-1,-1
550,118,1461.03,-124.51,1601.82,119.35,1,-1,-1,-1
550,119,321.25,-58.04,466.42,94.17,1,-1,-1,-1
550,120,918.93,-148.99,1012.15,38.27,1,-1,-1,-1
551,53,910.71,275.09,1059.45,557.74,1,-1,-1,-1
551,117,325.50,81.26,463.63,215.97,1,-1,-1,-1
551,118,1461.35,-123.64,1601.28,119.91,1,-1,-1,-1
551,119,321.53,-54.01,465.46,95.90,1,-1,-1,-1
551,120,917.25,-149.46,1011.49,39.63,1,-1,-1,-1
552,53,909.90,282.49,1058.33,562.90,1,-1,-1,-1
552,117,321.81,96.33,457.65,228.56,1,-1,-1,-1
552,118,1458.02,-110.88,1596.47,127.89,1,-1,-1,-1
552,119,313.67,-42.62,464.18,113.61,1,-1,-1,-1
552,120,916.65,-150.69,1012.72,42.07,1,-1,-1,-1
553,53,908.40,287.69,1059.16,571.19,1,-1,-1,-1
553,117,318.62,106.35,455.40,239.64,1,-1,-1,-1
553,118,1454.85,-104.86,1595.78,136.74,1,-1,-1,-1
553,119,305.85,-34.15,460.80,125.05,1,-1,-1,-1
553,120,916.20,-146.56,1010.70,41.79,1,-1,-1,-1
554,53,902.84,294.02,1055.31,579.34,1,-1,-1,-1
554,117,314.76,119.04,450.15,250.75,1,-1,-1,-1
554,118,1454.93,-99.46,1594.23,137.90,1,-1,-1,-1
554,119,300.93,-26.74,459.01,135.03,1,-1,-1,-1
554,120,914.76,-149.10,1011.62,42.61,1,-1,-1,-1
554,121,109.09,-120.02,267.15,31.16,1,-1,-1,-1
555,53,900.14,299.48,1055.15,588.09,1,-1,-1,-1
555,117,312.95,128.77,448.07,260.56,1,-1,-1,-1
555,118,1459.51,-93.62,1598.38,142.77,1,-1,-1,-1
555,119,294.85,-19.70,455.46,142.44,1,-1,-1,-1
555,120,908.71,-153.27,1008.94,43.55,1,-1,-1,-1
555,121,104.00,-110.28,261.55,39.72,1,-1,-1,-1
555,122,1181.48,-120.29,1281.01,39.78,1,-1,-1,-1
556,53,893.94,309.85,1050.50,600.35,1,-1,-1,-1
556,117,312.66,137.38,447.12,268.54,1,-1,-1,-1
556,118,1456.37,-87.63,1596.78,149.74,1,-1,-1,-1
556,119,290.12,-14.79,455.45,151.54,1,-1,-1,-1
556,120,910.65,-148.31,1011.50,47.10,1,-1,-1,-1
556,121,99.38,-90.90,252.55,53.45,1,-1,-1,-1
556,122,1182.15,-125.10,1284.97,40.28,1,-1,-1,-1
557,53,892.63,320.14,1047.78,608.03,1,-1,-1,-1
557,117,309.85,150.19,441.72,278.48,1,-1,-1,-1
557,118,1454.63,-80.93,1596.69,156.82,1,-1,-1,-1
557,119,286.00,-6.66,450.73,157.96,1,-1,-1,-1
557,120,906.45,-146.98,1008.94,49.71,1,-1,-1,-1
557,121,96.47,-76.58,249.77,66.54,1,-1,-1,-1
558,53,890.78,327.23,1046.28,615.76,1,-1,-1,-1
558,117,306.57,158.61,440.13,288.51,1,-1,-1,-1
558,118,1457.94,-74.62,1600.60,163.93,1,-1,-1,-1
558,119,282.36,0.02,449.92,166.68,1,-1,-1,-1
558,120,909.80,-143.18,1011.56,49.97,1,-1,-1,-1
558,121,100.43,-53.74,236.45,70.65,1,-1,-1,-1
559,117,305.43,161.43,439.64,291.93,1,-1,-1,-1
559,118,1459.15,-72.44,1602.09,166.42,1,-1,-1,-1
559,119,280.86,2.24,449.94,169.66,1,-1,-1,-1
559,120,910.85,-141.70,1012.85,49.97,1,-1,-1,-1
559,121,101.38,-46.42,232.85,71.33,1,-1,-1,-1
560,117,305.09,162.13,439.57,292.88,1,-1,-1,-1
560,118,1459.56,-71.81,1602.66,167.16,1,-1,-1,-1
560,119,280.20,2.75,450.26,170.48,1,-1,-1,-1
560,120,911.00,-141.15,1013.59,49.91,1,-1,-1,-1
560,121,100.81,-44.52,232.84,71.31,1,-1,-1,-1
561,117,305.04,162.06,439.66,292.91,1,-1,-1,-1
561,118,1459.66,-71.76,1602.87,167.25,1,-1,-1,-1
561,119,279.86,2.65,450.67,170.51,1,-1,-1,-1
561,120,910.82,-140.95,1014.10,49.82,1,-1,-1,-1
561,121,99.77,-44.28,233.92,71.10,1,-1,-1,-1
562,117,297.96,186.20,429.73,313.79,1,-1,-1,-1
562,118,1460.09,-61.99,1602.51,175.71,1,-1,-1,-1
562,119,276.76,22.82,442.75,186.11,1,-1,-1,-1
562,120,912.80,-137.59,1014.22,47.74,1,-1,-1,-1
562,121,87.83,-39.00,233.59,85.42,1,-1,-1,-1
562,122,1194.60,-128.82,1300.40,42.04,1,-1,-1,-1
563,117,295.23,195.03,426.20,321.38,1,-1,-1,-1
563,118,1460.22,-58.47,1602.35,178.74,1,-1,-1,-1
563,119,275.73,30.19,439.80,191.74,1,-1,-1,-1
563,120,913.28,-136.32,1014.53,46.89,1,-1,-1,-1
563,121,83.32,-37.25,233.89,90.35,1,-1,-1,-1
563,122,1195.42,-128.76,1300.84,42.11,1,-1,-1,-1
564,53,880.34,363.39,1030.06,640.33,1,-1,-1,-1
564,117,289.59,199.97,427.06,333.22,1,-1,-1,-1
564,118,1460.95,-55.33,1602.24,179.71,1,-1,-1,-1
564,119,269.54,39.30,437.36,204.23,1,-1,-1,-1
564,120,916.76,-137.87,1019.99,47.21,1,-1,-1,-1
564,121,69.45,-30.95,229.81,103.93,1,-1,-1,-1
564,122,1196.90,-130.50,1303.59,42.43,1,-1,-1,-1
565,53,875.10,368.58,1025.41,646.79,1,-1,-1,-1
565,117,284.05,206.83,422.48,341.32,1,-1,-1,-1
565,118,1461.86,-49.01,1601.52,182.56,1,-1,-1,-1
565,119,265.47,49.03,431.14,211.28,1,-1,-1,-1
565,120,920.01,-120.62,1020.70,58.54,1,-1,-1,-1
565,121,64.60,-27.45,227.44,108.22,1,-1,-1,-1
565,122,1199.03,-136.77,1309.05,42.95,1,-1,-1,-1
566,53,873.46,370.34,1023.89,648.94,1,-1,-1,-1
566,117,282.10,209.13,420.73,344.08,1,-1,-1,-1
566,118,1462.06,-46.82,1601.35,183.47,1,-1,-1,-1
566,119,263.88,52.37,429.05,213.61,1,-1,-1,-1
566,120,921.03,-114.06,1021.11,62.83,1,-1,-1,-1
566,121,62.46,-26.40,227.11,109.57,1,-1,-1,-1
566,122,1199.96,-138.35,1310.27,43.10,1,-1,-1,-1
567,53,872.01,370.12,1022.98,649.53,1,-1,-1,-1
567,117,282.43,219.54,418.56,352.03,1,-1,-1,-1
567,118,1462.08,-45.51,1601.31,183.66,1,-1,-1,-1
567,119,257.62,53.32,430.15,222.85,1,-1,-1,-1
567,120,925.53,-113.74,1025.11,61.00,1,-1,-1,-1
567,121,57.39,-17.01,222.29,118.41,1,-1,-1,-1
567,122,1205.15,-138.87,1314.97,42.49,1,-1,-1,-1
568,53,867.29,369.81,1019.04,650.21,1,-1,-1,-1
568,117,278.21,227.82,414.37,360.01,1,-1,-1,-1
568,118,1461.54,-45.18,1601.82,184.27,1,-1,-1,-1
568,119,259.09,58.09,426.89,223.52,1,-1,-1,-1
568,120,921.37,-119.75,1024.32,59.56,1,-1,-1,-1
568,121,55.43,-13.01,220.77,121.53,1,-1,-1,-1
568,122,1203.97,-137.01,1311.18,40.27,1,-1,-1,-1
569,53,866.47,371.48,1016.08,648.29,1,-1,-1,-1
569,117,273.74,227.99,415.23,366.02,1,-1,-1,-1
569,118,1460.62,-45.87,1602.03,184.38,1,-1,-1,-1
569,119,252.73,60.90,425.56,231.34,1,-1,-1,-1
569,120,925.39,-121.37,1026.98,54.38,1,-1,-1,-1
569,121,52.10,-13.05,221.73,124.45,1,-1,-1,-1
569,122,1202.41,-136.87,1309.96,41.40,1,-1,-1,-1
570,53,866.60,372.58,1014.07,646.03,1,-1,-1,-1
570,117,268.71,232.43,411.24,371.98,1,-1,-1,-1
570,118,1460.09,-46.25,1602.28,184.32,1,-1,-1,-1
570,119,249.23,64.41,425.03,238.65,1,-1,-1,-1
570,120,927.01,-122.73,1028.52,51.65,1,-1,-1,-1
570,121,49.70,-6.68,215.57,126.69,1,-1,-1,-1
570,122,1203.50,-131.49,1307.71,41.82,1,-1,-1,-1
571,53,861.71,371.49,1009.77,646.38,1,-1,-1,-1
571,117,265.79,233.21,410.23,375.28,1,-1,-1,-1
571,118,1460.10,-46.51,1602.81,184.20,1,-1,-1,-1
571,119,244.88,66.84,420.86,241.22,1,-1,-1,-1
571,120,926.45,-128.61,1030.16,48.62,1,-1,-1,-1
571,121,46.20,-5.82,216.09,129.93,1,-1,-1,-1
571,122,1203.75,-128.70,1306.85,42.65,1,-1,-1,-1
572,53,859.58,370.29,1007.97,646.40,1,-1,-1,-1
572,117,266.39,239.79,407.02,378.24,1,-1,-1,-1
572,118,1460.01,-47.37,1603.75,184.73,1,-1,-1,-1
572,119,244.27,72.78,417.09,243.89,1,-1,-1,-1
572,120,930.82,-133.46,1034.71,43.53,1,-1,-1,-1
572,121,45.56,-1.02,215.13,133.63,1,-1,-1,-1
572,122,1203.44,-126.98,1306.84,44.95,1,-1,-1,-1
573,53,859.38,366.41,1007.54,642.34,1,-1,-1,-1
573,117,268.35,244.02,404.99,378.36,1,-1,-1,-1
573,118,1459.82,-47.78,1604.25,184.86,1,-1,-1,-1
573,119,245.85,77.46,415.41,245.30,1,-1,-1,-1
573,120,936.36,-133.31,1041.07,44.92,1,-1,-1,-1
573,121,39.15,-0.07,213.26,137.47,1,-1,-1,-1
573,122,1199.84,-121.03,1300.31,45.80,1,-1,-1,-1
574,53,859.68,364.84,1007.18,640.05,1,-1,-1,-1
574,117,267.18,251.35,399.02,380.13,1,-1,-1,-1
574,118,1459.27,-48.00,1604.24,184.84,1,-1,-1,-1
574,119,244.83,77.66,415.28,246.92,1,-1,-1,-1
574,120,938.90,-130.60,1043.54,47.44,1,-1,-1,-1
574,121,35.77,3.44,213.04,143.36,1,-1,-1,-1
574,122,1197.42,-120.11,1298.78,47.44,1,-1,-1,-1
575,53,859.30,362.85,1007.04,639.78,1,-1,-1,-1
575,117,264.38,252.45,398.70,383.20,1,-1,-1,-1
575,118,1458.47,-48.15,1603.49,184.78,1,-1,-1,-1
575,119,242.11,78.89,416.40,253.30,1,-1,-1,-1
575,120,940.70,-124.27,1043.49,50.40,1,-1,-1,-1
575,121,32.76,3.31,214.24,146.75,1,-1,-1,-1
575,122,1196.17,-118.47,1299.24,51.34,1,-1,-1,-1
576,53,853.22,358.08,1004.48,642.94,1,-1,-1,-1
576,117,264.28,258.01,396.47,386.17,1,-1,-1,-1
576,118,1458.45,-48.27,1603.57,184.70,1,-1,-1,-1
576,119,242.17,80.52,416.52,256.20,1,-1,-1,-1
576,120,940.97,-123.21,1043.03,50.20,1,-1,-1,-1
576,121,33.20,5.08,212.64,147.23,1,-1,-1,-1
576,122,1196.90,-111.28,1298.21,54.76,1,-1,-1,-1
577,53,851.96,354.30,1002.59,638.21,1,-1,-1,-1
577,117,263.12,259.18,396.97,389.05,1,-1,-1,-1
577,118,1458.21,-48.36,1603.17,183.96,1,-1,-1,-1
577,119,244.19,82.93,414.74,255.14,1,-1,-1,-1
577,120,939.06,-131.48,1045.40,48.78,1,-1,-1,-1
577,121,34.15,10.20,210.82,150.50,1,-1,-1,-1
577,122,1196.34,-114.58,1298.66,52.01,1,-1,-1,-1
578,53,852.15,353.48,1001.37,635.01,1,-1,-1,-1
578,117,262.49,259.45,397.49,390.63,1,-1,-1,-1
578,118,1458.54,-53.07,1603.92,179.67,1,-1,-1,-1
578,119,246.29,88.30,412.90,257.16,1,-1,-1,-1
578,120,938.08,-137.81,1046.48,45.65,1,-1,-1,-1
578,121,34.73,11.99,210.10,151.57,1,-1,-1,-1
578,122,1196.74,-114.52,1298.22,49.63,1,-1,-1,-1
579,53,852.62,348.53,1001.32,629.14,1,-1,-1,-1
579,117,261.70,258.71,398.40,391.70,1,-1,-1,-1
579,118,1458.27,-55.53,1604.59,178.69,1,-1,-1,-1
579,119,240.96,88.16,411.14,260.40,1,-1,-1,-1
579,120,938.09,-135.00,1046.39,47.71,1,-1,-1,-1
579,121,35.32,12.53,210.27,151.82,1,-1,-1,-1
579,122,1200.95,-115.21,1303.34,50.03,1,-1,-1,-1
