3,1,455.00,242.00,605.00,501.00,1,-1,-1,-1
4,1,455.00,242.00,605.00,501.00,1,-1,-1,-1
5,1,457.22,222.82,611.63,489.94,1,-1,-1,-1
6,1,452.98,210.80,610.36,483.43,1,-1,-1,-1
7,1,454.81,199.85,615.40,479.18,1,-1,-1,-1
8,1,456.83,198.16,615.19,474.41,1,-1,-1,-1
9,1,452.48,191.17,611.98,470.11,1,-1,-1,-1
10,1,451.01,188.84,610.62,468.68,1,-1,-1,-1
11,1,451.44,184.24,609.10,460.98,1,-1,-1,-1
12,1,452.64,179.45,608.16,452.90,1,-1,-1,-1
13,1,457.91,175.23,610.35,444.72,1,-1,-1,-1
14,1,460.12,173.90,610.92,441.86,1,-1,-1,-1
15,1,461.14,173.62,610.90,441.00,1,-1,-1,-1
16,1,461.70,173.71,610.67,440.87,1,-1,-1,-1
17,1,462.07,173.92,610.38,440.99,1,-1,-1,-1
18,1,462.60,156.89,611.84,427.24,1,-1,-1,-1
19,1,463.36,148.66,611.14,416.94,1,-1,-1,-1
20,1,466.40,137.79,616.70,411.89,1,-1,-1,-1
21,1,463.24,132.58,614.49,409.51,1,-1,-1,-1
22,1,462.63,128.20,612.99,404.20,1,-1,-1,-1
23,1,462.49,126.77,612.28,402.38,1,-1,-1,-1
24,1,464.77,115.89,618.90,401.88,1,-1,-1,-1
25,1,471.28,110.65,623.50,395.30,1,-1,-1,-1
26,1,474.03,103.63,625.67,389.64,1,-1,-1,-1
27,1,475.77,99.20,626.36,385.69,1,-1,-1,-1
28,1,477.51,95.11,626.10,379.10,1,-1,-1,-1
29,1,479.23,90.49,625.50,371.49,1,-1,-1,-1
30,1,479.41,84.33,624.97,364.83,1,-1,-1,-1
31,1,479.07,79.58,625.11,362.52,1,-1,-1,-1
32,1,481.66,70.74,630.26,360.51,1,-1,-1,-1
33,1,483.60,64.96,631.20,354.02,1,-1,-1,-1
34,1,484.23,58.38,631.56,347.77,1,-1,-1,-1
35,1,484.55,56.11,631.53,345.58,1,-1,-1,-1
36,1,485.73,52.17,631.02,338.34,1,-1,-1,-1
37,1,486.82,48.92,630.10,329.83,1,-1,-1,-1
38,1,487.03,47.92,629.88,326.84,1,-1,-1,-1
39,1,486.91,47.74,629.92,325.91,1,-1,-1,-1
40,1,486.70,47.84,630.05,325.76,1,-1,-1,-1
41,1,488.81,36.76,637.14,324.54,1,-1,-1,-1
42,1,488.83,26.86,640.50,322.23,1,-1,-1,-1
43,1,488.81,18.66,642.40,318.87,1,-1,-1,-1
44,1,488.93,15.69,642.92,317.71,1,-1,-1,-1
45,1,489.09,14.76,642.92,317.41,1,-1,-1,-1
46,1,489.25,14.60,642.74,317.41,1,-1,-1,-1
47,1,489.41,14.71,642.51,317.53,1,-1,-1,-1
48,1,489.55,14.91,642.27,317.67,1,-1,-1,-1
49,1,490.78,3.28,640.30,300.05,1,-1,-1,-1
50,1,492.61,-2.99,638.79,287.46,1,-1,-1,-1
51,1,493.51,-5.82,637.97,280.90,1,-1,-1,-1
52,1,498.35,-10.04,641.11,273.98,1,-1,-1,-1
53,1,500.55,-16.78,643.84,268.27,1,-1,-1,-1
54,1,501.32,-19.13,644.84,266.32,1,-1,-1,-1
55,1,500.23,-27.13,646.52,263.81,1,-1,-1,-1
56,1,499.78,-29.98,647.13,263.02,1,-1,-1,-1
57,1,508.65,-30.88,655.36,262.24,1,-1,-1,-1
58,1,512.17,-31.05,658.26,262.11,1,-1,-1,-1
59,1,515.49,-28.98,658.56,258.90,1,-1,-1,-1
60,1,516.77,-28.03,658.49,257.83,1,-1,-1,-1
61,1,517.27,-27.56,658.31,257.56,1,-1,-1,-1
62,1,517.47,-27.29,658.10,257.57,1,-1,-1,-1
63,1,517.56,-27.11,657.89,257.68,1,-1,-1,-1
64,1,517.60,-26.96,657.70,257.81,1,-1,-1,-1
65,1,517.63,-26.84,657.53,257.95,1,-1,-1,-1
66,1,527.79,-32.04,665.10,246.82,1,-1,-1,-1
67,1,532.87,-31.94,667.31,240.02,1,-1,-1,-1
68,1,534.53,-31.82,668.20,237.61,1,-1,-1,-1
69,1,540.22,-31.73,672.66,234.83,1,-1,-1,-1
70,1,542.19,-31.64,674.31,233.92,1,-1,-1,-1
71,1,544.88,-32.68,676.12,231.10,1,-1,-1,-1
74,1,552.68,-41.34,689.41,233.68,1,-1,-1,-1
75,1,553.56,-42.30,690.85,234.01,1,-1,-1,-1
75,38,1149.29,-146.08,1273.48,41.95,1,-1,-1,-1
76,1,554.13,-43.28,691.69,233.49,1,-1,-1,-1
76,38,1147.89,-147.00,1272.32,41.40,1,-1,-1,-1
77,1,554.25,-43.60,691.93,233.35,1,-1,-1,-1
78,1,554.21,-43.66,691.95,233.34,1,-1,-1,-1
79,1,552.79,-50.23,692.54,230.75,1,-1,-1,-1
80,1,552.19,-52.66,692.71,229.81,1,-1,-1,-1
81,1,553.45,-54.52,694.27,228.56,1,-1,-1,-1
81,38,1110.22,-130.54,1230.49,48.74,1,-1,-1,-1
82,38,1093.63,-138.34,1222.40,51.32,1,-1,-1,-1
83,38,1081.96,-137.94,1216.98,58.77,1,-1,-1,-1
84,38,1077.37,-137.81,1215.57,61.54,1,-1,-1,-1
85,38,1075.55,-137.78,1215.69,62.53,1,-1,-1,-1
86,38,1074.80,-137.79,1216.32,62.82,1,-1,-1,-1
87,38,1065.15,-140.44,1207.24,61.54,1,-1,-1,-1
88,38,1061.82,-141.46,1203.86,61.00,1,-1,-1,-1
89,38,1060.89,-141.85,1202.68,60.74,1,-1,-1,-1
90,38,1060.85,-141.99,1202.32,60.59,1,-1,-1,-1
91,38,1056.14,-142.12,1198.32,61.47,1,-1,-1,-1
93,45,198.00,-149.00,351.00,41.00,1,-1,-1,-1
94,1,555.94,-87.83,688.81,180.60,1,-1,-1,-1
94,38,1029.98,-144.71,1170.71,57.84,1,-1,-1,-1
94,45,198.00,-149.00,351.00,41.00,1,-1,-1,-1
95,1,555.65,-89.36,687.98,178.55,1,-1,-1,-1
95,38,1020.52,-145.01,1163.77,60.80,1,-1,-1,-1
96,1,555.91,-93.91,688.05,174.49,1,-1,-1,-1
96,38,1009.16,-149.73,1159.71,66.39,1,-1,-1,-1
97,1,556.20,-96.50,688.05,171.32,1,-1,-1,-1
97,38,997.36,-150.83,1148.54,65.24,1,-1,-1,-1
98,38,992.87,-151.23,1144.56,64.73,1,-1,-1,-1
98,47,1138.22,-168.97,1269.77,42.00,1,-1,-1,-1
99,38,991.29,-151.35,1143.42,64.50,1,-1,-1,-1
99,47,1138.29,-168.91,1269.67,42.00,1,-1,-1,-1
100,38,977.43,-157.94,1137.01,69.64,1,-1,-1,-1
100,47,1121.90,-161.52,1254.29,51.60,1,-1,-1,-1
101,38,972.59,-160.38,1134.48,71.55,1,-1,-1,-1
101,47,1116.60,-159.08,1249.04,54.80,1,-1,-1,-1
102,38,965.60,-161.83,1129.33,72.73,1,-1,-1,-1
102,47,1107.14,-157.63,1236.38,52.30,1,-1,-1,-1
103,47,1104.25,-157.23,1231.82,51.25,1,-1,-1,-1
104,47,1103.71,-157.18,1230.20,50.80,1,-1,-1,-1
105,47,1103.99,-157.24,1229.61,50.58,1,-1,-1,-1
106,47,1104.51,-157.33,1229.36,50.46,1,-1,-1,-1
107,47,1105.09,-157.41,1229.23,50.38,1,-1,-1,-1
108,47,1105.65,-157.49,1229.12,50.32,1,-1,-1,-1
109,47,1103.12,-156.66,1226.40,50.83,1,-1,-1,-1
114,45,286.20,-141.02,431.41,44.99,1,-1,-1,-1
115,45,288.02,-141.59,432.96,48.55,1,-1,-1,-1
116,45,290.27,-150.38,441.20,50.35,1,-1,-1,-1
117,1,651.67,-113.22,789.11,162.65,1,-1,-1,-1
117,45,291.60,-152.36,444.27,52.31,1,-1,-1,-1
118,1,653.74,-112.69,791.59,162.03,1,-1,-1,-1
118,45,297.58,-149.18,448.14,53.04,1,-1,-1,-1
118,47,911.21,-163.58,1066.79,105.52,1,-1,-1,-1
119,1,651.07,-105.21,786.48,163.15,1,-1,-1,-1
119,45,307.45,-151.87,460.92,53.95,1,-1,-1,-1
119,47,901.17,-172.69,1060.30,108.63,1,-1,-1,-1
120,1,652.40,-109.71,790.48,162.93,1,-1,-1,-1
120,45,309.35,-155.48,467.26,56.23,1,-1,-1,-1
120,47,899.62,-166.27,1056.11,116.68,1,-1,-1,-1
121,1,649.24,-105.41,786.79,165.50,1,-1,-1,-1
121,45,313.35,-156.83,475.22,59.68,1,-1,-1,-1
121,47,885.76,-166.61,1044.86,121.07,1,-1,-1,-1
121,53,1012.37,-163.79,1143.74,103.23,1,-1,-1,-1
122,1,647.29,-105.09,785.84,167.82,1,-1,-1,-1
122,45,318.49,-159.27,483.45,60.97,1,-1,-1,-1
122,53,1006.21,-158.81,1135.14,103.66,1,-1,-1,-1
123,1,645.66,-106.30,786.19,170.68,1,-1,-1,-1
123,45,319.79,-157.57,486.31,65.33,1,-1,-1,-1
123,47,882.93,-109.73,1023.35,143.89,1,-1,-1,-1
123,53,1001.66,-155.53,1129.87,105.49,1,-1,-1,-1
124,1,646.07,-100.83,785.82,174.37,1,-1,-1,-1
124,45,322.56,-161.42,493.91,69.57,1,-1,-1,-1
124,47,878.02,-99.52,1015.65,149.11,1,-1,-1,-1
124,53,1009.29,-106.43,1127.30,131.13,1,-1,-1,-1
125,1,649.19,-99.41,790.49,177.75,1,-1,-1,-1
125,45,326.94,-152.55,493.87,74.37,1,-1,-1,-1
125,47,871.05,-91.59,1008.18,155.52,1,-1,-1,-1
125,53,1004.16,-92.21,1121.36,141.08,1,-1,-1,-1
126,1,647.84,-90.99,786.08,178.98,1,-1,-1,-1
126,45,329.13,-147.67,492.92,77.48,1,-1,-1,-1
126,47,860.60,-82.85,996.07,160.36,1,-1,-1,-1
126,53,997.53,-83.12,1115.51,148.96,1,-1,-1,-1
127,1,647.49,-86.47,784.05,179.39,1,-1,-1,-1
127,45,330.80,-140.56,491.39,83.18,1,-1,-1,-1
127,47,852.34,-74.45,986.76,166.61,1,-1,-1,-1
127,53,994.60,-70.29,1110.03,156.75,1,-1,-1,-1
128,1,647.12,-82.19,784.10,184.84,1,-1,-1,-1
128,45,334.25,-143.80,496.91,85.26,1,-1,-1,-1
128,47,843.82,-69.54,980.23,174.73,1,-1,-1,-1
129,1,646.84,-80.67,784.19,187.48,1,-1,-1,-1
129,45,335.93,-145.70,498.40,85.32,1,-1,-1,-1
129,47,833.67,-63.81,970.16,180.60,1,-1,-1,-1
129,53,976.11,-60.00,1094.17,169.38,1,-1,-1,-1
130,1,646.90,-79.52,784.00,188.41,1,-1,-1,-1
130,45,338.44,-143.83,496.81,83.94,1,-1,-1,-1
130,47,836.05,-54.11,970.51,186.88,1,-1,-1,-1
130,53,971.52,-49.33,1087.88,176.76,1,-1,-1,-1
131,1,647.26,-74.53,783.52,192.66,1,-1,-1,-1
131,45,341.71,-147.09,502.16,86.60,1,-1,-1,-1
131,47,836.92,-45.26,968.38,191.57,1,-1,-1,-1
132,1,651.03,-73.39,787.61,195.53,1,-1,-1,-1
132,45,341.00,-158.74,506.58,84.94,1,-1,-1,-1
132,47,829.19,-38.79,960.27,197.35,1,-1,-1,-1
133,1,649.51,-67.77,784.09,198.51,1,-1,-1,-1
133,45,343.67,-166.42,514.17,86.19,1,-1,-1,-1
133,47,825.56,-35.22,957.01,202.24,1,-1,-1,-1
134,1,653.42,-63.74,786.16,198.89,1,-1,-1,-1
134,45,347.90,-180.31,531.11,93.70,1,-1,-1,-1
134,47,824.38,-27.67,954.37,207.97,1,-1,-1,-1
134,53,939.74,-24.68,1058.55,204.15,1,-1,-1,-1
135,1,655.09,-62.33,787.35,199.61,1,-1,-1,-1
135,45,351.11,-169.23,527.75,97.20,1,-1,-1,-1
135,47,824.68,-19.12,952.36,213.22,1,-1,-1,-1
135,53,931.83,-18.68,1052.00,211.78,1,-1,-1,-1
135,58,803.13,-111.97,880.63,37.05,1,-1,-1,-1
136,1,656.38,-55.93,786.39,201.80,1,-1,-1,-1
136,45,358.49,-162.51,529.55,97.20,1,-1,-1,-1
136,47,818.81,-12.56,945.98,218.86,1,-1,-1,-1
136,53,925.74,-10.16,1045.23,218.99,1,-1,-1,-1
136,58,801.79,-115.57,882.19,39.38,1,-1,-1,-1
137,1,656.80,-53.64,786.69,204.55,1,-1,-1,-1
137,45,366.75,-158.55,533.72,95.80,1,-1,-1,-1
137,53,920.21,-8.97,1046.43,230.74,1,-1,-1,-1
137,58,800.85,-118.34,883.29,40.54,1,-1,-1,-1
138,1,656.77,-49.57,786.92,209.49,1,-1,-1,-1
138,45,369.99,-154.39,534.88,97.83,1,-1,-1,-1
138,53,913.05,-0.41,1041.85,243.47,1,-1,-1,-1
139,1,656.43,-47.50,787.28,212.59,1,-1,-1,-1
139,45,376.70,-163.36,548.02,99.19,1,-1,-1,-1
139,53,909.53,8.45,1040.01,252.55,1,-1,-1,-1
139,58,845.39,-122.21,940.21,62.58,1,-1,-1,-1
140,1,658.87,-50.14,793.40,216.98,1,-1,-1,-1
140,45,377.87,-168.65,553.43,102.26,1,-1,-1,-1
140,53,904.13,18.76,1034.62,258.32,1,-1,-1,-1
140,58,850.59,-126.23,948.51,67.05,1,-1,-1,-1
141,1,656.44,-44.66,789.82,219.86,1,-1,-1,-1
141,45,383.33,-167.43,559.92,106.62,1,-1,-1,-1
141,47,778.75,33.11,907.44,266.65,1,-1,-1,-1
141,53,898.31,32.29,1028.22,267.45,1,-1,-1,-1
141,58,852.79,-120.54,950.32,74.46,1,-1,-1,-1
142,1,657.05,-41.99,790.42,222.50,1,-1,-1,-1
142,45,384.97,-172.10,562.58,106.30,1,-1,-1,-1
142,47,763.79,38.88,897.36,279.49,1,-1,-1,-1
142,53,891.94,43.67,1020.47,273.87,1,-1,-1,-1
142,58,858.92,-122.23,959.74,79.36,1,-1,-1,-1
143,45,386.25,-170.61,562.65,109.35,1,-1,-1,-1
143,47,754.45,50.07,888.35,290.42,1,-1,-1,-1
143,53,883.66,54.91,1013.93,285.96,1,-1,-1,-1
144,45,385.34,-171.28,563.75,116.33,1,-1,-1,-1
144,47,747.04,61.28,880.80,300.20,1,-1,-1,-1
144,53,875.63,63.41,1008.91,298.78,1,-1,-1,-1
145,45,388.24,-159.21,561.36,124.11,1,-1,-1,-1
145,47,740.37,75.12,873.15,310.84,1,-1,-1,-1
145,53,869.65,72.61,1002.78,307.71,1,-1,-1,-1
146,45,391.97,-159.67,566.67,130.32,1,-1,-1,-1
146,47,736.56,83.32,870.86,322.48,1,-1,-1,-1
146,63,791.43,-59.38,865.61,107.36,1,-1,-1,-1
147,45,398.74,-129.97,562.48,142.97,1,-1,-1,-1
147,47,733.70,97.95,864.00,330.50,1,-1,-1,-1
147,63,790.31,-55.63,864.39,110.89,1,-1,-1,-1
148,45,401.36,-117.58,560.45,149.76,1,-1,-1,-1
148,47,731.80,107.12,862.22,341.12,1,-1,-1,-1
148,63,791.12,-44.94,865.32,121.09,1,-1,-1,-1
149,1,555.01,-6.79,686.21,256.27,1,-1,-1,-1
149,45,399.95,-106.49,553.20,154.10,1,-1,-1,-1
149,47,726.52,118.16,856.63,353.37,1,-1,-1,-1
149,63,791.56,-36.16,864.96,127.58,1,-1,-1,-1
150,1,547.30,-2.83,678.44,260.10,1,-1,-1,-1
150,45,405.11,-95.84,553.29,158.20,1,-1,-1,-1
150,47,720.86,127.25,851.38,363.59,1,-1,-1,-1
150,63,791.26,-29.83,864.32,133.16,1,-1,-1,-1
151,45,403.28,-87.40,548.16,163.56,1,-1,-1,-1
151,47,714.47,138.24,844.23,374.35,1,-1,-1,-1
151,63,796.88,-20.61,868.79,139.78,1,-1,-1,-1
152,1,547.59,8.42,677.25,269.67,1,-1,-1,-1
152,45,405.09,-81.48,549.19,168.14,1,-1,-1,-1
152,47,708.81,150.62,835.99,382.02,1,-1,-1,-1
152,63,797.99,-13.94,870.30,147.28,1,-1,-1,-1
153,1,547.42,13.59,677.69,276.64,1,-1,-1,-1
153,47,701.83,162.86,828.26,393.15,1,-1,-1,-1
153,63,794.24,-6.36,866.75,154.46,1,-1,-1,-1
154,1,551.81,21.30,681.37,282.98,1,-1,-1,-1
154,47,694.46,173.70,821.33,403.59,1,-1,-1,-1
154,63,792.17,0.18,865.43,162.24,1,-1,-1,-1
155,1,553.94,29.33,682.69,289.17,1,-1,-1,-1
155,45,415.22,-63.08,557.59,185.56,1,-1,-1,-1
155,47,686.38,185.33,814.57,415.75,1,-1,-1,-1
155,63,791.72,6.34,865.31,168.89,1,-1,-1,-1
156,1,556.09,37.47,683.52,294.63,1,-1,-1,-1
156,45,417.52,-54.96,557.31,190.85,1,-1,-1,-1
156,47,678.14,197.25,808.47,428.56,1,-1,-1,-1
156,63,791.41,15.04,864.75,176.45,1,-1,-1,-1
157,1,553.01,42.92,680.13,299.45,1,-1,-1,-1
157,45,422.35,-48.92,562.51,198.62,1,-1,-1,-1
157,47,668.77,204.65,803.02,441.60,1,-1,-1,-1
157,63,791.34,24.02,863.86,183.02,1,-1,-1,-1
158,1,561.42,49.65,690.59,311.11,1,-1,-1,-1
158,45,424.79,-42.72,564.45,203.93,1,-1,-1,-1
158,47,661.94,214.91,796.39,452.21,1,-1,-1,-1
158,53,782.81,206.75,915.47,438.75,1,-1,-1,-1
158,63,791.89,35.11,863.64,191.88,1,-1,-1,-1
159,1,563.11,56.42,692.40,318.24,1,-1,-1,-1
159,45,434.54,-36.90,576.60,213.75,1,-1,-1,-1
159,53,776.32,216.84,908.84,448.59,1,-1,-1,-1
159,63,791.78,41.61,863.23,196.91,1,-1,-1,-1
160,1,567.19,65.36,698.24,331.27,1,-1,-1,-1
160,45,437.79,-30.74,579.65,219.55,1,-1,-1,-1
160,63,792.58,51.74,863.59,205.19,1,-1,-1,-1
161,1,569.77,75.75,699.46,338.59,1,-1,-1,-1
161,63,792.48,59.88,863.48,212.68,1,-1,-1,-1
162,1,569.28,82.28,699.01,345.21,1,-1,-1,-1
162,63,793.90,69.27,864.00,219.87,1,-1,-1,-1
163,1,571.73,94.42,700.03,351.96,1,-1,-1,-1
163,63,794.47,80.47,862.81,225.60,1,-1,-1,-1
164,1,576.69,102.54,705.98,358.87,1,-1,-1,-1
164,63,793.85,86.95,863.89,234.16,1,-1,-1,-1
165,1,588.29,115.91,715.50,367.18,1,-1,-1,-1
165,47,610.12,306.05,732.92,522.21,1,-1,-1,-1
165,63,794.18,98.38,863.72,243.06,1,-1,-1,-1
166,1,599.56,129.29,722.09,370.67,1,-1,-1,-1
166,47,599.83,310.03,728.88,538.61,1,-1,-1,-1
166,63,793.84,107.67,864.13,252.79,1,-1,-1,-1
167,1,603.49,138.63,725.34,377.72,1,-1,-1,-1
167,47,591.50,319.67,723.06,553.79,1,-1,-1,-1
167,63,797.35,116.12,867.31,260.11,1,-1,-1,-1
168,1,613.27,146.42,735.45,385.42,1,-1,-1,-1
168,47,584.00,331.47,716.54,568.34,1,-1,-1,-1
168,63,794.41,123.59,865.40,268.55,1,-1,-1,-1
168,69,335.26,7.11,468.75,270.67,1,-1,-1,-1
169,1,618.54,156.32,738.65,390.70,1,-1,-1,-1
169,47,570.85,341.47,707.18,584.64,1,-1,-1,-1
169,63,793.93,132.70,864.06,274.73,1,-1,-1,-1
169,69,336.54,8.39,470.35,272.60,1,-1,-1,-1
170,1,623.32,162.32,744.80,399.08,1,-1,-1,-1
170,47,553.90,348.83,696.48,603.49,1,-1,-1,-1
170,63,794.36,143.11,864.28,284.07,1,-1,-1,-1
170,69,343.90,24.00,472.21,277.57,1,-1,-1,-1
171,1,630.55,168.24,752.64,406.60,1,-1,-1,-1
171,47,543.64,362.97,686.93,617.45,1,-1,-1,-1
171,63,792.71,146.63,864.83,291.25,1,-1,-1,-1
171,69,345.90,32.00,472.78,283.06,1,-1,-1,-1
172,1,637.46,174.78,760.38,415.80,1,-1,-1,-1
172,47,531.17,377.84,674.76,630.83,1,-1,-1,-1
172,63,792.98,156.91,864.16,299.61,1,-1,-1,-1
172,69,346.19,34.38,473.90,287.54,1,-1,-1,-1
173,1,649.29,181.57,771.57,423.63,1,-1,-1,-1
173,47,519.74,387.05,667.59,644.63,1,-1,-1,-1
173,63,793.65,166.44,864.01,307.11,1,-1,-1,-1
173,69,351.28,40.52,478.15,292.43,1,-1,-1,-1
174,1,653.77,187.14,776.76,432.26,1,-1,-1,-1
174,47,512.01,401.93,659.70,656.63,1,-1,-1,-1
174,53,662.30,412.45,795.08,629.58,1,-1,-1,-1
174,63,797.08,174.33,866.79,314.26,1,-1,-1,-1
174,69,353.93,45.78,480.08,296.25,1,-1,-1,-1
175,1,663.72,193.57,786.53,440.52,1,-1,-1,-1
175,47,503.80,415.09,653.46,670.55,1,-1,-1,-1
175,53,655.13,425.04,787.38,641.32,1,-1,-1,-1
175,63,798.89,181.60,868.60,321.30,1,-1,-1,-1
176,1,672.57,199.02,795.29,447.99,1,-1,-1,-1
176,47,497.69,432.14,645.54,681.92,1,-1,-1,-1
176,63,799.37,188.65,869.45,328.95,1,-1,-1,-1
177,1,676.61,205.42,798.82,454.49,1,-1,-1,-1
177,47,491.44,448.09,637.27,692.97,1,-1,-1,-1
177,53,632.61,453.48,770.01,671.87,1,-1,-1,-1
177,63,800.32,196.28,870.29,336.17,1,-1,-1,-1
177,69,361.64,70.13,486.34,317.05,1,-1,-1,-1
178,1,681.53,208.23,804.20,458.65,1,-1,-1,-1
178,47,480.16,461.55,624.48,701.24,1,-1,-1,-1
178,53,624.79,466.42,761.89,684.34,1,-1,-1,-1
178,63,799.01,199.49,872.23,345.89,1,-1,-1,-1
178,69,366.86,77.52,491.60,324.09,1,-1,-1,-1
179,1,682.09,211.01,807.13,466.54,1,-1,-1,-1
179,47,471.17,474.75,616.50,713.83,1,-1,-1,-1
179,63,798.23,205.07,873.22,355.18,1,-1,-1,-1
179,69,369.84,83.93,493.96,329.28,1,-1,-1,-1
180,1,685.76,215.78,812.91,475.18,1,-1,-1,-1
180,47,459.03,487.16,605.03,725.37,1,-1,-1,-1
180,63,798.59,212.15,873.55,362.39,1,-1,-1,-1
181,1,686.88,221.30,815.67,484.11,1,-1,-1,-1
181,47,454.60,499.95,599.32,733.87,1,-1,-1,-1
181,63,797.52,217.20,874.19,371.40,1,-1,-1,-1
182,1,691.86,226.46,821.60,491.19,1,-1,-1,-1
182,45,508.20,106.99,649.79,352.97,1,-1,-1,-1
182,47,446.23,512.66,590.37,745.64,1,-1,-1,-1
182,63,797.60,224.10,874.58,379.13,1,-1,-1,-1
183,1,698.50,232.79,827.93,497.55,1,-1,-1,-1
183,45,511.45,113.25,652.93,359.03,1,-1,-1,-1
183,63,794.76,226.48,876.25,390.95,1,-1,-1,-1
184,1,704.89,234.98,834.64,501.01,1,-1,-1,-1
184,63,788.13,229.19,874.11,402.95,1,-1,-1,-1
185,1,712.79,241.51,841.19,506.00,1,-1,-1,-1
185,47,415.24,553.65,559.92,784.56,1,-1,-1,-1
185,63,785.25,233.87,873.53,413.15,1,-1,-1,-1
185,69,394.59,119.17,520.42,368.58,1,-1,-1,-1
186,1,720.15,246.41,848.79,513.55,1,-1,-1,-1
186,47,406.38,566.65,550.52,796.69,1,-1,-1,-1
186,63,783.17,236.78,874.25,423.27,1,-1,-1,-1
186,69,398.15,125.30,523.85,374.47,1,-1,-1,-1
187,1,727.73,251.35,856.32,520.77,1,-1,-1,-1
187,63,782.50,242.21,874.41,431.44,1,-1,-1,-1
188,1,740.94,259.58,866.81,525.24,1,-1,-1,-1
188,63,778.49,241.56,877.59,446.55,1,-1,-1,-1
188,69,404.48,137.93,527.27,381.79,1,-1,-1,-1
189,1,749.79,262.49,875.11,529.30,1,-1,-1,-1
189,63,777.13,246.77,878.28,455.97,1,-1,-1,-1
189,69,406.51,146.10,527.45,385.70,1,-1,-1,-1
190,1,758.15,269.97,881.31,534.55,1,-1,-1,-1
190,69,411.93,153.50,531.45,390.33,1,-1,-1,-1
191,1,761.43,275.90,883.66,539.59,1,-1,-1,-1
191,63,773.13,264.36,871.10,467.64,1,-1,-1,-1
191,69,418.71,160.67,537.25,396.52,1,-1,-1,-1
192,1,767.37,282.54,889.25,545.89,1,-1,-1,-1
192,63,769.58,265.27,872.67,480.93,1,-1,-1,-1
192,69,421.21,167.75,539.18,403.28,1,-1,-1,-1
193,1,774.43,292.76,893.99,550.67,1,-1,-1,-1
193,63,770.26,275.34,870.65,485.58,1,-1,-1,-1
193,69,422.79,172.13,540.31,406.93,1,-1,-1,-1
194,1,777.75,303.69,895.23,555.54,1,-1,-1,-1
194,53,462.10,647.27,612.48,879.05,1,-1,-1,-1
194,63,772.28,288.24,867.52,487.60,1,-1,-1,-1
194,69,423.25,177.50,540.59,412.07,1,-1,-1,-1
195,1,779.47,316.87,896.69,565.14,1,-1,-1,-1
195,47,289.91,650.95,457.41,917.65,1,-1,-1,-1
195,53,453.38,660.94,605.14,891.75,1,-1,-1,-1
195,63,771.66,302.90,860.46,487.25,1,-1,-1,-1
195,69,427.65,182.59,545.53,419.11,1,-1,-1,-1
196,1,783.73,321.48,902.54,569.80,1,-1,-1,-1
196,47,278.43,661.60,447.38,930.63,1,-1,-1,-1
196,53,443.26,671.56,600.60,909.27,1,-1,-1,-1
196,63,777.05,316.88,859.76,488.04,1,-1,-1,-1
196,69,428.80,188.24,547.66,426.84,1,-1,-1,-1
197,1,789.29,328.71,907.54,575.87,1,-1,-1,-1
197,47,265.55,670.53,438.52,943.14,1,-1,-1,-1
197,53,433.68,683.14,591.82,922.07,1,-1,-1,-1
197,63,778.97,326.37,859.62,492.80,1,-1,-1,-1
197,69,432.30,192.13,553.76,436.15,1,-1,-1,-1
198,47,254.02,681.04,428.53,956.08,1,-1,-1,-1
198,53,426.50,695.71,587.47,931.88,1,-1,-1,-1
198,63,775.71,333.53,856.74,499.71,1,-1,-1,-1
198,69,433.76,196.02,555.72,440.13,1,-1,-1,-1
199,53,417.51,712.54,583.32,949.53,1,-1,-1,-1
199,63,775.34,341.67,855.50,506.07,1,-1,-1,-1
199,69,438.27,201.22,561.49,447.33,1,-1,-1,-1
200,53,415.03,727.56,580.07,956.91,1,-1,-1,-1
200,63,775.75,354.74,854.89,516.07,1,-1,-1,-1
200,69,444.84,208.24,567.13,453.12,1,-1,-1,-1
200,84,922.44,347.19,1074.55,591.57,1,-1,-1,-1
201,53,408.80,742.70,576.26,969.11,1,-1,-1,-1
201,63,775.50,363.49,853.70,522.89,1,-1,-1,-1
201,69,448.28,213.97,570.71,459.13,1,-1,-1,-1
201,84,923.49,350.61,1074.92,595.06,1,-1,-1,-1
202,45,579.41,219.10,721.48,470.03,1,-1,-1,-1
202,47,198.29,735.62,379.73,1017.89,1,-1,-1,-1
202,53,401.31,755.53,568.46,981.52,1,-1,-1,-1
202,69,446.76,219.15,571.47,469.70,1,-1,-1,-1
202,84,928.04,355.26,1080.22,602.59,1,-1,-1,-1
203,45,580.40,222.17,722.82,478.70,1,-1,-1,-1
203,47,186.07,747.14,368.95,1031.64,1,-1,-1,-1
203,69,451.28,222.94,577.55,478.07,1,-1,-1,-1
203,84,934.08,358.84,1087.32,609.92,1,-1,-1,-1
203,87,849.41,375.24,933.62,552.71,1,-1,-1,-1
204,45,585.38,227.84,727.87,486.25,1,-1,-1,-1
204,69,454.32,228.41,581.19,484.74,1,-1,-1,-1
204,84,941.81,366.18,1093.02,616.45,1,-1,-1,-1
204,87,851.22,384.75,934.13,559.47,1,-1,-1,-1
205,1,860.08,382.15,966.35,606.62,1,-1,-1,-1
205,45,588.68,233.25,731.64,492.53,1,-1,-1,-1
205,47,160.72,780.15,345.75,1068.30,1,-1,-1,-1
205,69,459.22,236.29,584.37,490.32,1,-1,-1,-1
205,84,946.71,374.18,1094.76,622.68,1,-1,-1,-1
205,87,851.28,396.59,933.34,569.48,1,-1,-1,-1
206,1,862.08,386.88,969.50,614.66,1,-1,-1,-1
206,47,147.50,798.28,331.51,1082.28,1,-1,-1,-1
206,63,775.42,407.01,854.14,566.45,1,-1,-1,-1
206,69,466.18,241.33,590.02,494.26,1,-1,-1,-1
206,84,951.10,374.88,1099.92,628.10,1,-1,-1,-1
206,87,851.56,403.50,933.61,576.37,1,-1,-1,-1
207,1,869.00,393.54,975.66,619.72,1,-1,-1,-1
207,47,135.17,811.25,320.19,1096.80,1,-1,-1,-1
207,63,775.31,415.74,853.52,574.15,1,-1,-1,-1
207,69,469.21,246.33,592.67,499.53,1,-1,-1,-1
207,84,956.26,371.62,1108.71,634.57,1,-1,-1,-1
207,87,852.97,415.08,932.98,583.04,1,-1,-1,-1
208,45,600.04,260.56,730.40,499.54,1,-1,-1,-1
208,69,475.03,253.29,596.64,504.58,1,-1,-1,-1
208,84,964.09,373.57,1116.37,639.44,1,-1,-1,-1
208,87,855.67,420.82,937.64,592.12,1,-1,-1,-1
209,45,603.41,267.05,733.02,504.66,1,-1,-1,-1
209,69,481.77,255.70,603.90,508.90,1,-1,-1,-1
209,84,975.29,375.51,1127.24,643.04,1,-1,-1,-1
209,87,854.82,431.49,933.39,595.70,1,-1,-1,-1
210,1,871.69,394.27,988.15,637.67,1,-1,-1,-1
210,69,484.57,263.00,605.44,513.60,1,-1,-1,-1
210,84,979.55,377.44,1132.98,650.12,1,-1,-1,-1
210,87,855.47,439.44,933.43,602.37,1,-1,-1,-1
211,1,875.70,393.65,994.45,641.00,1,-1,-1,-1
211,69,490.75,271.50,609.84,518.46,1,-1,-1,-1
211,84,984.91,377.43,1139.56,654.58,1,-1,-1,-1
211,87,854.40,447.07,931.49,608.20,1,-1,-1,-1
211,90,750.41,-156.76,858.74,34.02,1,-1,-1,-1
212,1,880.75,397.80,999.98,646.14,1,-1,-1,-1
212,69,498.19,277.80,616.03,522.70,1,-1,-1,-1
212,84,991.36,377.98,1145.77,656.74,1,-1,-1,-1
212,87,857.64,450.14,935.32,612.15,1,-1,-1,-1
212,90,752.50,-159.61,861.02,31.50,1,-1,-1,-1
213,69,506.03,285.91,621.60,526.74,1,-1,-1,-1
213,84,993.15,375.47,1149.07,659.32,1,-1,-1,-1
213,87,856.05,457.13,932.58,616.76,1,-1,-1,-1
214,69,508.63,290.03,624.33,531.35,1,-1,-1,-1
214,84,997.73,377.06,1153.89,664.05,1,-1,-1,-1
214,87,855.28,462.76,931.71,623.59,1,-1,-1,-1
215,69,510.42,297.32,624.86,535.54,1,-1,-1,-1
215,84,999.51,373.69,1155.33,663.08,1,-1,-1,-1
215,87,854.63,465.25,931.74,627.89,1,-1,-1,-1
215,90,764.10,-143.25,863.84,32.57,1,-1,-1,-1
216,1,892.16,381.40,1019.97,650.66,1,-1,-1,-1
216,69,514.56,302.47,629.22,540.89,1,-1,-1,-1
216,84,1002.08,372.99,1154.92,659.92,1,-1,-1,-1
216,87,854.79,471.70,931.63,633.77,1,-1,-1,-1
216,90,764.13,-143.41,864.29,33.38,1,-1,-1,-1
217,1,893.42,376.89,1021.82,647.45,1,-1,-1,-1
217,63,775.69,475.65,852.16,624.63,1,-1,-1,-1
217,69,520.50,306.83,634.78,543.35,1,-1,-1,-1
217,84,1003.25,368.06,1154.83,655.89,1,-1,-1,-1
217,90,766.41,-134.42,862.90,36.38,1,-1,-1,-1
218,1,893.97,374.62,1022.29,645.63,1,-1,-1,-1
218,63,773.46,477.98,853.01,628.07,1,-1,-1,-1
218,69,523.20,309.55,638.73,548.06,1,-1,-1,-1
218,84,1008.81,367.48,1157.25,652.28,1,-1,-1,-1
218,90,768.84,-131.87,863.85,36.31,1,-1,-1,-1
219,1,895.61,377.00,1021.39,641.56,1,-1,-1,-1
219,63,772.73,482.79,853.96,631.90,1,-1,-1,-1
219,69,529.42,317.65,643.30,551.64,1,-1,-1,-1
219,84,1013.44,370.55,1155.98,646.17,1,-1,-1,-1
219,90,766.09,-136.39,864.22,37.68,1,-1,-1,-1
220,1,905.82,379.21,1028.28,637.90,1,-1,-1,-1
220,63,772.78,489.01,853.58,637.33,1,-1,-1,-1
220,69,536.17,324.47,648.26,552.77,1,-1,-1,-1
220,84,1017.00,369.70,1154.65,638.42,1,-1,-1,-1
220,90,771.95,-132.22,867.85,37.94,1,-1,-1,-1
221,1,911.07,382.67,1029.81,633.13,1,-1,-1,-1
221,69,537.87,330.11,650.56,557.69,1,-1,-1,-1
221,84,1024.35,372.04,1156.53,632.15,1,-1,-1,-1
221,90,774.18,-130.34,869.11,38.10,1,-1,-1,-1
222,1,918.38,381.92,1034.04,625.92,1,-1,-1,-1
222,69,538.88,335.32,652.71,563.35,1,-1,-1,-1
222,84,1032.73,373.56,1161.36,628.48,1,-1,-1,-1
223,1,920.76,379.59,1036.93,623.23,1,-1,-1,-1
223,69,543.74,339.04,657.37,565.29,1,-1,-1,-1
223,84,1040.99,375.44,1166.40,624.47,1,-1,-1,-1
224,1,926.57,376.71,1041.43,616.93,1,-1,-1,-1
224,63,780.81,503.88,859.81,641.55,1,-1,-1,-1
224,69,550.58,344.86,663.76,568.50,1,-1,-1,-1
224,84,1043.77,372.05,1168.19,619.66,1,-1,-1,-1
225,1,932.31,372.93,1048.55,616.59,1,-1,-1,-1
225,63,779.90,504.08,862.74,642.97,1,-1,-1,-1
225,69,557.51,348.14,670.81,570.86,1,-1,-1,-1
225,84,1048.84,368.78,1173.86,617.96,1,-1,-1,-1
226,1,933.70,368.89,1052.30,616.50,1,-1,-1,-1
226,63,777.90,504.24,864.72,644.82,1,-1,-1,-1
226,69,563.93,352.48,677.90,574.92,1,-1,-1,-1
226,84,1054.75,363.56,1180.95,614.06,1,-1,-1,-1
227,1,937.60,361.45,1058.58,613.87,1,-1,-1,-1
227,63,781.19,507.47,870.01,647.38,1,-1,-1,-1
227,69,571.05,355.23,685.44,577.61,1,-1,-1,-1
227,84,1056.93,360.29,1183.98,612.67,1,-1,-1,-1
228,1,943.48,356.04,1064.79,608.97,1,-1,-1,-1
228,63,781.33,507.84,873.73,650.20,1,-1,-1,-1
228,69,577.57,356.72,692.67,579.13,1,-1,-1,-1
228,84,1065.53,353.79,1194.88,609.58,1,-1,-1,-1
229,1,946.23,353.37,1067.62,605.83,1,-1,-1,-1
229,63,782.57,511.46,874.69,653.37,1,-1,-1,-1
229,69,580.72,361.74,695.60,582.22,1,-1,-1,-1
229,84,1068.54,350.07,1199.55,608.48,1,-1,-1,-1
230,1,950.64,349.80,1073.54,606.02,1,-1,-1,-1
230,69,585.71,364.78,700.45,583.90,1,-1,-1,-1
230,84,1073.06,345.43,1207.45,610.12,1,-1,-1,-1
231,1,952.78,345.24,1076.32,601.55,1,-1,-1,-1
231,69,591.06,369.17,705.20,587.16,1,-1,-1,-1
231,84,1078.63,341.12,1214.12,606.23,1,-1,-1,-1
232,1,957.99,340.30,1081.18,594.64,1,-1,-1,-1
232,84,1085.45,338.90,1221.45,603.48,1,-1,-1,-1
233,1,964.15,333.89,1087.77,588.12,1,-1,-1,-1
233,84,1088.13,334.85,1223.75,597.89,1,-1,-1,-1
233,87,728.12,386.75,831.92,601.19,1,-1,-1,-1
234,1,966.83,330.92,1090.21,583.78,1,-1,-1,-1
234,84,1090.71,331.44,1223.97,589.25,1,-1,-1,-1
234,87,721.48,382.91,826.60,600.06,1,-1,-1,-1
235,1,972.41,327.28,1094.16,576.30,1,-1,-1,-1
235,84,1095.95,325.60,1228.68,581.43,1,-1,-1,-1
235,87,732.37,384.94,839.17,599.72,1,-1,-1,-1
236,1,975.31,326.04,1095.81,572.27,1,-1,-1,-1
236,84,1100.99,320.87,1234.97,578.63,1,-1,-1,-1
236,87,737.54,382.50,848.29,600.86,1,-1,-1,-1
237,1,976.28,321.70,1096.87,566.91,1,-1,-1,-1
237,84,1103.56,315.90,1236.98,572.42,1,-1,-1,-1
237,87,735.95,382.29,847.33,599.99,1,-1,-1,-1
238,1,979.56,315.54,1100.68,561.73,1,-1,-1,-1
238,84,1107.79,308.86,1242.70,567.56,1,-1,-1,-1
238,87,731.84,379.22,844.34,599.10,1,-1,-1,-1
239,1,980.69,311.37,1103.26,559.92,1,-1,-1,-1
239,84,1109.79,306.33,1244.78,564.55,1,-1,-1,-1
239,87,757.14,382.92,867.77,591.16,1,-1,-1,-1
240,1,980.53,304.65,1105.21,556.74,1,-1,-1,-1
240,84,1110.67,302.23,1245.08,558.94,1,-1,-1,-1
240,87,766.21,382.19,879.25,589.88,1,-1,-1,-1
241,1,979.28,298.95,1106.89,556.99,1,-1,-1,-1
241,84,1110.19,294.86,1245.68,553.66,1,-1,-1,-1
241,87,767.97,379.97,884.53,590.78,1,-1,-1,-1
242,1,979.13,296.91,1106.99,556.54,1,-1,-1,-1
242,84,1109.30,291.57,1245.69,552.48,1,-1,-1,-1
242,87,772.22,377.89,892.07,591.80,1,-1,-1,-1
243,1,978.87,293.67,1106.35,553.22,1,-1,-1,-1
243,84,1108.40,288.50,1246.01,552.84,1,-1,-1,-1
243,87,777.25,376.53,900.00,592.89,1,-1,-1,-1
244,1,978.45,289.30,1106.87,552.07,1,-1,-1,-1
244,63,901.59,528.45,994.91,672.35,1,-1,-1,-1
244,84,1104.76,284.20,1241.36,548.51,1,-1,-1,-1
244,87,779.12,376.09,903.67,594.00,1,-1,-1,-1
245,1,978.02,283.84,1107.19,549.11,1,-1,-1,-1
245,63,908.52,529.96,1001.87,673.90,1,-1,-1,-1
245,84,1102.24,277.44,1239.18,543.70,1,-1,-1,-1
245,87,778.67,374.04,906.11,595.76,1,-1,-1,-1
246,1,976.73,278.62,1107.64,548.73,1,-1,-1,-1
246,84,1101.12,273.72,1237.74,540.69,1,-1,-1,-1
246,87,778.09,368.10,907.99,594.50,1,-1,-1,-1
247,1,977.93,274.47,1109.63,546.20,1,-1,-1,-1
247,84,1096.92,267.86,1233.61,537.05,1,-1,-1,-1
247,87,777.66,364.60,908.81,595.32,1,-1,-1,-1
248,1,971.24,267.76,1101.97,538.53,1,-1,-1,-1
248,63,918.52,534.94,1008.67,677.18,1,-1,-1,-1
248,84,1094.64,260.54,1231.36,531.86,1,-1,-1,-1
248,87,782.99,365.28,911.96,593.71,1,-1,-1,-1
249,1,967.33,267.82,1094.11,531.80,1,-1,-1,-1
249,63,921.53,535.46,1009.80,676.80,1,-1,-1,-1
249,84,1090.86,257.91,1225.50,527.39,1,-1,-1,-1
249,87,785.97,366.97,912.15,591.78,1,-1,-1,-1
250,1,966.40,265.29,1090.78,524.80,1,-1,-1,-1
250,63,925.49,534.97,1013.89,677.35,1,-1,-1,-1
250,69,658.02,356.65,785.28,603.31,1,-1,-1,-1
250,84,1089.48,253.81,1222.51,521.88,1,-1,-1,-1
250,87,786.73,365.72,913.12,592.39,1,-1,-1,-1
251,1,969.81,258.50,1093.78,518.34,1,-1,-1,-1
251,63,930.76,536.19,1019.12,678.50,1,-1,-1,-1
251,69,659.24,355.47,786.70,604.75,1,-1,-1,-1
251,84,1085.06,247.80,1216.72,515.32,1,-1,-1,-1
251,87,786.95,363.99,914.10,593.94,1,-1,-1,-1
252,1,967.09,252.14,1090.95,511.43,1,-1,-1,-1
252,63,927.93,533.97,1017.31,679.93,1,-1,-1,-1
252,69,659.58,354.37,787.73,605.92,1,-1,-1,-1
252,84,1084.26,246.37,1213.05,509.70,1,-1,-1,-1
252,87,791.78,364.05,918.12,593.89,1,-1,-1,-1
253,1,965.88,245.93,1089.39,504.36,1,-1,-1,-1
253,63,927.19,530.92,1018.80,682.38,1,-1,-1,-1
253,69,659.81,354.61,787.76,606.34,1,-1,-1,-1
253,84,1087.68,241.37,1216.00,503.77,1,-1,-1,-1
253,87,793.73,364.15,919.45,594.54,1,-1,-1,-1
254,1,961.66,242.44,1084.63,499.88,1,-1,-1,-1
254,63,926.99,529.17,1019.18,683.24,1,-1,-1,-1
254,69,659.04,356.03,788.36,611.04,1,-1,-1,-1
254,84,1084.83,235.68,1213.34,499.06,1,-1,-1,-1
254,87,794.69,363.58,919.59,594.80,1,-1,-1,-1
255,1,960.26,239.32,1081.35,492.41,1,-1,-1,-1
255,63,926.51,524.57,1020.10,682.23,1,-1,-1,-1
255,69,658.06,352.67,789.07,610.83,1,-1,-1,-1
255,84,1084.69,235.03,1210.80,493.50,1,-1,-1,-1
255,87,798.81,362.76,924.31,596.21,1,-1,-1,-1
256,1,959.34,233.67,1080.58,486.47,1,-1,-1,-1
256,63,929.27,524.10,1024.41,685.69,1,-1,-1,-1
256,69,656.39,349.44,789.79,612.66,1,-1,-1,-1
256,84,1083.96,230.32,1209.93,487.60,1,-1,-1,-1
256,87,796.05,361.18,922.43,598.06,1,-1,-1,-1
257,1,958.76,230.40,1079.93,483.11,1,-1,-1,-1
257,63,931.48,525.87,1025.35,685.70,1,-1,-1,-1
257,69,655.05,346.27,790.61,614.62,1,-1,-1,-1
257,84,1079.70,224.73,1205.68,481.59,1,-1,-1,-1
257,87,794.86,360.62,921.73,599.42,1,-1,-1,-1
258,1,954.26,226.02,1075.41,478.07,1,-1,-1,-1
258,63,933.34,529.20,1024.43,684.33,1,-1,-1,-1
258,69,654.05,344.43,790.61,615.98,1,-1,-1,-1
258,84,1076.68,216.16,1204.92,476.87,1,-1,-1,-1
258,87,794.47,360.46,920.63,599.27,1,-1,-1,-1
259,1,952.35,222.56,1074.01,475.70,1,-1,-1,-1
259,63,935.99,529.44,1027.46,685.23,1,-1,-1,-1
259,69,652.83,341.80,791.30,618.41,1,-1,-1,-1
259,84,1074.97,213.10,1204.00,474.61,1,-1,-1,-1
259,87,792.79,357.16,921.64,602.49,1,-1,-1,-1
260,1,946.96,216.79,1069.66,471.69,1,-1,-1,-1
260,69,648.40,344.73,786.97,621.25,1,-1,-1,-1
260,84,1069.42,208.83,1200.07,473.95,1,-1,-1,-1
260,87,792.93,357.24,921.19,602.39,1,-1,-1,-1
261,1,944.38,210.15,1068.01,467.04,1,-1,-1,-1
261,69,646.86,342.65,785.65,619.67,1,-1,-1,-1
261,84,1066.78,202.78,1199.24,471.88,1,-1,-1,-1
261,87,791.68,354.06,922.24,604.94,1,-1,-1,-1
261,106,852.55,534.82,947.45,681.78,1,-1,-1,-1
262,1,942.97,205.83,1067.29,465.45,1,-1,-1,-1
262,63,941.60,538.84,1030.51,690.64,1,-1,-1,-1
262,69,647.20,344.50,783.50,616.40,1,-1,-1,-1
262,84,1065.50,198.67,1199.31,470.59,1,-1,-1,-1
262,87,786.55,352.89,918.15,607.20,1,-1,-1,-1
262,106,852.67,535.51,947.33,682.11,1,-1,-1,-1
263,1,941.89,199.76,1067.04,462.39,1,-1,-1,-1
263,63,942.08,539.97,1030.76,691.24,1,-1,-1,-1
263,69,647.41,348.56,782.53,618.39,1,-1,-1,-1
263,84,1061.81,195.97,1194.16,465.00,1,-1,-1,-1
263,87,783.55,353.14,917.54,613.25,1,-1,-1,-1
263,106,851.98,540.43,947.13,687.34,1,-1,-1,-1
264,1,937.03,195.65,1062.98,460.72,1,-1,-1,-1
264,63,944.64,539.01,1035.12,693.45,1,-1,-1,-1
264,69,642.97,351.43,777.40,619.11,1,-1,-1,-1
264,84,1059.36,189.20,1193.35,461.04,1,-1,-1,-1
264,87,782.83,351.94,918.17,614.68,1,-1,-1,-1
264,106,851.93,542.26,946.96,688.98,1,-1,-1,-1
265,1,935.46,191.64,1060.62,455.64,1,-1,-1,-1
265,63,946.90,539.84,1037.60,694.66,1,-1,-1,-1
265,69,640.35,349.87,776.39,620.67,1,-1,-1,-1
265,84,1053.52,184.83,1188.24,458.36,1,-1,-1,-1
265,106,848.79,538.11,949.31,693.47,1,-1,-1,-1
266,1,930.81,187.66,1056.67,453.86,1,-1,-1,-1
266,69,639.27,350.59,775.46,621.22,1,-1,-1,-1
266,84,1052.37,182.68,1184.72,450.92,1,-1,-1,-1
266,106,848.67,541.70,948.57,695.89,1,-1,-1,-1
267,1,929.47,183.69,1054.24,448.07,1,-1,-1,-1
267,69,634.44,350.21,771.63,622.71,1,-1,-1,-1
267,84,1048.00,180.09,1179.54,447.58,1,-1,-1,-1
267,106,848.82,542.96,948.12,696.68,1,-1,-1,-1
268,1,928.55,177.74,1052.58,441.39,1,-1,-1,-1
268,69,627.22,349.41,765.75,624.56,1,-1,-1,-1
268,84,1046.10,174.64,1177.38,441.85,1,-1,-1,-1
268,87,766.52,361.43,893.90,611.03,1,-1,-1,-1
268,106,845.56,544.04,943.88,696.20,1,-1,-1,-1
269,1,926.42,173.09,1050.64,437.13,1,-1,-1,-1
269,69,620.07,354.36,758.14,628.50,1,-1,-1,-1
269,84,1042.20,171.42,1171.35,434.56,1,-1,-1,-1
269,87,765.23,363.24,891.04,611.20,1,-1,-1,-1
269,106,845.48,547.09,940.52,693.92,1,-1,-1,-1
270,69,612.87,356.25,751.26,629.96,1,-1,-1,-1
270,84,1041.08,170.40,1168.26,428.66,1,-1,-1,-1
270,87,764.03,361.81,890.89,613.27,1,-1,-1,-1
270,106,845.56,549.52,939.22,693.66,1,-1,-1,-1
271,69,615.11,358.27,751.77,629.15,1,-1,-1,-1
271,84,1038.03,168.18,1161.96,419.97,1,-1,-1,-1
271,87,759.87,365.23,885.41,615.33,1,-1,-1,-1
271,106,845.99,552.37,937.07,691.50,1,-1,-1,-1
272,63,942.85,545.03,1030.33,694.43,1,-1,-1,-1
272,69,611.32,359.01,748.21,630.10,1,-1,-1,-1
272,84,1035.49,163.50,1159.24,414.26,1,-1,-1,-1
272,87,758.38,367.20,882.71,616.08,1,-1,-1,-1
272,106,846.27,553.35,936.23,689.97,1,-1,-1,-1
273,63,943.56,545.81,1030.90,694.97,1,-1,-1,-1
273,69,610.14,359.26,746.79,630.42,1,-1,-1,-1
273,84,1029.70,159.24,1154.62,412.34,1,-1,-1,-1
273,87,757.52,367.92,882.15,618.32,1,-1,-1,-1
273,106,840.75,553.64,931.45,690.08,1,-1,-1,-1
274,69,605.94,361.31,740.94,627.86,1,-1,-1,-1
274,84,1027.11,153.81,1152.88,408.49,1,-1,-1,-1
274,87,755.83,364.87,883.45,621.76,1,-1,-1,-1
274,106,838.50,552.34,930.69,690.78,1,-1,-1,-1
275,1,903.71,153.50,1023.79,407.26,1,-1,-1,-1
275,69,603.26,359.39,740.00,630.16,1,-1,-1,-1
275,84,1021.75,149.93,1148.25,405.90,1,-1,-1,-1
275,87,747.36,365.02,874.22,622.37,1,-1,-1,-1
275,106,836.69,551.15,930.80,692.36,1,-1,-1,-1
276,1,900.81,149.52,1020.58,402.65,1,-1,-1,-1
276,69,597.75,361.95,735.10,634.29,1,-1,-1,-1
276,84,1018.77,144.65,1146.37,402.46,1,-1,-1,-1
276,87,744.74,367.04,869.51,621.24,1,-1,-1,-1
276,106,836.32,550.66,931.96,694.26,1,-1,-1,-1
277,1,888.61,144.31,1012.01,402.02,1,-1,-1,-1
277,63,933.44,545.32,1020.78,694.25,1,-1,-1,-1
277,69,594.95,358.29,733.48,633.85,1,-1,-1,-1
277,84,1012.86,141.49,1141.45,400.67,1,-1,-1,-1
277,87,739.46,367.80,862.94,620.75,1,-1,-1,-1
277,106,832.19,549.79,927.92,693.65,1,-1,-1,-1
278,1,880.65,141.42,1006.27,401.99,1,-1,-1,-1
278,63,927.85,546.62,1016.23,695.54,1,-1,-1,-1
278,69,589.80,356.88,728.62,633.64,1,-1,-1,-1
278,84,1006.19,137.15,1135.70,397.52,1,-1,-1,-1
278,87,737.69,368.74,860.46,620.53,1,-1,-1,-1
278,106,825.03,550.09,921.49,694.05,1,-1,-1,-1
279,1,873.44,140.45,999.49,400.73,1,-1,-1,-1
279,63,920.39,544.39,1012.33,698.64,1,-1,-1,-1
279,69,588.31,356.99,726.50,632.87,1,-1,-1,-1
279,84,998.76,133.69,1128.80,395.16,1,-1,-1,-1
279,87,736.80,369.07,859.31,620.42,1,-1,-1,-1
279,106,823.01,550.56,919.47,694.53,1,-1,-1,-1
280,1,865.51,134.29,993.87,397.75,1,-1,-1,-1
280,63,918.34,547.48,1008.29,697.15,1,-1,-1,-1
280,69,583.39,358.35,720.39,631.22,1,-1,-1,-1
280,84,991.59,128.57,1122.27,391.78,1,-1,-1,-1
280,87,734.10,369.53,856.69,621.03,1,-1,-1,-1
281,1,860.67,130.37,989.27,394.34,1,-1,-1,-1
281,63,913.54,548.68,1003.55,695.87,1,-1,-1,-1
281,69,586.45,358.20,722.66,630.56,1,-1,-1,-1
281,84,983.92,124.81,1115.84,391.29,1,-1,-1,-1
282,63,910.14,547.76,1002.20,696.71,1,-1,-1,-1
282,69,579.24,363.42,714.23,632.95,1,-1,-1,-1
282,84,980.57,119.59,1112.85,386.65,1,-1,-1,-1
283,63,908.22,546.75,1001.18,695.69,1,-1,-1,-1
283,69,575.63,363.39,711.48,635.83,1,-1,-1,-1
283,84,975.70,117.10,1107.77,384.35,1,-1,-1,-1
283,87,724.72,374.53,845.84,623.87,1,-1,-1,-1
284,63,903.56,547.67,996.28,695.29,1,-1,-1,-1
284,69,570.11,364.68,704.94,635.56,1,-1,-1,-1
284,84,968.47,111.71,1101.03,380.32,1,-1,-1,-1
284,87,721.87,375.34,842.95,624.58,1,-1,-1,-1
285,1,834.77,111.33,965.41,380.06,1,-1,-1,-1
285,63,901.32,548.02,993.89,695.40,1,-1,-1,-1
285,69,568.12,364.47,702.60,636.09,1,-1,-1,-1
285,84,961.91,109.81,1093.43,376.29,1,-1,-1,-1
286,1,830.97,102.92,963.72,376.87,1,-1,-1,-1
286,69,563.48,365.03,697.28,636.26,1,-1,-1,-1
286,84,953.50,102.00,1087.61,374.24,1,-1,-1,-1
286,106,785.03,545.40,887.93,697.99,1,-1,-1,-1
287,1,826.45,100.72,957.78,372.49,1,-1,-1,-1
287,69,561.38,363.90,695.21,636.96,1,-1,-1,-1
287,84,947.19,97.22,1080.37,367.68,1,-1,-1,-1
287,106,781.17,545.21,884.53,698.48,1,-1,-1,-1
288,1,821.71,97.43,951.03,365.69,1,-1,-1,-1
288,69,556.97,365.43,689.72,636.54,1,-1,-1,-1
288,84,945.63,96.90,1076.54,363.33,1,-1,-1,-1
288,87,702.87,372.55,826.30,627.95,1,-1,-1,-1
289,1,820.14,96.37,947.34,361.93,1,-1,-1,-1
289,63,881.33,548.12,975.53,696.90,1,-1,-1,-1
289,69,554.63,364.67,687.26,636.36,1,-1,-1,-1
289,84,941.64,94.31,1070.31,356.53,1,-1,-1,-1
289,87,702.16,374.31,824.04,626.18,1,-1,-1,-1
290,1,815.46,92.81,941.14,356.03,1,-1,-1,-1
290,63,878.57,550.17,974.30,700.47,1,-1,-1,-1
290,69,550.47,365.68,681.94,634.95,1,-1,-1,-1
290,84,936.29,94.16,1062.27,350.81,1,-1,-1,-1
290,87,697.51,374.24,819.07,626.23,1,-1,-1,-1
291,1,808.86,90.31,934.75,353.97,1,-1,-1,-1
291,63,872.58,548.22,969.69,699.68,1,-1,-1,-1
291,69,548.53,365.39,679.92,635.73,1,-1,-1,-1
291,84,931.19,90.76,1056.73,346.52,1,-1,-1,-1
291,87,694.29,372.22,817.61,628.21,1,-1,-1,-1
292,1,806.00,84.87,932.45,350.70,1,-1,-1,-1
292,63,866.23,549.45,964.38,702.66,1,-1,-1,-1
292,69,543.54,365.92,674.41,635.35,1,-1,-1,-1
292,87,689.41,373.43,811.76,627.63,1,-1,-1,-1
293,1,801.16,81.64,927.79,348.28,1,-1,-1,-1
293,63,859.93,550.56,957.30,704.43,1,-1,-1,-1
293,69,540.60,364.12,672.33,637.18,1,-1,-1,-1
293,87,684.60,376.53,804.16,626.06,1,-1,-1,-1
294,1,799.11,77.27,925.29,344.22,1,-1,-1,-1
294,63,853.15,550.98,950.07,705.08,1,-1,-1,-1
294,69,535.85,364.75,666.88,637.20,1,-1,-1,-1
294,87,680.85,377.06,800.28,626.33,1,-1,-1,-1
295,1,798.26,75.11,924.13,342.82,1,-1,-1,-1
295,63,846.76,551.12,942.22,704.64,1,-1,-1,-1
295,69,534.04,365.65,664.42,637.19,1,-1,-1,-1
296,1,793.45,72.46,919.94,342.43,1,-1,-1,-1
296,63,841.38,552.48,933.29,703.12,1,-1,-1,-1
296,69,529.12,365.98,659.42,637.17,1,-1,-1,-1
297,1,791.63,66.98,918.65,339.11,1,-1,-1,-1
297,63,838.99,554.31,928.00,702.51,1,-1,-1,-1
297,69,526.65,364.77,657.76,638.48,1,-1,-1,-1
298,1,786.23,63.06,913.97,337.97,1,-1,-1,-1
298,63,834.58,554.97,922.59,703.61,1,-1,-1,-1
298,69,517.57,370.23,647.75,640.27,1,-1,-1,-1
299,1,784.10,58.43,911.90,334.36,1,-1,-1,-1
299,63,833.65,555.86,919.53,702.68,1,-1,-1,-1
299,69,514.71,372.31,643.64,639.61,1,-1,-1,-1
300,1,778.90,54.84,907.92,333.76,1,-1,-1,-1
300,63,832.29,555.50,917.80,702.97,1,-1,-1,-1
300,69,508.61,373.72,638.15,640.67,1,-1,-1,-1
300,87,659.50,379.07,782.14,634.62,1,-1,-1,-1
301,1,777.22,54.27,905.72,332.32,1,-1,-1,-1
301,63,828.00,556.67,912.63,703.08,1,-1,-1,-1
301,69,506.42,373.55,636.32,641.05,1,-1,-1,-1
301,84,890.29,55.04,1020.98,322.53,1,-1,-1,-1
301,87,655.01,381.21,775.74,633.09,1,-1,-1,-1
302,1,776.89,54.87,904.24,330.56,1,-1,-1,-1
302,63,822.18,555.10,908.58,704.43,1,-1,-1,-1
302,69,500.34,372.80,631.26,641.84,1,-1,-1,-1
302,84,888.80,53.19,1020.16,321.88,1,-1,-1,-1
302,87,651.27,381.81,772.01,633.68,1,-1,-1,-1
303,1,778.09,53.25,903.30,324.05,1,-1,-1,-1
303,63,819.45,554.50,905.92,704.27,1,-1,-1,-1
303,69,498.31,373.14,630.06,642.78,1,-1,-1,-1
303,84,888.29,51.91,1019.92,321.01,1,-1,-1,-1
304,1,778.15,48.12,902.95,317.71,1,-1,-1,-1
304,63,815.34,554.75,901.85,704.57,1,-1,-1,-1
304,69,492.74,373.91,624.82,642.45,1,-1,-1,-1
304,84,888.36,47.60,1019.85,316.18,1,-1,-1,-1
305,1,775.50,44.95,900.23,314.40,1,-1,-1,-1
305,63,814.79,560.45,898.88,705.75,1,-1,-1,-1
305,69,490.29,374.18,623.50,643.63,1,-1,-1,-1
305,84,888.90,46.75,1019.59,313.12,1,-1,-1,-1
305,106,723.36,563.75,817.58,707.00,1,-1,-1,-1
306,1,774.69,48.20,896.16,309.45,1,-1,-1,-1
306,63,812.81,562.45,896.61,707.41,1,-1,-1,-1
306,69,489.85,374.25,622.81,643.40,1,-1,-1,-1
306,84,889.45,43.91,1018.75,306.13,1,-1,-1,-1
306,106,718.61,563.46,812.47,707.86,1,-1,-1,-1
307,1,772.27,45.72,893.26,305.96,1,-1,-1,-1
307,63,807.76,561.80,892.27,707.98,1,-1,-1,-1
307,69,485.04,374.92,618.23,643.95,1,-1,-1,-1
307,84,890.04,43.63,1018.29,302.28,1,-1,-1,-1
307,87,633.60,390.58,752.39,636.98,1,-1,-1,-1
307,106,715.07,564.26,808.75,708.37,1,-1,-1,-1
308,63,802.02,562.86,886.18,708.84,1,-1,-1,-1
308,69,482.48,376.48,616.85,648.77,1,-1,-1,-1
308,84,885.88,42.31,1014.04,300.31,1,-1,-1,-1
308,87,629.98,391.67,748.55,637.60,1,-1,-1,-1
309,63,794.53,563.22,879.57,710.46,1,-1,-1,-1
309,69,482.60,378.36,615.49,649.24,1,-1,-1,-1
309,84,884.25,38.60,1012.71,296.37,1,-1,-1,-1
310,63,790.19,563.97,875.20,711.15,1,-1,-1,-1
310,69,473.55,380.37,606.51,650.71,1,-1,-1,-1
310,84,879.50,37.30,1007.25,293.03,1,-1,-1,-1
310,106,699.44,574.15,788.19,709.99,1,-1,-1,-1
311,63,790.98,569.61,874.52,712.75,1,-1,-1,-1
311,69,465.55,384.40,598.71,654.53,1,-1,-1,-1
311,84,876.93,32.93,1005.52,289.91,1,-1,-1,-1
311,106,695.38,575.78,783.40,710.51,1,-1,-1,-1
312,63,785.85,570.28,871.38,715.90,1,-1,-1,-1
312,69,463.52,388.53,595.06,654.61,1,-1,-1,-1
312,84,874.82,28.75,1006.21,290.85,1,-1,-1,-1
313,63,781.98,571.48,867.42,716.95,1,-1,-1,-1
313,69,462.94,390.70,593.87,655.25,1,-1,-1,-1
313,84,873.56,26.61,1006.44,290.65,1,-1,-1,-1
314,69,458.09,394.77,589.06,658.77,1,-1,-1,-1
314,84,868.68,25.90,1001.91,290.02,1,-1,-1,-1
315,69,452.70,400.21,581.81,658.72,1,-1,-1,-1
315,84,866.56,24.43,1000.64,289.88,1,-1,-1,-1
315,106,677.29,587.60,766.66,725.05,1,-1,-1,-1
316,69,450.05,405.51,578.72,661.98,1,-1,-1,-1
316,84,861.24,19.36,996.95,288.59,1,-1,-1,-1
316,106,671.19,589.92,760.44,726.94,1,-1,-1,-1
317,69,444.05,407.39,574.23,665.14,1,-1,-1,-1
317,84,854.62,17.52,990.50,288.18,1,-1,-1,-1
317,106,666.73,592.10,755.72,728.71,1,-1,-1,-1
318,1,735.18,18.01,865.94,299.35,1,-1,-1,-1
318,69,437.13,412.64,567.58,668.91,1,-1,-1,-1
318,84,851.68,15.61,987.99,288.09,1,-1,-1,-1
319,1,732.91,15.17,864.88,300.65,1,-1,-1,-1
319,69,429.08,413.84,562.22,673.59,1,-1,-1,-1
319,84,845.94,13.02,983.35,288.78,1,-1,-1,-1
320,1,729.84,12.63,862.45,299.50,1,-1,-1,-1
320,63,737.09,597.19,822.53,743.12,1,-1,-1,-1
320,69,427.08,416.84,559.51,673.29,1,-1,-1,-1
320,84,843.40,8.19,981.50,285.83,1,-1,-1,-1
321,63,731.82,599.75,817.24,745.65,1,-1,-1,-1
321,69,425.12,420.52,558.78,678.40,1,-1,-1,-1
321,84,839.96,5.38,978.69,284.27,1,-1,-1,-1
322,1,713.59,6.26,848.24,297.03,1,-1,-1,-1
322,69,416.09,427.08,549.90,682.87,1,-1,-1,-1
323,1,709.60,3.60,844.95,295.87,1,-1,-1,-1
323,69,411.77,430.77,546.47,685.80,1,-1,-1,-1
324,69,406.81,439.33,540.26,688.79,1,-1,-1,-1
324,84,824.24,-0.37,961.67,277.31,1,-1,-1,-1
325,1,706.25,4.80,836.28,285.49,1,-1,-1,-1
325,69,405.06,447.08,537.53,692.47,1,-1,-1,-1
325,84,819.45,1.15,953.85,273.80,1,-1,-1,-1
326,1,702.69,2.74,832.78,283.58,1,-1,-1,-1
326,69,400.24,455.15,532.37,697.08,1,-1,-1,-1
326,84,815.38,-1.00,949.88,271.86,1,-1,-1,-1
327,63,698.05,625.41,786.99,774.23,1,-1,-1,-1
327,69,393.12,458.63,526.76,700.68,1,-1,-1,-1
327,84,817.73,-0.69,948.70,265.29,1,-1,-1,-1
328,63,691.83,633.74,779.55,777.26,1,-1,-1,-1
328,69,389.49,462.42,524.69,706.57,1,-1,-1,-1
328,84,814.49,1.92,941.89,260.91,1,-1,-1,-1
329,63,686.47,637.61,774.00,780.82,1,-1,-1,-1
329,69,384.64,469.63,519.79,711.97,1,-1,-1,-1
329,84,811.09,0.53,937.88,258.26,1,-1,-1,-1
330,69,377.60,477.48,512.88,717.19,1,-1,-1,-1
331,69,376.19,488.22,509.44,721.66,1,-1,-1,-1
331,84,806.94,2.23,933.06,258.97,1,-1,-1,-1
332,69,375.93,493.34,509.00,723.83,1,-1,-1,-1
332,84,803.82,1.32,929.40,256.97,1,-1,-1,-1
333,69,372.11,502.37,502.84,726.49,1,-1,-1,-1
334,69,364.11,508.16,497.38,734.06,1,-1,-1,-1
335,69,356.92,515.42,491.94,740.03,1,-1,-1,-1
336,69,353.71,523.22,490.13,746.77,1,-1,-1,-1
337,69,354.07,533.21,487.61,749.78,1,-1,-1,-1
338,69,348.78,536.64,483.74,752.70,1,-1,-1,-1
339,69,340.97,541.68,477.79,758.31,1,-1,-1,-1
340,69,332.13,547.32,472.51,766.22,1,-1,-1,-1
341,69,325.42,555.16,466.32,771.67,1,-1,-1,-1
341,87,503.91,559.71,627.09,766.76,1,-1,-1,-1
342,69,323.38,563.84,463.24,776.84,1,-1,-1,-1
342,87,500.53,565.27,622.97,771.06,1,-1,-1,-1
343,69,319.29,570.49,458.01,781.74,1,-1,-1,-1
343,87,485.76,574.25,618.75,779.17,1,-1,-1,-1
344,69,308.75,574.66,452.94,792.44,1,-1,-1,-1
344,87,482.49,580.78,626.59,786.78,1,-1,-1,-1
345,69,304.01,581.03,447.66,797.99,1,-1,-1,-1
345,84,798.16,1.81,926.64,261.54,1,-1,-1,-1
345,87,473.51,586.28,619.02,787.92,1,-1,-1,-1
346,84,794.08,1.89,922.12,261.13,1,-1,-1,-1
346,87,468.95,598.23,617.14,794.90,1,-1,-1,-1
347,84,796.15,0.59,925.67,262.97,1,-1,-1,-1
347,87,466.80,607.77,618.03,801.32,1,-1,-1,-1
348,84,796.97,0.11,927.03,263.67,1,-1,-1,-1
348,87,465.03,610.93,619.68,803.44,1,-1,-1,-1
349,84,797.33,-0.06,927.56,263.93,1,-1,-1,-1
349,87,463.56,611.79,621.38,804.00,1,-1,-1,-1
350,84,797.50,-0.11,927.78,264.02,1,-1,-1,-1
350,87,462.32,611.85,622.95,804.02,1,-1,-1,-1
351,84,797.60,-0.12,927.87,264.05,1,-1,-1,-1
351,87,461.26,611.64,624.33,803.87,1,-1,-1,-1
352,84,797.66,-0.12,927.91,264.06,1,-1,-1,-1
352,87,460.36,611.36,625.53,803.67,1,-1,-1,-1
353,84,791.13,-0.77,925.92,272.64,1,-1,-1,-1
353,87,459.13,615.24,623.34,806.42,1,-1,-1,-1
354,84,783.60,-1.66,921.16,277.80,1,-1,-1,-1
355,84,780.12,-2.64,919.31,281.05,1,-1,-1,-1
356,84,778.83,-3.66,918.65,282.25,1,-1,-1,-1
357,84,776.91,-4.11,917.74,283.86,1,-1,-1,-1
358,1,670.16,1.82,802.40,288.82,1,-1,-1,-1
359,1,669.43,2.03,801.76,289.22,1,-1,-1,-1
359,84,774.11,2.52,911.55,284.51,1,-1,-1,-1
360,84,772.26,2.78,910.25,285.88,1,-1,-1,-1
361,84,774.43,6.96,908.59,283.10,1,-1,-1,-1
362,1,672.03,14.62,798.56,288.25,1,-1,-1,-1
362,84,772.97,7.60,907.28,284.06,1,-1,-1,-1
363,1,673.03,18.15,797.56,286.71,1,-1,-1,-1
364,1,667.60,17.93,793.47,288.25,1,-1,-1,-1
365,1,665.55,17.79,792.13,288.81,1,-1,-1,-1
366,1,664.69,19.06,790.78,289.03,1,-1,-1,-1
386,1,705.05,88.73,834.18,369.54,1,-1,-1,-1
387,1,706.47,90.04,834.58,371.14,1,-1,-1,-1
388,1,707.12,90.45,834.50,371.64,1,-1,-1,-1
388,135,766.00,-175.00,890.00,51.00,1,-1,-1,-1
389,1,707.43,90.48,834.27,371.68,1,-1,-1,-1
389,135,766.00,-175.00,890.00,51.00,1,-1,-1,-1
390,1,707.59,90.38,834.01,371.57,1,-1,-1,-1
390,135,766.00,-175.00,890.00,51.00,1,-1,-1,-1
391,1,707.68,90.24,833.77,371.42,1,-1,-1,-1
391,135,766.00,-175.00,890.00,51.00,1,-1,-1,-1
392,1,707.73,90.10,833.55,371.26,1,-1,-1,-1
392,135,766.00,-175.00,890.00,51.00,1,-1,-1,-1
393,1,707.77,89.97,833.36,371.11,1,-1,-1,-1
393,135,766.00,-175.00,890.00,51.00,1,-1,-1,-1
394,1,712.25,103.74,839.33,388.17,1,-1,-1,-1
394,135,745.97,-169.54,880.71,78.28,1,-1,-1,-1
395,1,715.38,113.46,841.37,395.83,1,-1,-1,-1
395,135,737.37,-170.84,878.16,90.64,1,-1,-1,-1
396,1,720.87,119.69,845.02,398.60,1,-1,-1,-1
396,135,730.26,-159.75,871.36,104.40,1,-1,-1,-1
397,1,722.83,122.55,846.37,400.15,1,-1,-1,-1
397,135,723.31,-148.84,863.92,116.12,1,-1,-1,-1
398,1,724.65,127.45,846.98,402.57,1,-1,-1,-1
398,135,725.38,-122.45,857.87,127.59,1,-1,-1,-1
399,1,725.81,130.47,847.25,403.34,1,-1,-1,-1
399,135,726.72,-107.64,854.75,135.00,1,-1,-1,-1
400,1,729.85,135.43,850.92,407.49,1,-1,-1,-1
400,135,723.64,-95.71,848.71,142.13,1,-1,-1,-1
401,1,731.23,137.81,852.96,410.91,1,-1,-1,-1
401,135,718.23,-86.20,841.63,149.16,1,-1,-1,-1
402,1,735.85,140.54,858.75,416.71,1,-1,-1,-1
402,135,718.33,-74.27,837.16,153.49,1,-1,-1,-1
403,1,738.35,142.09,861.35,418.77,1,-1,-1,-1
403,135,717.59,-64.76,834.62,160.82,1,-1,-1,-1
404,1,742.73,145.84,866.65,424.69,1,-1,-1,-1
404,135,713.63,-53.53,828.90,170.63,1,-1,-1,-1
405,1,744.21,147.13,869.30,428.78,1,-1,-1,-1
405,135,708.37,-43.67,822.13,178.66,1,-1,-1,-1
406,1,748.78,151.44,874.01,433.48,1,-1,-1,-1
406,135,701.23,-34.33,816.39,191.39,1,-1,-1,-1
407,1,750.88,155.58,875.89,435.79,1,-1,-1,-1
407,135,697.23,-27.18,814.56,203.13,1,-1,-1,-1
408,1,756.94,160.99,881.71,439.81,1,-1,-1,-1
408,135,691.49,-18.87,809.83,213.20,1,-1,-1,-1
409,1,759.55,164.21,884.02,441.19,1,-1,-1,-1
409,135,688.99,-8.79,808.65,225.92,1,-1,-1,-1
410,1,769.59,167.94,892.16,439.57,1,-1,-1,-1
410,135,682.80,-0.03,803.88,236.33,1,-1,-1,-1
411,1,769.37,173.85,890.97,442.15,1,-1,-1,-1
411,135,676.02,9.55,798.90,249.15,1,-1,-1,-1
412,1,773.88,177.91,894.33,443.00,1,-1,-1,-1
412,135,672.42,17.47,796.35,259.59,1,-1,-1,-1
413,1,780.46,183.27,899.78,445.87,1,-1,-1,-1
413,135,669.02,29.99,790.52,268.46,1,-1,-1,-1
414,1,783.50,186.44,902.28,446.84,1,-1,-1,-1
414,135,667.34,41.68,787.04,278.04,1,-1,-1,-1
415,1,789.13,189.47,907.11,447.09,1,-1,-1,-1
415,135,663.91,52.35,780.90,284.58,1,-1,-1,-1
416,1,795.56,193.11,913.64,451.10,1,-1,-1,-1
416,135,659.25,65.95,772.97,292.63,1,-1,-1,-1
417,1,797.14,194.32,916.61,454.50,1,-1,-1,-1
417,135,652.40,75.31,766.11,301.93,1,-1,-1,-1
418,1,796.98,195.96,918.85,460.98,1,-1,-1,-1
418,135,644.36,83.74,758.75,311.04,1,-1,-1,-1
419,1,800.61,196.46,924.30,464.64,1,-1,-1,-1
419,135,637.64,96.48,751.43,321.40,1,-1,-1,-1
420,1,801.07,195.21,927.68,468.55,1,-1,-1,-1
420,135,628.64,105.52,745.59,335.56,1,-1,-1,-1
421,1,801.29,197.26,929.33,473.86,1,-1,-1,-1
421,135,617.98,110.56,741.17,351.06,1,-1,-1,-1
422,1,805.39,198.60,933.55,476.42,1,-1,-1,-1
422,135,609.72,117.40,735.60,361.20,1,-1,-1,-1
423,1,806.64,199.02,935.23,477.93,1,-1,-1,-1
423,135,602.74,129.45,728.54,371.23,1,-1,-1,-1
424,1,807.43,198.44,936.65,479.04,1,-1,-1,-1
424,135,599.70,140.94,725.35,379.24,1,-1,-1,-1
425,1,807.43,197.48,937.25,479.35,1,-1,-1,-1
425,135,594.68,152.19,721.22,390.46,1,-1,-1,-1
426,1,811.62,196.39,941.62,479.37,1,-1,-1,-1
426,135,592.74,162.00,718.80,398.27,1,-1,-1,-1
427,1,813.04,194.61,943.92,479.27,1,-1,-1,-1
427,135,588.42,171.94,713.30,404.78,1,-1,-1,-1
428,1,814.39,192.57,944.44,474.56,1,-1,-1,-1
428,135,585.23,178.60,711.90,413.47,1,-1,-1,-1
429,1,820.33,193.08,947.57,469.37,1,-1,-1,-1
429,135,581.65,188.03,706.17,418.38,1,-1,-1,-1
430,1,823.30,193.91,948.48,466.03,1,-1,-1,-1
430,135,580.71,195.84,703.35,422.46,1,-1,-1,-1
431,1,824.63,191.53,948.39,460.09,1,-1,-1,-1
431,135,579.57,202.37,702.81,429.64,1,-1,-1,-1
432,1,830.06,191.95,951.88,456.54,1,-1,-1,-1
432,135,580.93,211.78,701.12,434.00,1,-1,-1,-1
433,1,836.61,192.09,956.47,453.23,1,-1,-1,-1
433,135,581.10,218.26,701.88,443.29,1,-1,-1,-1
434,1,838.97,186.78,959.38,449.37,1,-1,-1,-1
434,135,582.44,227.65,700.42,448.46,1,-1,-1,-1
435,1,839.59,183.49,961.16,447.98,1,-1,-1,-1
435,135,578.23,233.48,696.86,457.38,1,-1,-1,-1
436,1,844.72,179.62,965.99,443.54,1,-1,-1,-1
436,135,576.43,240.66,694.65,465.07,1,-1,-1,-1
437,1,849.35,173.55,972.86,443.24,1,-1,-1,-1
437,135,570.67,246.34,689.85,472.96,1,-1,-1,-1
438,1,851.06,168.03,975.91,440.56,1,-1,-1,-1
438,135,564.19,252.80,684.00,479.61,1,-1,-1,-1
439,1,851.69,164.68,977.50,439.60,1,-1,-1,-1
439,135,560.55,257.58,681.89,487.10,1,-1,-1,-1
440,1,856.55,163.48,981.78,437.33,1,-1,-1,-1
440,135,555.44,264.37,676.52,493.61,1,-1,-1,-1
441,1,858.56,159.15,984.34,433.23,1,-1,-1,-1
441,135,550.01,272.59,669.65,499.07,1,-1,-1,-1
442,1,863.13,155.62,989.83,431.75,1,-1,-1,-1
442,135,548.04,278.71,665.94,501.49,1,-1,-1,-1
443,1,864.93,150.42,992.26,427.31,1,-1,-1,-1
443,135,543.36,285.36,660.14,506.09,1,-1,-1,-1
444,1,870.37,148.55,996.75,423.07,1,-1,-1,-1
444,135,536.87,290.88,653.71,511.55,1,-1,-1,-1
445,1,872.82,144.64,998.47,416.92,1,-1,-1,-1
445,135,534.82,297.32,650.56,516.00,1,-1,-1,-1
446,1,878.37,140.62,1002.84,410.06,1,-1,-1,-1
446,135,530.81,304.11,644.31,517.40,1,-1,-1,-1
447,1,881.78,139.89,1004.23,403.61,1,-1,-1,-1
447,135,527.73,308.35,642.57,523.69,1,-1,-1,-1
448,1,886.63,135.73,1008.90,398.00,1,-1,-1,-1
448,135,522.57,315.67,636.91,528.47,1,-1,-1,-1
449,1,888.22,132.96,1011.27,395.38,1,-1,-1,-1
449,135,516.38,322.13,630.71,534.03,1,-1,-1,-1
450,1,893.32,127.38,1016.68,389.90,1,-1,-1,-1
450,135,507.17,325.62,625.64,544.54,1,-1,-1,-1
451,1,898.71,120.76,1022.94,385.33,1,-1,-1,-1
451,135,502.54,331.95,620.92,550.71,1,-1,-1,-1
452,1,900.70,116.41,1026.39,383.76,1,-1,-1,-1
452,135,496.66,336.51,618.14,560.86,1,-1,-1,-1
452,142,621.78,331.86,746.26,553.92,1,-1,-1,-1
453,1,900.96,110.29,1028.56,380.68,1,-1,-1,-1
453,135,485.49,343.56,608.32,568.49,1,-1,-1,-1
453,142,624.19,340.06,748.62,560.63,1,-1,-1,-1
454,1,904.40,106.13,1033.67,380.30,1,-1,-1,-1
454,135,480.11,349.80,603.19,575.18,1,-1,-1,-1
454,142,623.46,347.53,748.37,567.04,1,-1,-1,-1
455,1,906.30,102.06,1035.43,375.69,1,-1,-1,-1
455,135,475.76,359.89,597.98,582.75,1,-1,-1,-1
455,142,618.01,354.00,744.63,574.74,1,-1,-1,-1
456,1,906.48,98.04,1037.03,374.73,1,-1,-1,-1
456,135,470.51,366.52,592.82,589.54,1,-1,-1,-1
456,142,615.51,360.85,743.88,582.79,1,-1,-1,-1
457,1,906.21,92.71,1037.74,371.19,1,-1,-1,-1
457,135,468.19,376.97,589.52,595.28,1,-1,-1,-1
457,142,614.78,369.88,742.07,588.86,1,-1,-1,-1
458,1,904.67,88.21,1038.58,371.93,1,-1,-1,-1
458,135,468.32,386.72,587.79,599.94,1,-1,-1,-1
458,142,604.96,381.08,733.14,600.39,1,-1,-1,-1
459,1,903.90,82.06,1038.90,368.40,1,-1,-1,-1
459,135,464.05,394.04,583.05,606.40,1,-1,-1,-1
459,142,596.85,389.59,725.03,608.39,1,-1,-1,-1
460,1,904.07,79.21,1039.03,365.84,1,-1,-1,-1
460,142,589.35,398.47,716.60,615.10,1,-1,-1,-1
461,1,904.38,75.00,1038.68,360.38,1,-1,-1,-1
461,142,581.10,402.09,708.42,618.62,1,-1,-1,-1
462,1,908.44,70.93,1043.01,358.41,1,-1,-1,-1
462,142,571.07,413.84,695.26,625.69,1,-1,-1,-1
463,1,911.00,68.22,1043.50,352.52,1,-1,-1,-1
463,142,567.37,419.90,689.34,628.02,1,-1,-1,-1
464,1,912.35,64.07,1043.14,345.11,1,-1,-1,-1
464,142,565.23,425.84,687.70,634.68,1,-1,-1,-1
465,1,914.14,63.98,1042.23,339.14,1,-1,-1,-1
465,142,565.57,433.77,687.65,640.25,1,-1,-1,-1
466,1,914.64,60.12,1041.91,333.05,1,-1,-1,-1
466,142,562.60,446.46,682.42,648.09,1,-1,-1,-1
467,1,915.36,60.15,1041.14,328.94,1,-1,-1,-1
467,142,558.47,452.18,682.53,659.50,1,-1,-1,-1
468,1,915.49,59.65,1040.87,326.25,1,-1,-1,-1
468,142,553.28,460.01,678.52,668.11,1,-1,-1,-1
469,1,919.26,58.25,1045.62,326.74,1,-1,-1,-1
469,142,547.05,469.28,672.31,675.72,1,-1,-1,-1
470,1,920.49,54.51,1047.47,323.74,1,-1,-1,-1
470,142,543.48,479.76,670.18,686.94,1,-1,-1,-1
471,1,920.45,51.89,1048.55,322.75,1,-1,-1,-1
471,142,541.91,488.68,669.92,695.51,1,-1,-1,-1
472,1,920.16,49.02,1049.78,322.50,1,-1,-1,-1
472,142,536.67,497.68,664.84,703.07,1,-1,-1,-1
473,1,919.70,44.75,1050.50,319.88,1,-1,-1,-1
473,142,529.93,508.70,659.36,714.24,1,-1,-1,-1
474,1,919.54,43.90,1050.66,318.34,1,-1,-1,-1
474,142,523.84,520.46,651.89,721.45,1,-1,-1,-1
475,1,923.48,42.37,1055.22,317.21,1,-1,-1,-1
475,142,516.13,527.17,646.17,729.81,1,-1,-1,-1
476,1,924.53,40.58,1057.29,316.88,1,-1,-1,-1
476,142,507.69,534.00,640.00,738.61,1,-1,-1,-1
477,1,925.17,40.65,1057.73,316.18,1,-1,-1,-1
477,142,501.76,550.12,630.21,746.25,1,-1,-1,-1
478,1,925.56,36.16,1058.96,313.37,1,-1,-1,-1
478,142,489.56,559.85,618.10,754.78,1,-1,-1,-1
479,1,929.57,33.23,1063.37,311.72,1,-1,-1,-1
479,142,479.43,570.44,609.73,766.97,1,-1,-1,-1
480,1,931.64,30.24,1064.39,306.57,1,-1,-1,-1
480,142,473.30,580.03,602.94,775.57,1,-1,-1,-1
481,1,932.92,29.87,1064.81,304.04,1,-1,-1,-1
481,142,466.11,588.35,604.02,795.01,1,-1,-1,-1
482,1,933.86,29.83,1065.06,301.86,1,-1,-1,-1
482,142,459.26,598.60,600.71,810.24,1,-1,-1,-1
483,1,934.56,30.57,1064.69,299.81,1,-1,-1,-1
483,142,455.11,610.66,600.08,826.09,1,-1,-1,-1
484,1,939.20,32.25,1068.04,298.47,1,-1,-1,-1
484,142,454.49,625.37,599.93,839.61,1,-1,-1,-1
485,1,940.91,32.96,1068.55,296.73,1,-1,-1,-1
485,142,450.62,641.80,594.78,851.59,1,-1,-1,-1
486,1,941.11,32.60,1069.05,296.84,1,-1,-1,-1
486,142,444.99,658.20,587.48,864.28,1,-1,-1,-1
487,1,936.67,31.85,1066.35,298.95,1,-1,-1,-1
487,142,437.53,671.89,581.19,879.22,1,-1,-1,-1
488,1,934.76,32.26,1064.84,299.14,1,-1,-1,-1
488,142,433.78,686.52,579.50,894.97,1,-1,-1,-1
489,1,933.90,33.12,1064.33,299.27,1,-1,-1,-1
489,142,424.17,701.49,568.99,908.39,1,-1,-1,-1
490,1,933.23,33.48,1064.45,300.04,1,-1,-1,-1
490,142,416.53,716.60,560.81,922.24,1,-1,-1,-1
491,1,932.25,32.98,1064.54,301.02,1,-1,-1,-1
491,142,410.46,739.04,550.76,936.91,1,-1,-1,-1
492,1,927.06,31.49,1061.44,302.75,1,-1,-1,-1
492,142,396.77,753.61,540.13,954.60,1,-1,-1,-1
493,1,924.69,34.23,1060.03,306.71,1,-1,-1,-1
493,142,388.05,773.11,531.74,973.93,1,-1,-1,-1
494,1,924.63,37.28,1059.32,307.57,1,-1,-1,-1
494,142,376.47,791.85,517.51,987.99,1,-1,-1,-1
495,1,924.62,38.44,1059.08,307.90,1,-1,-1,-1
495,142,369.71,804.27,515.18,1005.35,1,-1,-1,-1
496,1,923.78,38.88,1058.53,308.68,1,-1,-1,-1
496,142,358.21,811.09,515.16,1027.16,1,-1,-1,-1
497,1,922.88,38.37,1058.28,309.63,1,-1,-1,-1
497,142,350.54,824.89,508.54,1042.41,1,-1,-1,-1
498,1,919.70,40.15,1053.80,308.66,1,-1,-1,-1
498,142,338.07,844.29,497.69,1062.51,1,-1,-1,-1
499,1,919.02,42.15,1051.61,307.61,1,-1,-1,-1
499,142,329.98,858.64,490.61,1078.24,1,-1,-1,-1
500,1,919.12,45.54,1051.16,310.54,1,-1,-1,-1
501,1,919.27,46.79,1050.95,311.63,1,-1,-1,-1
502,1,919.43,47.22,1050.82,312.02,1,-1,-1,-1
503,1,919.58,47.36,1050.74,312.15,1,-1,-1,-1
504,1,919.72,47.37,1050.67,312.19,1,-1,-1,-1
505,1,919.85,47.35,1050.61,312.18,1,-1,-1,-1
506,1,919.96,47.32,1050.56,312.17,1,-1,-1,-1
507,1,920.07,47.28,1050.51,312.15,1,-1,-1,-1
508,1,920.16,47.25,1050.47,312.14,1,-1,-1,-1
509,1,920.24,47.22,1050.43,312.12,1,-1,-1,-1
510,1,920.32,47.20,1050.40,312.11,1,-1,-1,-1
511,1,920.38,47.17,1050.36,312.09,1,-1,-1,-1
512,1,920.45,47.15,1050.33,312.08,1,-1,-1,-1
513,1,920.50,47.13,1050.30,312.07,1,-1,-1,-1
514,1,920.55,47.12,1050.28,312.06,1,-1,-1,-1
515,1,920.59,47.10,1050.25,312.06,1,-1,-1,-1
516,1,920.63,47.09,1050.23,312.05,1,-1,-1,-1
517,1,920.67,47.08,1050.21,312.04,1,-1,-1,-1
518,1,920.70,47.07,1050.19,312.04,1,-1,-1,-1
519,1,934.75,80.77,1063.25,345.08,1,-1,-1,-1
520,1,940.47,97.43,1068.42,362.15,1,-1,-1,-1
521,1,942.76,103.55,1070.11,368.43,1,-1,-1,-1
522,1,943.73,105.65,1070.50,370.60,1,-1,-1,-1
523,1,944.19,106.25,1070.42,371.22,1,-1,-1,-1
524,1,944.44,106.29,1070.17,371.27,1,-1,-1,-1
525,1,944.61,106.13,1069.89,371.12,1,-1,-1,-1
526,1,944.74,105.93,1069.61,370.92,1,-1,-1,-1
527,1,944.85,105.72,1069.35,370.71,1,-1,-1,-1
528,1,944.95,105.52,1069.11,370.51,1,-1,-1,-1
529,1,945.04,105.34,1068.90,370.34,1,-1,-1,-1
530,1,945.12,105.18,1068.71,370.18,1,-1,-1,-1
531,1,943.20,140.73,1068.55,411.01,1,-1,-1,-1
532,1,942.64,153.98,1068.29,426.24,1,-1,-1,-1
533,1,943.41,169.34,1066.52,437.73,1,-1,-1,-1
533,161,374.11,-58.65,500.89,73.91,1,-1,-1,-1
533,162,1438.61,-184.81,1589.43,61.78,1,-1,-1,-1
534,1,943.88,174.92,1065.62,441.81,1,-1,-1,-1
534,161,373.69,-55.70,501.31,77.34,1,-1,-1,-1
534,162,1440.24,-189.51,1594.48,62.03,1,-1,-1,-1
535,1,940.83,183.36,1061.22,447.69,1,-1,-1,-1
535,161,366.22,-46.17,499.23,92.15,1,-1,-1,-1
535,162,1442.43,-195.16,1600.32,62.32,1,-1,-1,-1
536,1,939.73,186.25,1059.50,449.62,1,-1,-1,-1
536,161,363.59,-43.09,498.66,96.96,1,-1,-1,-1
537,1,939.36,187.06,1058.82,450.08,1,-1,-1,-1
537,161,362.61,-42.25,498.61,98.34,1,-1,-1,-1
538,1,940.69,203.01,1057.79,460.61,1,-1,-1,-1
538,161,353.28,-28.53,497.48,121.71,1,-1,-1,-1
539,1,939.66,208.08,1057.63,466.99,1,-1,-1,-1
539,161,350.80,-18.38,495.55,133.36,1,-1,-1,-1
540,1,937.48,210.39,1059.39,477.76,1,-1,-1,-1
540,161,349.77,-9.41,494.38,143.42,1,-1,-1,-1
541,1,936.64,211.07,1060.09,481.60,1,-1,-1,-1
541,161,349.87,-6.24,493.61,146.90,1,-1,-1,-1
542,1,936.31,211.06,1060.39,482.80,1,-1,-1,-1
542,161,350.36,-5.30,493.01,147.85,1,-1,-1,-1
542,164,341.00,-104.00,491.00,45.00,1,-1,-1,-1
543,1,933.96,221.35,1061.44,500.09,1,-1,-1,-1
543,161,347.07,9.98,487.15,161.07,1,-1,-1,-1
543,162,1445.03,-175.68,1604.47,87.41,1,-1,-1,-1
543,164,324.83,-120.79,494.96,48.82,1,-1,-1,-1
544,1,933.03,225.08,1061.90,506.44,1,-1,-1,-1
544,161,346.10,15.56,484.77,165.77,1,-1,-1,-1
544,162,1445.76,-174.44,1603.46,88.47,1,-1,-1,-1
544,164,319.91,-126.20,495.95,50.05,1,-1,-1,-1
545,1,932.64,226.29,1062.13,508.60,1,-1,-1,-1
545,161,346.00,17.40,483.74,167.23,1,-1,-1,-1
545,162,1446.47,-174.08,1602.78,88.86,1,-1,-1,-1
545,164,318.68,-127.88,495.95,50.43,1,-1,-1,-1
546,1,931.80,238.34,1063.59,524.89,1,-1,-1,-1
546,161,341.98,35.05,479.54,185.34,1,-1,-1,-1
546,162,1447.30,-172.63,1602.55,89.61,1,-1,-1,-1
546,164,305.03,-123.46,499.22,73.52,1,-1,-1,-1
547,1,931.24,247.97,1063.74,535.43,1,-1,-1,-1
547,161,337.00,47.41,473.62,196.53,1,-1,-1,-1
547,162,1451.96,-170.76,1606.67,91.80,1,-1,-1,-1
547,164,298.05,-121.14,502.42,87.78,1,-1,-1,-1
548,1,927.14,255.37,1060.50,543.11,1,-1,-1,-1
548,161,335.48,58.42,469.84,205.06,1,-1,-1,-1
548,162,1455.44,-164.76,1606.40,93.22,1,-1,-1,-1
548,164,300.51,-110.44,498.65,92.68,1,-1,-1,-1
549,1,925.19,260.58,1059.01,547.05,1,-1,-1,-1
549,161,336.29,69.56,466.57,210.57,1,-1,-1,-1
549,162,1453.71,-158.51,1600.53,92.33,1,-1,-1,-1
549,164,301.05,-90.75,489.33,101.52,1,-1,-1,-1
550,1,924.31,266.27,1058.63,552.20,1,-1,-1,-1
550,161,330.32,78.73,463.09,221.65,1,-1,-1,-1
550,162,1453.14,-153.54,1598.80,93.94,1,-1,-1,-1
550,164,301.60,-77.74,485.62,107.94,1,-1,-1,-1
551,1,923.82,268.19,1058.70,553.87,1,-1,-1,-1
551,161,328.01,81.83,462.09,225.45,1,-1,-1,-1
551,162,1452.69,-151.78,1598.34,94.47,1,-1,-1,-1
551,164,301.37,-72.98,484.87,110.07,1,-1,-1,-1
551,167,894.33,-163.92,1001.67,21.07,1,-1,-1,-1
552,1,925.23,283.85,1055.85,558.85,1,-1,-1,-1
552,161,323.06,93.92,457.38,237.14,1,-1,-1,-1
552,162,1453.40,-139.19,1596.58,101.96,1,-1,-1,-1
552,164,297.76,-59.98,478.28,119.96,1,-1,-1,-1
552,167,900.34,-150.77,1006.35,31.89,1,-1,-1,-1
553,1,921.66,293.56,1051.58,565.09,1,-1,-1,-1
553,161,320.29,103.46,455.39,246.53,1,-1,-1,-1
553,162,1452.66,-117.12,1596.21,120.82,1,-1,-1,-1
553,164,291.66,-50.56,472.72,128.09,1,-1,-1,-1
553,167,903.05,-143.67,1007.80,36.78,1,-1,-1,-1
554,1,920.38,302.22,1049.35,569.84,1,-1,-1,-1
554,161,319.21,114.67,454.88,258.35,1,-1,-1,-1
554,162,1450.12,-111.81,1598.32,131.03,1,-1,-1,-1
554,164,289.65,-38.55,469.90,138.21,1,-1,-1,-1
554,167,907.82,-140.87,1012.88,40.34,1,-1,-1,-1
554,168,1169.21,-131.21,1279.29,50.88,1,-1,-1,-1
554,169,99.10,-109.11,264.76,58.13,1,-1,-1,-1
555,1,918.62,309.84,1048.56,578.02,1,-1,-1,-1
555,161,315.53,125.18,449.56,266.44,1,-1,-1,-1
555,162,1442.46,-104.73,1597.21,146.57,1,-1,-1,-1
555,164,286.31,-31.58,464.34,141.73,1,-1,-1,-1
555,167,904.81,-146.49,1010.64,36.44,1,-1,-1,-1
555,168,1171.08,-131.66,1281.69,52.26,1,-1,-1,-1
555,169,97.77,-99.66,261.38,65.11,1,-1,-1,-1
556,1,914.70,322.37,1043.64,587.48,1,-1,-1,-1
556,161,314.38,135.42,445.52,272.43,1,-1,-1,-1
556,162,1442.64,-103.55,1602.23,154.87,1,-1,-1,-1
556,164,280.65,-27.89,464.89,150.77,1,-1,-1,-1
556,167,903.69,-145.24,1009.68,38.33,1,-1,-1,-1
556,168,1177.19,-129.97,1286.91,53.89,1,-1,-1,-1
556,169,94.87,-89.21,254.38,70.83,1,-1,-1,-1
557,1,912.06,326.10,1043.05,593.43,1,-1,-1,-1
557,161,307.48,143.54,444.02,285.69,1,-1,-1,-1
557,162,1443.71,-96.13,1603.18,160.44,1,-1,-1,-1
557,164,280.09,-16.16,463.73,161.16,1,-1,-1,-1
557,167,900.23,-149.69,1011.57,43.66,1,-1,-1,-1
557,168,1180.72,-130.36,1287.57,49.91,1,-1,-1,-1
557,169,96.34,-78.73,250.71,75.33,1,-1,-1,-1
558,1,911.08,337.16,1041.61,602.03,1,-1,-1,-1
558,161,306.71,154.84,439.88,291.64,1,-1,-1,-1
558,162,1438.68,-90.86,1600.43,168.24,1,-1,-1,-1
558,164,275.46,-7.27,460.02,170.80,1,-1,-1,-1
558,167,900.06,-148.72,1011.77,46.20,1,-1,-1,-1
558,168,1182.31,-128.58,1287.73,50.47,1,-1,-1,-1
558,169,98.22,-65.48,247.05,80.86,1,-1,-1,-1
559,1,910.58,341.01,1041.32,604.99,1,-1,-1,-1
559,161,306.15,158.69,438.87,293.41,1,-1,-1,-1
559,162,1436.61,-89.06,1599.57,170.96,1,-1,-1,-1
559,164,273.80,-4.17,458.76,174.16,1,-1,-1,-1
559,167,900.13,-148.42,1011.63,47.03,1,-1,-1,-1
559,168,1182.95,-128.08,1287.41,50.59,1,-1,-1,-1
559,169,98.27,-61.34,246.73,82.46,1,-1,-1,-1
560,1,910.27,342.16,1041.46,605.84,1,-1,-1,-1
560,161,305.62,159.77,439.02,293.75,1,-1,-1,-1
560,162,1435.67,-88.58,1599.41,171.76,1,-1,-1,-1
560,164,273.26,-3.25,458.41,175.13,1,-1,-1,-1
560,167,900.30,-148.37,1011.38,47.23,1,-1,-1,-1
560,168,1183.28,-128.01,1286.96,50.57,1,-1,-1,-1
560,169,97.60,-60.25,247.51,82.80,1,-1,-1,-1
561,1,910.03,342.31,1041.73,605.91,1,-1,-1,-1
561,161,305.12,159.85,439.57,293.59,1,-1,-1,-1
561,162,1435.20,-88.59,1599.51,171.83,1,-1,-1,-1
561,164,273.14,-3.14,458.40,175.23,1,-1,-1,-1
561,167,900.50,-148.40,1011.10,47.20,1,-1,-1,-1
561,168,1183.51,-128.08,1286.47,50.51,1,-1,-1,-1
561,169,96.68,-60.18,248.64,82.74,1,-1,-1,-1
562,1,899.66,354.71,1034.96,622.96,1,-1,-1,-1
562,161,292.48,176.90,433.75,316.57,1,-1,-1,-1
562,162,1440.68,-77.57,1602.48,178.90,1,-1,-1,-1
562,164,262.03,11.87,451.81,195.50,1,-1,-1,-1
562,167,911.94,-131.91,1018.12,57.03,1,-1,-1,-1
562,168,1180.80,-128.19,1288.93,61.25,1,-1,-1,-1
562,169,87.22,-48.12,240.57,94.17,1,-1,-1,-1
563,1,895.46,359.16,1032.83,629.16,1,-1,-1,-1
563,161,287.62,183.04,431.90,324.90,1,-1,-1,-1
563,162,1442.80,-73.56,1603.61,181.37,1,-1,-1,-1
563,164,258.21,17.36,449.13,202.93,1,-1,-1,-1
563,167,916.46,-125.68,1020.57,60.66,1,-1,-1,-1
563,168,1180.12,-128.25,1289.45,65.13,1,-1,-1,-1
563,169,83.18,-43.96,238.36,98.19,1,-1,-1,-1
564,1,888.88,365.86,1026.61,634.56,1,-1,-1,-1
564,161,280.01,192.28,429.29,338.92,1,-1,-1,-1
564,162,1445.43,-65.62,1603.51,184.76,1,-1,-1,-1
564,164,256.66,25.77,446.45,209.43,1,-1,-1,-1
564,167,916.98,-128.84,1023.19,62.56,1,-1,-1,-1
564,168,1185.11,-119.14,1292.15,72.45,1,-1,-1,-1
564,169,72.18,-46.75,235.80,102.18,1,-1,-1,-1
565,1,882.20,370.12,1020.02,636.34,1,-1,-1,-1
565,161,278.88,202.70,424.77,345.30,1,-1,-1,-1
565,162,1446.27,-62.16,1602.94,185.82,1,-1,-1,-1
565,164,256.21,34.01,444.87,215.57,1,-1,-1,-1
565,167,915.85,-139.29,1026.03,60.55,1,-1,-1,-1
565,168,1187.83,-114.37,1292.28,74.50,1,-1,-1,-1
565,169,64.02,-43.28,231.26,107.49,1,-1,-1,-1
566,1,879.42,371.47,1017.99,636.76,1,-1,-1,-1
566,161,278.45,206.35,423.32,347.32,1,-1,-1,-1
566,162,1446.54,-61.07,1602.75,186.05,1,-1,-1,-1
566,164,255.90,36.88,444.64,217.60,1,-1,-1,-1
566,167,915.59,-143.32,1026.85,59.71,1,-1,-1,-1
566,168,1189.10,-112.65,1291.96,75.14,1,-1,-1,-1
566,169,60.57,-42.17,230.11,109.33,1,-1,-1,-1
567,1,875.13,377.71,1011.42,638.03,1,-1,-1,-1
567,161,271.64,209.40,422.37,355.72,1,-1,-1,-1
567,162,1446.79,-60.84,1603.16,186.64,1,-1,-1,-1
567,164,250.30,44.33,440.97,227.36,1,-1,-1,-1
567,167,916.08,-142.31,1026.44,59.93,1,-1,-1,-1
567,168,1188.28,-116.75,1293.02,76.60,1,-1,-1,-1
567,169,59.97,-31.35,228.60,117.79,1,-1,-1,-1
568,1,873.75,379.82,1008.97,638.28,1,-1,-1,-1
568,161,269.78,216.88,419.53,361.92,1,-1,-1,-1
568,162,1450.68,-60.92,1606.80,186.72,1,-1,-1,-1
568,164,245.05,48.89,435.67,232.12,1,-1,-1,-1
568,167,919.49,-142.60,1030.82,61.91,1,-1,-1,-1
568,168,1187.39,-120.95,1294.58,79.04,1,-1,-1,-1
568,169,52.89,-28.78,225.86,122.80,1,-1,-1,-1
569,1,873.83,381.72,1007.03,636.20,1,-1,-1,-1
569,161,268.91,222.08,419.52,368.56,1,-1,-1,-1
569,162,1452.66,-60.44,1607.61,185.95,1,-1,-1,-1
569,164,239.84,50.38,435.77,239.59,1,-1,-1,-1
569,167,919.25,-146.00,1033.91,65.21,1,-1,-1,-1
569,168,1186.70,-123.25,1295.44,81.19,1,-1,-1,-1
569,169,45.43,-27.97,221.31,125.18,1,-1,-1,-1
570,1,873.96,378.87,1006.47,631.91,1,-1,-1,-1
570,161,267.92,224.46,419.05,371.47,1,-1,-1,-1
570,162,1449.43,-61.07,1604.55,186.21,1,-1,-1,-1
570,164,237.84,52.08,436.00,243.52,1,-1,-1,-1
570,167,921.58,-140.17,1033.23,65.77,1,-1,-1,-1
570,168,1191.62,-121.58,1298.31,80.63,1,-1,-1,-1
570,169,41.72,-27.84,219.40,126.57,1,-1,-1,-1
571,1,873.10,375.64,1006.70,630.86,1,-1,-1,-1
571,161,265.05,229.69,414.34,374.26,1,-1,-1,-1
571,162,1452.80,-60.75,1606.71,185.55,1,-1,-1,-1
571,164,236.75,52.52,436.64,245.42,1,-1,-1,-1
571,167,923.69,-137.87,1032.26,61.91,1,-1,-1,-1
571,168,1193.64,-122.93,1299.22,78.32,1,-1,-1,-1
571,169,38.67,-25.31,219.93,132.20,1,-1,-1,-1
572,1,869.10,374.30,1002.69,629.05,1,-1,-1,-1
572,161,264.30,233.39,411.08,375.67,1,-1,-1,-1
572,162,1448.95,-62.07,1603.99,186.53,1,-1,-1,-1
572,164,235.83,55.76,436.93,249.84,1,-1,-1,-1
572,167,928.61,-134.37,1035.63,62.38,1,-1,-1,-1
572,168,1190.69,-124.78,1295.28,74.74,1,-1,-1,-1
572,169,40.65,-17.94,217.88,136.15,1,-1,-1,-1
573,1,865.84,367.70,1002.45,627.62,1,-1,-1,-1
573,161,263.70,237.85,409.73,379.26,1,-1,-1,-1
573,162,1447.83,-61.98,1602.62,186.17,1,-1,-1,-1
573,164,234.56,60.76,430.28,249.34,1,-1,-1,-1
573,167,930.49,-134.43,1037.38,61.85,1,-1,-1,-1
573,168,1190.06,-124.18,1293.21,72.00,1,-1,-1,-1
573,169,34.97,-17.27,216.57,140.13,1,-1,-1,-1
574,1,863.74,363.19,1002.73,627.69,1,-1,-1,-1
574,161,261.48,238.62,410.73,383.04,1,-1,-1,-1
574,162,1447.51,-62.69,1602.65,186.62,1,-1,-1,-1
574,164,232.17,63.79,429.18,254.17,1,-1,-1,-1
574,167,935.68,-135.15,1042.72,61.61,1,-1,-1,-1
574,168,1193.29,-129.27,1297.51,68.26,1,-1,-1,-1
574,169,29.45,-19.08,217.03,143.45,1,-1,-1,-1
575,1,862.98,361.42,1002.97,628.32,1,-1,-1,-1
575,161,259.54,238.09,412.36,385.59,1,-1,-1,-1
575,162,1447.74,-62.37,1602.31,186.07,1,-1,-1,-1
575,164,232.39,66.10,427.80,255.82,1,-1,-1,-1
575,167,934.99,-143.40,1046.56,61.48,1,-1,-1,-1
575,168,1194.95,-129.86,1299.26,66.85,1,-1,-1,-1
575,169,24.49,-19.23,213.10,143.30,1,-1,-1,-1
576,1,861.98,358.08,1003.29,628.52,1,-1,-1,-1
576,161,256.39,242.93,408.35,388.98,1,-1,-1,-1
576,162,1446.58,-64.29,1602.77,187.12,1,-1,-1,-1
576,164,233.70,68.78,425.57,255.58,1,-1,-1,-1
576,167,930.94,-142.58,1043.23,62.07,1,-1,-1,-1
576,168,1192.73,-135.36,1301.39,68.28,1,-1,-1,-1
576,169,25.32,-12.22,209.07,145.02,1,-1,-1,-1
577,1,861.33,352.87,1003.81,625.93,1,-1,-1,-1
577,161,254.23,243.92,407.25,390.71,1,-1,-1,-1
577,162,1446.11,-65.05,1602.98,187.48,1,-1,-1,-1
577,164,233.95,72.27,425.16,259.27,1,-1,-1,-1
577,167,932.98,-142.91,1046.67,62.92,1,-1,-1,-1
577,168,1192.12,-138.70,1302.56,66.86,1,-1,-1,-1
577,169,26.60,-8.33,208.21,146.16,1,-1,-1,-1
578,1,857.55,349.56,1001.13,624.91,1,-1,-1,-1
578,161,252.84,244.79,407.57,393.16,1,-1,-1,-1
578,162,1446.29,-64.73,1602.70,186.90,1,-1,-1,-1
578,164,235.89,76.08,423.29,259.18,1,-1,-1,-1
578,167,933.73,-141.06,1048.54,65.85,1,-1,-1,-1
578,168,1192.72,-137.99,1302.75,65.65,1,-1,-1,-1
578,169,30.81,-3.02,210.36,149.13,1,-1,-1,-1
579,1,856.31,348.31,999.37,623.18,1,-1,-1,-1
579,161,253.63,248.91,407.18,395.90,1,-1,-1,-1
579,162,1446.81,-65.30,1602.81,185.98,1,-1,-1,-1
579,164,231.57,76.01,420.45,260.95,1,-1,-1,-1
579,167,932.23,-144.95,1050.27,66.27,1,-1,-1,-1
579,168,1194.43,-130.41,1301.28,66.51,1,-1,-1,-1
579,169,28.90,-1.16,208.83,150.77,1,-1,-1,-1
