3,4,1590.18,411.74,1740.04,734.07,1,-1,-1,-1
4,4,1594.48,406.77,1745.74,732.10,1,-1,-1,-1
4,1,1558.76,409.62,1696.46,721.53,1,-1,-1,-1
5,4,1599.35,404.59,1748.06,724.78,1,-1,-1,-1
5,1,1287.26,444.11,1395.48,690.01,1,-1,-1,-1
6,4,1601.30,409.64,1748.27,726.25,1,-1,-1,-1
6,1,1081.27,466.00,1172.93,674.82,1,-1,-1,-1
6,13,547.54,334.47,738.89,753.35,1,-1,-1,-1
7,4,1596.02,410.67,1744.12,729.63,1,-1,-1,-1
7,1,1031.44,472.06,1119.31,673.30,1,-1,-1,-1
7,13,541.41,332.31,735.00,755.81,1,-1,-1,-1
8,4,1599.77,413.17,1746.44,729.52,1,-1,-1,-1
8,1,1020.35,475.66,1105.50,671.51,1,-1,-1,-1
8,13,545.96,339.64,737.41,758.13,1,-1,-1,-1
9,4,1601.04,418.26,1747.18,732.95,1,-1,-1,-1
9,1,1024.26,479.92,1108.16,673.48,1,-1,-1,-1
9,13,547.89,343.50,737.85,758.19,1,-1,-1,-1
10,4,1610.69,420.15,1757.07,734.93,1,-1,-1,-1
10,1,1031.02,480.88,1115.88,677.21,1,-1,-1,-1
10,13,553.73,344.70,742.62,757.48,1,-1,-1,-1
11,4,1618.26,419.49,1766.60,738.36,1,-1,-1,-1
11,1,703.61,394.00,851.57,734.65,1,-1,-1,-1
11,13,556.05,347.23,743.89,757.70,1,-1,-1,-1
12,4,1622.16,419.72,1770.63,738.86,1,-1,-1,-1
12,1,606.57,372.91,772.81,754.77,1,-1,-1,-1
13,1,852.40,434.56,974.69,718.37,1,-1,-1,-1
14,1,982.26,465.65,1082.58,699.29,1,-1,-1,-1
14,13,598.27,362.29,781.23,765.34,1,-1,-1,-1
15,1,1032.68,476.29,1125.27,692.64,1,-1,-1,-1
15,13,620.22,368.74,796.96,761.92,1,-1,-1,-1
16,4,1660.32,425.56,1809.63,744.66,1,-1,-1,-1
16,1,1055.51,481.91,1143.94,689.69,1,-1,-1,-1
16,13,633.57,371.51,806.12,758.73,1,-1,-1,-1
17,4,1668.51,426.77,1818.44,745.86,1,-1,-1,-1
17,1,770.13,402.91,908.78,731.10,1,-1,-1,-1
17,13,642.57,375.21,813.49,758.76,1,-1,-1,-1
18,4,1669.96,425.18,1822.65,748.25,1,-1,-1,-1
18,1,680.13,377.22,834.38,743.67,1,-1,-1,-1
19,4,1670.36,429.18,1823.98,752.41,1,-1,-1,-1
19,1,640.07,360.82,801.80,746.15,1,-1,-1,-1
20,4,1669.95,430.68,1824.57,753.94,1,-1,-1,-1
20,1,625.73,349.42,790.91,743.10,1,-1,-1,-1
20,23,1088.94,471.72,1167.86,677.39,1,-1,-1,-1
21,4,1674.85,431.88,1829.22,753.14,1,-1,-1,-1
21,1,893.74,418.07,1012.51,703.51,1,-1,-1,-1
21,23,1087.79,468.94,1167.31,676.19,1,-1,-1,-1
22,4,1684.61,430.30,1840.56,754.77,1,-1,-1,-1
22,1,1029.11,451.34,1125.60,685.11,1,-1,-1,-1
22,13,664.66,351.55,835.61,736.36,1,-1,-1,-1
23,4,1688.67,432.32,1844.08,754.68,1,-1,-1,-1
23,1,1073.78,462.23,1163.17,679.81,1,-1,-1,-1
23,13,665.63,348.35,838.50,736.83,1,-1,-1,-1
24,4,1695.25,433.72,1849.85,753.94,1,-1,-1,-1
24,1,787.62,381.73,928.53,720.81,1,-1,-1,-1
24,13,671.86,347.79,844.16,735.01,1,-1,-1,-1
25,4,1703.50,440.17,1855.77,755.60,1,-1,-1,-1
25,1,698.71,355.04,858.90,736.10,1,-1,-1,-1
25,23,1105.98,472.45,1186.37,681.62,1,-1,-1,-1
26,4,1709.21,441.70,1861.22,756.57,1,-1,-1,-1
26,1,658.87,342.02,829.69,743.56,1,-1,-1,-1
26,23,1108.34,474.11,1188.03,681.27,1,-1,-1,-1
27,1,643.65,335.33,821.00,748.23,1,-1,-1,-1
27,23,1108.22,473.27,1189.43,683.89,1,-1,-1,-1
28,1,905.21,415.38,1031.89,711.86,1,-1,-1,-1
28,23,1110.19,472.94,1191.75,684.47,1,-1,-1,-1
29,1,727.36,357.72,891.42,739.05,1,-1,-1,-1
29,23,1103.82,476.07,1184.11,683.43,1,-1,-1,-1
30,1,931.55,422.53,1053.56,707.47,1,-1,-1,-1
30,23,1104.78,476.16,1185.18,683.81,1,-1,-1,-1
31,1,751.48,368.49,905.94,728.04,1,-1,-1,-1
31,23,1100.09,467.29,1183.15,680.85,1,-1,-1,-1
32,1,701.89,350.21,864.47,728.93,1,-1,-1,-1
32,23,1099.93,465.44,1182.80,676.91,1,-1,-1,-1
33,1,687.76,339.18,853.03,724.54,1,-1,-1,-1
33,23,1099.52,462.13,1182.35,672.82,1,-1,-1,-1
34,1,684.46,336.53,848.96,721.21,1,-1,-1,-1
34,23,1095.35,460.28,1177.53,668.67,1,-1,-1,-1
35,1,684.70,334.71,848.91,720.99,1,-1,-1,-1
35,23,1089.17,459.63,1171.01,666.48,1,-1,-1,-1
36,1,682.32,338.93,845.32,724.00,1,-1,-1,-1
36,23,1086.40,458.78,1168.38,665.70,1,-1,-1,-1
37,4,1714.39,412.02,1862.18,718.08,1,-1,-1,-1
37,1,683.00,341.64,844.66,724.42,1,-1,-1,-1
37,23,1085.47,459.17,1167.36,666.13,1,-1,-1,-1
38,4,1716.28,410.47,1863.73,715.80,1,-1,-1,-1
38,1,687.79,341.09,850.47,727.06,1,-1,-1,-1
38,23,1084.96,460.03,1167.23,668.32,1,-1,-1,-1
39,4,1722.98,399.42,1875.26,716.29,1,-1,-1,-1
39,1,689.23,343.09,854.74,733.83,1,-1,-1,-1
39,23,1084.31,458.41,1167.71,669.85,1,-1,-1,-1
40,4,1725.33,396.91,1877.85,714.29,1,-1,-1,-1
40,1,690.31,344.77,857.38,737.00,1,-1,-1,-1
40,23,1084.36,457.82,1167.68,669.13,1,-1,-1,-1
41,1,688.40,350.22,853.10,733.55,1,-1,-1,-1
41,23,1084.10,456.32,1168.01,668.88,1,-1,-1,-1
42,1,696.78,351.27,861.69,732.05,1,-1,-1,-1
42,23,1088.27,451.17,1173.15,666.82,1,-1,-1,-1
43,1,704.36,345.24,871.47,728.77,1,-1,-1,-1
43,23,1094.03,444.02,1179.48,662.13,1,-1,-1,-1
44,1,706.23,335.87,877.67,726.15,1,-1,-1,-1
44,23,1096.16,435.45,1183.27,657.74,1,-1,-1,-1
45,1,710.88,326.56,885.27,721.19,1,-1,-1,-1
45,23,1101.69,432.25,1188.44,652.85,1,-1,-1,-1
46,1,718.03,319.23,893.29,714.67,1,-1,-1,-1
46,23,1102.98,425.88,1191.21,649.05,1,-1,-1,-1
47,1,726.19,316.61,901.36,710.83,1,-1,-1,-1
47,23,1103.18,421.60,1193.12,647.02,1,-1,-1,-1
48,1,738.51,310.56,914.09,707.41,1,-1,-1,-1
48,23,1107.19,417.46,1198.33,644.35,1,-1,-1,-1
49,1,748.58,309.09,922.32,703.51,1,-1,-1,-1
49,23,1108.84,415.35,1200.10,641.44,1,-1,-1,-1
50,1,755.36,308.74,923.39,692.85,1,-1,-1,-1
50,23,1105.86,415.99,1195.70,637.12,1,-1,-1,-1
51,1,758.05,302.84,923.80,684.85,1,-1,-1,-1
51,23,1099.96,411.73,1189.35,630.93,1,-1,-1,-1
52,1,755.03,292.17,919.40,674.67,1,-1,-1,-1
52,23,1093.29,405.60,1182.76,624.07,1,-1,-1,-1
53,1,753.94,287.01,917.07,670.30,1,-1,-1,-1
53,23,1086.20,401.43,1174.93,617.63,1,-1,-1,-1
54,1,749.07,279.98,911.46,666.16,1,-1,-1,-1
54,23,1079.34,401.33,1166.25,613.34,1,-1,-1,-1
55,1,747.75,278.17,908.23,664.07,1,-1,-1,-1
55,23,1075.81,400.10,1162.72,613.23,1,-1,-1,-1
56,1,743.00,278.35,902.11,663.43,1,-1,-1,-1
56,23,1070.08,399.08,1157.36,614.62,1,-1,-1,-1
57,1,739.54,275.31,900.92,665.98,1,-1,-1,-1
57,23,1067.50,397.47,1155.94,617.24,1,-1,-1,-1
58,1,738.61,279.56,900.23,669.01,1,-1,-1,-1
58,23,1066.87,396.96,1155.22,617.66,1,-1,-1,-1
59,1,737.80,280.70,901.23,671.60,1,-1,-1,-1
59,23,1067.20,398.18,1154.58,617.25,1,-1,-1,-1
60,1,737.07,281.91,901.51,673.30,1,-1,-1,-1
60,23,1062.63,397.41,1150.63,617.83,1,-1,-1,-1
61,1,727.13,281.15,894.27,675.33,1,-1,-1,-1
61,23,1056.75,397.85,1144.89,618.11,1,-1,-1,-1
62,1,718.00,279.64,887.14,676.13,1,-1,-1,-1
62,23,1049.32,396.76,1138.20,618.93,1,-1,-1,-1
63,1,711.01,282.43,878.93,674.50,1,-1,-1,-1
63,23,1041.09,395.09,1131.42,620.59,1,-1,-1,-1
64,1,925.61,361.67,1045.20,642.14,1,-1,-1,-1
64,23,1037.31,393.58,1127.95,619.85,1,-1,-1,-1
65,1,771.80,309.21,927.17,672.78,1,-1,-1,-1
65,23,1036.91,402.85,1128.84,630.64,1,-1,-1,-1
66,1,744.69,303.52,905.83,681.36,1,-1,-1,-1
66,23,1040.23,404.83,1134.31,637.07,1,-1,-1,-1
67,1,934.00,378.08,1054.97,661.09,1,-1,-1,-1
67,23,1037.54,404.66,1132.12,638.12,1,-1,-1,-1
68,1,800.44,336.90,948.54,685.22,1,-1,-1,-1
68,23,1042.33,422.66,1136.53,652.95,1,-1,-1,-1
69,1,770.34,327.45,923.80,691.17,1,-1,-1,-1
69,23,1042.16,426.80,1137.69,658.50,1,-1,-1,-1
70,1,753.29,321.54,910.18,695.42,1,-1,-1,-1
70,23,1037.16,432.85,1133.19,663.72,1,-1,-1,-1
71,1,746.96,318.62,904.47,697.61,1,-1,-1,-1
71,23,1031.17,436.38,1126.48,664.27,1,-1,-1,-1
72,4,1709.73,427.68,1865.81,757.69,1,-1,-1,-1
72,1,736.95,316.72,896.58,700.80,1,-1,-1,-1
72,23,1024.83,437.62,1119.54,663.03,1,-1,-1,-1
73,4,1709.72,426.93,1864.97,758.44,1,-1,-1,-1
73,1,737.16,301.93,898.68,693.27,1,-1,-1,-1
73,23,1026.19,431.35,1122.02,659.80,1,-1,-1,-1
74,4,1714.10,426.02,1870.34,760.04,1,-1,-1,-1
74,1,740.68,298.26,902.52,689.17,1,-1,-1,-1
74,23,1031.90,426.32,1127.12,653.27,1,-1,-1,-1
75,4,1713.92,426.92,1870.52,761.69,1,-1,-1,-1
75,1,751.56,295.02,912.99,682.39,1,-1,-1,-1
75,23,1043.35,419.05,1139.19,648.06,1,-1,-1,-1
76,1,760.06,287.34,923.62,677.78,1,-1,-1,-1
76,23,1051.36,408.40,1149.95,644.76,1,-1,-1,-1
77,1,762.66,284.54,927.91,676.02,1,-1,-1,-1
77,23,1054.54,405.06,1153.18,642.22,1,-1,-1,-1
78,1,758.51,281.65,926.45,676.65,1,-1,-1,-1
78,23,1051.65,403.82,1149.26,639.28,1,-1,-1,-1
79,1,752.10,281.32,921.11,676.89,1,-1,-1,-1
79,23,1040.25,402.09,1138.18,638.83,1,-1,-1,-1
80,1,745.69,286.58,914.05,678.29,1,-1,-1,-1
80,23,1031.78,401.50,1129.60,638.69,1,-1,-1,-1
81,1,741.62,284.30,911.05,678.49,1,-1,-1,-1
81,23,1028.22,400.67,1126.73,639.98,1,-1,-1,-1
82,23,1021.01,398.44,1122.41,643.12,1,-1,-1,-1
83,23,1017.58,396.99,1121.57,646.28,1,-1,-1,-1
83,42,1526.87,341.81,1794.01,827.36,1,-1,-1,-1
83,38,762.73,302.97,928.51,684.00,1,-1,-1,-1
84,23,1016.36,396.48,1121.95,647.49,1,-1,-1,-1
84,42,1517.83,350.58,1776.91,821.31,1,-1,-1,-1
84,38,767.50,304.34,932.30,684.00,1,-1,-1,-1
85,23,1016.05,398.30,1121.43,646.64,1,-1,-1,-1
85,42,1491.35,343.25,1753.03,818.80,1,-1,-1,-1
85,38,770.18,312.79,930.94,684.00,1,-1,-1,-1
86,4,1725.89,362.56,1905.13,752.58,1,-1,-1,-1
86,23,1015.51,399.06,1121.16,646.30,1,-1,-1,-1
86,42,1477.40,342.88,1731.44,805.88,1,-1,-1,-1
86,38,776.57,317.64,933.85,681.82,1,-1,-1,-1
87,4,1704.98,348.92,1909.29,793.67,1,-1,-1,-1
87,23,1010.40,398.07,1117.51,646.82,1,-1,-1,-1
87,42,1460.68,336.93,1716.70,806.58,1,-1,-1,-1
87,38,773.34,313.39,930.58,678.95,1,-1,-1,-1
88,4,1685.92,339.66,1904.54,812.49,1,-1,-1,-1
88,23,1004.38,402.32,1111.80,648.98,1,-1,-1,-1
88,42,1445.36,343.16,1692.47,798.70,1,-1,-1,-1
88,38,773.59,318.02,928.48,678.68,1,-1,-1,-1
89,4,1670.99,336.03,1892.02,810.73,1,-1,-1,-1
89,23,1000.97,402.66,1110.23,651.78,1,-1,-1,-1
89,42,1424.35,341.27,1672.28,800.23,1,-1,-1,-1
89,38,771.46,310.59,929.69,680.70,1,-1,-1,-1
90,4,1667.54,330.89,1892.84,814.76,1,-1,-1,-1
90,23,1004.07,404.11,1113.95,654.13,1,-1,-1,-1
90,42,1411.52,338.52,1661.41,803.65,1,-1,-1,-1
90,38,770.13,311.23,929.90,685.49,1,-1,-1,-1
91,4,1688.78,365.11,1882.72,778.26,1,-1,-1,-1
91,23,1004.98,407.30,1115.82,658.28,1,-1,-1,-1
91,42,1396.27,334.14,1650.39,808.41,1,-1,-1,-1
91,38,768.85,310.09,931.30,689.98,1,-1,-1,-1
92,4,1687.35,363.11,1882.62,779.07,1,-1,-1,-1
92,23,1010.60,410.49,1121.24,659.83,1,-1,-1,-1
92,42,1389.70,337.84,1639.04,804.27,1,-1,-1,-1
92,38,769.89,310.84,932.41,690.90,1,-1,-1,-1
93,23,1026.72,411.03,1137.82,661.69,1,-1,-1,-1
93,42,1395.56,344.65,1636.66,798.08,1,-1,-1,-1
94,4,1656.02,347.06,1869.14,795.46,1,-1,-1,-1
94,1,1036.05,406.91,1147.30,663.36,1,-1,-1,-1
94,23,1027.78,411.61,1139.21,663.00,1,-1,-1,-1
94,42,1403.62,351.91,1640.69,799.93,1,-1,-1,-1
94,38,1561.54,517.18,1687.68,811.27,1,-1,-1,-1
95,4,1651.95,343.89,1867.65,797.69,1,-1,-1,-1
95,1,1051.16,416.44,1159.49,665.39,1,-1,-1,-1
95,13,806.15,320.00,976.98,695.98,1,-1,-1,-1
95,42,1402.38,348.47,1638.51,798.00,1,-1,-1,-1
95,38,1687.45,555.31,1807.17,834.17,1,-1,-1,-1
96,1,1054.63,411.68,1164.70,664.25,1,-1,-1,-1
96,13,804.23,313.33,979.38,693.95,1,-1,-1,-1
96,42,1390.97,347.82,1629.99,805.37,1,-1,-1,-1
96,38,1780.17,580.52,1895.56,849.30,1,-1,-1,-1
97,1,1060.07,404.96,1170.26,658.29,1,-1,-1,-1
97,13,804.78,312.11,980.28,693.49,1,-1,-1,-1
97,42,1380.40,338.28,1624.48,808.83,1,-1,-1,-1
97,38,1730.96,568.63,1843.98,830.89,1,-1,-1,-1
98,4,1611.60,343.68,1830.97,799.67,1,-1,-1,-1
98,1,1065.94,397.44,1176.70,652.71,1,-1,-1,-1
98,42,1375.68,340.58,1614.57,803.59,1,-1,-1,-1
98,38,1731.29,569.59,1843.29,828.20,1,-1,-1,-1
99,4,1604.04,355.52,1818.95,797.03,1,-1,-1,-1
99,1,1076.59,392.57,1189.33,652.84,1,-1,-1,-1
99,42,1367.06,340.46,1605.58,802.75,1,-1,-1,-1
99,38,1729.25,568.10,1842.90,829.17,1,-1,-1,-1
99,47,832.01,302.31,1017.24,685.69,1,-1,-1,-1
100,4,1596.95,356.85,1810.13,790.12,1,-1,-1,-1
100,1,1085.16,391.45,1197.86,652.31,1,-1,-1,-1
100,38,1780.29,582.08,1890.90,836.19,1,-1,-1,-1
100,47,1251.80,339.54,1458.06,766.29,1,-1,-1,-1
101,4,1589.34,342.06,1812.29,792.87,1,-1,-1,-1
101,1,1093.07,390.37,1206.12,652.20,1,-1,-1,-1
101,13,863.86,301.45,1039.31,685.48,1,-1,-1,-1
101,47,1611.21,497.00,1764.78,815.46,1,-1,-1,-1
102,4,1582.89,339.74,1807.36,793.62,1,-1,-1,-1
102,1,1103.35,389.94,1215.92,650.65,1,-1,-1,-1
102,13,879.88,295.70,1053.14,680.62,1,-1,-1,-1
102,42,1349.50,316.04,1597.11,801.80,1,-1,-1,-1
102,47,1631.11,373.33,1836.28,797.74,1,-1,-1,-1
103,1,1100.35,387.53,1215.80,653.77,1,-1,-1,-1
103,13,891.57,295.80,1061.36,677.01,1,-1,-1,-1
103,42,1341.54,313.61,1590.03,801.11,1,-1,-1,-1
103,47,1651.61,339.60,1876.44,804.69,1,-1,-1,-1
104,1,1109.06,386.86,1224.38,652.78,1,-1,-1,-1
104,13,899.87,294.59,1069.19,675.73,1,-1,-1,-1
104,23,1202.83,379.12,1324.37,653.66,1,-1,-1,-1
104,47,1640.55,323.16,1870.33,799.11,1,-1,-1,-1
105,13,907.84,294.22,1075.92,675.32,1,-1,-1,-1
105,23,1209.71,377.03,1332.30,653.82,1,-1,-1,-1
105,47,1616.46,311.27,1851.57,800.22,1,-1,-1,-1
106,13,915.16,293.49,1082.78,675.23,1,-1,-1,-1
106,23,1221.46,375.01,1344.87,653.64,1,-1,-1,-1
106,42,1328.59,316.63,1563.64,784.00,1,-1,-1,-1
106,47,1590.18,308.06,1824.74,798.79,1,-1,-1,-1
107,4,1512.88,315.98,1741.45,785.92,1,-1,-1,-1
107,13,923.03,291.86,1090.74,673.81,1,-1,-1,-1
107,23,1218.08,374.54,1341.99,654.65,1,-1,-1,-1
107,42,1325.16,322.02,1552.75,777.80,1,-1,-1,-1
107,47,1179.33,292.70,1381.71,720.20,1,-1,-1,-1
108,4,1503.10,312.63,1733.18,785.70,1,-1,-1,-1
108,13,928.58,288.49,1096.64,671.30,1,-1,-1,-1
108,23,1218.78,374.23,1342.27,654.86,1,-1,-1,-1
108,42,1318.33,321.22,1545.09,775.34,1,-1,-1,-1
108,47,1412.96,303.49,1631.10,767.39,1,-1,-1,-1
109,13,935.13,286.89,1104.37,671.95,1,-1,-1,-1
109,23,1224.83,376.12,1345.42,652.97,1,-1,-1,-1
109,47,1487.18,306.98,1709.81,784.48,1,-1,-1,-1
110,13,936.24,288.34,1108.74,676.84,1,-1,-1,-1
110,23,1232.52,378.23,1350.37,650.93,1,-1,-1,-1
110,47,1515.19,314.37,1737.56,792.90,1,-1,-1,-1
111,13,940.36,289.60,1115.39,680.69,1,-1,-1,-1
111,23,1239.43,381.73,1356.76,655.48,1,-1,-1,-1
111,42,1295.38,321.66,1527.28,789.40,1,-1,-1,-1
111,47,1522.51,329.83,1737.57,793.21,1,-1,-1,-1
112,1,1159.59,384.88,1278.63,660.44,1,-1,-1,-1
112,13,950.76,294.74,1126.32,684.80,1,-1,-1,-1
112,23,1247.89,381.25,1365.48,655.60,1,-1,-1,-1
112,42,1293.88,327.16,1523.78,795.14,1,-1,-1,-1
112,47,1518.07,340.58,1729.90,797.54,1,-1,-1,-1
113,1,1170.10,384.83,1292.44,668.38,1,-1,-1,-1
113,13,963.64,302.68,1140.13,690.99,1,-1,-1,-1
113,42,1299.21,335.04,1526.12,801.11,1,-1,-1,-1
113,47,1517.39,345.26,1731.74,806.85,1,-1,-1,-1
114,1,1177.65,384.45,1300.54,669.29,1,-1,-1,-1
114,13,978.39,312.30,1154.07,696.61,1,-1,-1,-1
114,23,1271.12,391.86,1391.18,674.54,1,-1,-1,-1
114,42,1293.71,335.99,1520.60,802.02,1,-1,-1,-1
114,47,1511.67,338.43,1735.20,819.97,1,-1,-1,-1
115,1,1196.92,390.19,1319.41,675.45,1,-1,-1,-1
115,13,987.93,314.58,1164.65,699.36,1,-1,-1,-1
115,23,1280.16,392.54,1400.78,676.54,1,-1,-1,-1
115,42,1296.28,337.76,1521.60,804.54,1,-1,-1,-1
115,47,1543.61,339.12,1770.50,827.93,1,-1,-1,-1
116,1,1201.91,386.78,1324.77,673.60,1,-1,-1,-1
116,13,1000.75,312.08,1176.59,695.04,1,-1,-1,-1
116,42,1291.53,338.80,1516.87,805.62,1,-1,-1,-1
116,47,1504.04,342.26,1720.70,808.38,1,-1,-1,-1
117,1,1210.19,386.62,1333.58,674.70,1,-1,-1,-1
117,13,1005.63,306.44,1181.02,688.72,1,-1,-1,-1
117,23,1292.19,376.24,1417.39,672.48,1,-1,-1,-1
117,47,1486.79,336.23,1702.52,800.20,1,-1,-1,-1
118,13,1023.70,308.91,1192.90,679.02,1,-1,-1,-1
118,23,1294.44,369.04,1419.95,667.20,1,-1,-1,-1
118,42,1285.26,347.77,1482.58,758.72,1,-1,-1,-1
118,47,1472.55,328.19,1684.93,785.41,1,-1,-1,-1
119,13,1030.20,301.12,1196.88,667.97,1,-1,-1,-1
119,23,1291.12,367.81,1415.60,663.34,1,-1,-1,-1
119,42,1281.81,354.89,1459.87,726.93,1,-1,-1,-1
119,47,1450.71,322.51,1655.37,764.44,1,-1,-1,-1
120,13,1038.39,299.58,1201.92,660.61,1,-1,-1,-1
120,23,1285.50,358.85,1417.03,670.41,1,-1,-1,-1
120,42,1277.40,357.24,1450.96,719.88,1,-1,-1,-1
120,47,1427.47,315.70,1628.79,751.77,1,-1,-1,-1
121,1,1202.74,362.40,1328.49,656.31,1,-1,-1,-1
121,13,1041.08,294.34,1203.41,655.28,1,-1,-1,-1
121,23,1290.94,356.52,1423.82,671.27,1,-1,-1,-1
121,42,1250.29,330.45,1434.42,718.70,1,-1,-1,-1
121,47,1404.91,317.93,1604.12,750.49,1,-1,-1,-1
122,1,1200.98,360.74,1327.08,653.76,1,-1,-1,-1
122,13,1036.83,291.09,1199.28,654.08,1,-1,-1,-1
122,42,1243.74,333.02,1422.03,710.12,1,-1,-1,-1
122,47,1387.09,319.50,1585.14,749.44,1,-1,-1,-1
123,1,1186.47,360.18,1312.75,652.90,1,-1,-1,-1
123,13,1024.94,287.93,1188.91,655.07,1,-1,-1,-1
123,42,1221.07,319.79,1409.35,721.50,1,-1,-1,-1
123,47,1357.70,303.47,1562.52,748.47,1,-1,-1,-1
124,1,1188.67,358.19,1315.36,651.87,1,-1,-1,-1
124,13,1010.85,286.79,1175.07,654.87,1,-1,-1,-1
124,42,1211.55,317.22,1399.04,717.23,1,-1,-1,-1
124,47,1338.89,305.45,1543.08,749.47,1,-1,-1,-1
125,1,1146.70,342.84,1284.57,659.51,1,-1,-1,-1
125,13,991.50,285.76,1155.73,654.23,1,-1,-1,-1
125,47,1305.90,295.12,1515.24,751.27,1,-1,-1,-1
126,1,1144.40,339.46,1283.67,659.37,1,-1,-1,-1
126,13,967.68,277.50,1136.37,654.74,1,-1,-1,-1
126,47,1275.04,290.66,1486.30,752.64,1,-1,-1,-1
127,13,950.25,277.07,1118.67,653.01,1,-1,-1,-1
127,47,1250.36,293.65,1459.08,749.28,1,-1,-1,-1
127,57,1680.90,548.99,1792.90,808.93,1,-1,-1,-1
128,13,928.39,274.36,1099.54,653.75,1,-1,-1,-1
128,47,1224.56,292.98,1429.43,740.10,1,-1,-1,-1
128,57,1656.90,541.39,1769.62,802.74,1,-1,-1,-1
129,13,910.55,273.41,1083.18,653.42,1,-1,-1,-1
129,47,1201.81,295.49,1402.97,734.03,1,-1,-1,-1
129,57,1633.74,540.61,1745.32,798.77,1,-1,-1,-1
130,13,890.08,273.79,1063.45,653.35,1,-1,-1,-1
130,47,1177.61,302.52,1371.83,725.18,1,-1,-1,-1
130,57,1608.48,543.49,1717.62,795.53,1,-1,-1,-1
131,13,879.13,277.96,1049.83,650.74,1,-1,-1,-1
131,47,1149.76,299.19,1342.64,718.63,1,-1,-1,-1
131,57,1579.81,538.28,1689.63,791.82,1,-1,-1,-1
132,1,874.07,279.75,1044.13,665.51,1,-1,-1,-1
132,13,870.33,276.88,1040.91,649.40,1,-1,-1,-1
132,42,947.39,307.60,1134.02,706.17,1,-1,-1,-1
132,47,1133.05,298.00,1324.82,715.02,1,-1,-1,-1
132,45,1122.19,303.03,1308.28,713.43,1,-1,-1,-1
132,57,1555.45,536.56,1664.82,788.61,1,-1,-1,-1
133,1,851.53,278.34,1021.11,664.67,1,-1,-1,-1
133,42,918.87,317.64,1099.86,705.26,1,-1,-1,-1
133,45,1095.06,311.54,1277.76,712.51,1,-1,-1,-1
133,57,1529.30,536.07,1638.24,786.96,1,-1,-1,-1
134,1,835.15,284.40,1002.54,665.63,1,-1,-1,-1
134,23,1094.20,311.35,1256.10,688.85,1,-1,-1,-1
134,42,894.61,317.03,1074.78,702.90,1,-1,-1,-1
134,45,1075.28,310.33,1256.21,707.42,1,-1,-1,-1
134,57,1506.56,537.36,1614.55,785.85,1,-1,-1,-1
135,1,829.38,286.97,995.68,666.65,1,-1,-1,-1
135,23,1077.60,323.50,1230.04,675.92,1,-1,-1,-1
135,57,1483.76,535.68,1591.10,782.66,1,-1,-1,-1
136,1,822.96,286.15,989.50,668.98,1,-1,-1,-1
136,23,1063.77,330.58,1210.41,669.28,1,-1,-1,-1
137,1,816.08,284.68,984.33,671.80,1,-1,-1,-1
137,23,1054.34,339.25,1198.36,670.90,1,-1,-1,-1
137,45,1000.76,325.20,1182.60,725.72,1,-1,-1,-1
137,57,1458.56,535.49,1569.22,790.71,1,-1,-1,-1
138,1,806.16,280.99,981.08,683.93,1,-1,-1,-1
138,13,945.09,281.37,1135.98,701.53,1,-1,-1,-1
138,23,1054.31,349.84,1191.32,664.82,1,-1,-1,-1
138,45,971.56,357.22,1128.71,708.30,1,-1,-1,-1
138,57,1438.18,534.19,1548.77,789.24,1,-1,-1,-1
139,1,788.08,272.60,976.29,705.90,1,-1,-1,-1
139,13,943.63,288.32,1131.17,707.68,1,-1,-1,-1
139,23,1044.72,351.21,1180.68,663.76,1,-1,-1,-1
139,45,948.78,362.16,1102.34,705.23,1,-1,-1,-1
139,57,1441.33,543.27,1550.63,795.08,1,-1,-1,-1
140,1,771.13,268.45,962.83,709.79,1,-1,-1,-1
140,13,936.92,288.27,1125.02,711.83,1,-1,-1,-1
140,57,1423.55,543.12,1532.64,794.42,1,-1,-1,-1
141,13,927.94,297.34,1111.45,713.94,1,-1,-1,-1
141,23,1035.20,360.02,1170.45,668.84,1,-1,-1,-1
142,13,923.53,308.06,1097.84,707.35,1,-1,-1,-1
142,23,1024.08,365.48,1159.69,673.72,1,-1,-1,-1
142,42,719.42,320.70,921.26,748.72,1,-1,-1,-1
143,4,1858.84,390.38,2018.14,737.13,1,-1,-1,-1
143,13,913.71,320.10,1081.43,705.33,1,-1,-1,-1
143,23,1015.36,367.94,1150.05,674.08,1,-1,-1,-1
143,42,704.34,326.84,903.64,745.17,1,-1,-1,-1
144,4,1862.79,393.10,2018.57,735.92,1,-1,-1,-1
144,13,907.99,330.50,1067.47,699.10,1,-1,-1,-1
144,42,684.50,327.80,884.35,745.09,1,-1,-1,-1
145,4,1861.78,392.45,2023.94,745.67,1,-1,-1,-1
145,13,901.47,333.51,1057.46,696.03,1,-1,-1,-1
145,42,662.38,320.91,864.92,743.69,1,-1,-1,-1
145,45,839.23,340.75,1012.50,730.50,1,-1,-1,-1
146,4,1839.05,386.47,2002.89,744.83,1,-1,-1,-1
146,13,896.11,338.49,1046.97,690.85,1,-1,-1,-1
146,23,992.89,366.98,1129.66,676.81,1,-1,-1,-1
146,42,640.70,318.30,844.14,742.45,1,-1,-1,-1
146,45,818.44,337.12,994.69,734.39,1,-1,-1,-1
147,4,1830.63,386.25,1993.72,743.77,1,-1,-1,-1
147,13,884.30,338.12,1035.00,691.61,1,-1,-1,-1
147,23,984.57,368.60,1120.86,677.34,1,-1,-1,-1
147,42,618.95,317.90,823.17,743.66,1,-1,-1,-1
147,47,977.56,367.07,1117.78,675.84,1,-1,-1,-1
147,45,686.78,324.68,873.60,737.84,1,-1,-1,-1
148,4,1826.58,389.61,1991.16,748.87,1,-1,-1,-1
148,13,882.29,328.49,1037.38,692.56,1,-1,-1,-1
148,47,974.47,367.19,1115.04,677.54,1,-1,-1,-1
148,45,627.58,323.76,817.49,735.91,1,-1,-1,-1
149,4,1824.71,390.81,1990.66,751.38,1,-1,-1,-1
149,13,876.15,321.54,1035.37,696.86,1,-1,-1,-1
149,47,969.55,374.29,1107.50,680.60,1,-1,-1,-1
149,45,595.32,321.51,789.43,737.69,1,-1,-1,-1
150,4,1823.74,391.67,1989.93,752.77,1,-1,-1,-1
150,1,751.92,294.16,936.19,720.20,1,-1,-1,-1
150,13,871.70,322.38,1030.85,697.52,1,-1,-1,-1
150,47,1554.74,387.68,1709.23,728.51,1,-1,-1,-1
150,45,757.09,321.34,939.05,717.52,1,-1,-1,-1
150,65,770.89,337.21,944.98,735.59,1,-1,-1,-1
151,4,1823.86,384.95,1990.52,747.67,1,-1,-1,-1
151,1,833.93,312.47,1004.88,712.51,1,-1,-1,-1
151,13,952.09,365.78,1087.89,685.61,1,-1,-1,-1
151,42,573.19,316.93,776.77,742.60,1,-1,-1,-1
151,47,1638.59,393.08,1793.49,734.83,1,-1,-1,-1
151,45,750.87,309.36,938.28,720.91,1,-1,-1,-1
151,65,763.49,337.69,937.07,735.38,1,-1,-1,-1
152,4,1821.81,376.05,1991.87,745.33,1,-1,-1,-1
152,1,857.18,313.43,1023.15,706.99,1,-1,-1,-1
152,13,971.15,375.35,1101.64,682.82,1,-1,-1,-1
152,42,561.39,318.25,762.99,740.33,1,-1,-1,-1
152,45,737.20,306.99,925.53,720.57,1,-1,-1,-1
152,65,755.47,334.93,930.99,736.73,1,-1,-1,-1
153,4,1817.38,368.29,1987.45,737.87,1,-1,-1,-1
153,1,864.67,312.36,1029.33,705.72,1,-1,-1,-1
153,13,976.48,377.61,1105.67,681.96,1,-1,-1,-1
153,42,548.17,318.69,748.99,739.58,1,-1,-1,-1
153,65,747.29,328.32,924.25,733.59,1,-1,-1,-1
154,4,1815.87,362.10,1985.01,729.74,1,-1,-1,-1
154,1,869.08,313.75,1033.17,705.76,1,-1,-1,-1
154,13,973.37,373.46,1102.23,677.61,1,-1,-1,-1
154,42,538.08,317.53,740.17,741.28,1,-1,-1,-1
154,45,734.58,297.02,926.41,719.98,1,-1,-1,-1
154,65,736.09,333.00,911.25,733.85,1,-1,-1,-1
155,4,1814.80,352.55,1986.01,724.72,1,-1,-1,-1
155,1,858.02,333.31,1008.37,694.04,1,-1,-1,-1
155,13,978.24,377.51,1104.80,676.22,1,-1,-1,-1
155,42,520.87,316.44,724.44,741.24,1,-1,-1,-1
155,45,731.78,300.12,918.80,713.81,1,-1,-1,-1
155,65,728.74,332.14,904.27,733.82,1,-1,-1,-1
156,4,1808.92,343.13,1982.05,720.26,1,-1,-1,-1
156,1,857.37,324.23,1011.63,695.00,1,-1,-1,-1
156,13,972.44,371.52,1100.86,674.16,1,-1,-1,-1
156,42,514.21,314.72,719.86,743.19,1,-1,-1,-1
156,45,731.14,301.27,916.14,711.64,1,-1,-1,-1
156,65,719.08,328.63,895.01,729.92,1,-1,-1,-1
157,4,1806.84,338.37,1981.15,719.30,1,-1,-1,-1
157,1,859.32,326.21,1012.29,693.87,1,-1,-1,-1
157,13,971.28,370.68,1100.07,673.59,1,-1,-1,-1
157,42,506.81,314.08,713.63,743.92,1,-1,-1,-1
157,45,727.99,304.41,910.11,708.22,1,-1,-1,-1
157,65,711.43,327.36,887.64,729.31,1,-1,-1,-1
158,4,1810.14,336.05,1985.36,719.02,1,-1,-1,-1
158,1,852.40,322.49,1006.57,692.94,1,-1,-1,-1
158,13,974.27,373.03,1101.48,672.22,1,-1,-1,-1
158,42,499.91,313.20,707.29,744.83,1,-1,-1,-1
158,45,726.18,304.34,908.57,708.30,1,-1,-1,-1
159,4,1811.23,335.99,1986.59,718.99,1,-1,-1,-1
159,1,853.26,323.76,1006.43,691.84,1,-1,-1,-1
159,42,492.96,312.23,701.05,745.15,1,-1,-1,-1
159,45,725.30,303.70,908.80,709.04,1,-1,-1,-1
160,4,1810.11,332.47,1986.28,717.25,1,-1,-1,-1
160,42,487.36,314.51,693.43,742.62,1,-1,-1,-1
160,45,725.23,304.82,908.54,708.70,1,-1,-1,-1
161,4,1812.62,341.41,1987.80,723.65,1,-1,-1,-1
161,1,857.70,331.20,1010.19,695.96,1,-1,-1,-1
161,42,487.05,318.72,689.11,738.98,1,-1,-1,-1
161,45,718.81,303.91,902.14,707.83,1,-1,-1,-1
161,57,1155.99,549.94,1267.69,804.85,1,-1,-1,-1
162,4,1812.75,347.84,1987.78,729.68,1,-1,-1,-1
162,1,862.24,330.93,1016.52,697.92,1,-1,-1,-1
162,42,476.25,318.93,678.12,738.80,1,-1,-1,-1
162,45,725.24,310.80,908.54,712.46,1,-1,-1,-1
162,57,1143.13,550.25,1254.90,805.32,1,-1,-1,-1
162,63,527.39,318.97,717.68,729.25,1,-1,-1,-1
163,4,1818.17,352.80,1991.68,731.16,1,-1,-1,-1
163,1,865.38,318.85,1027.03,701.92,1,-1,-1,-1
163,45,729.96,306.84,914.96,711.38,1,-1,-1,-1
163,63,424.19,313.55,618.94,732.94,1,-1,-1,-1
164,4,1821.81,361.33,1991.57,731.72,1,-1,-1,-1
164,1,870.31,313.08,1035.55,703.39,1,-1,-1,-1
164,42,479.11,321.60,672.55,725.35,1,-1,-1,-1
164,45,726.04,306.34,911.10,711.01,1,-1,-1,-1
164,57,1137.66,543.34,1250.89,800.10,1,-1,-1,-1
164,63,586.77,305.28,778.85,718.66,1,-1,-1,-1
165,4,1822.15,357.24,1993.20,731.93,1,-1,-1,-1
165,1,873.60,314.12,1037.30,700.67,1,-1,-1,-1
165,42,480.33,322.71,670.36,721.86,1,-1,-1,-1
165,45,736.70,297.39,924.35,707.80,1,-1,-1,-1
165,57,1126.85,542.90,1240.22,799.95,1,-1,-1,-1
165,63,469.49,301.36,663.56,719.03,1,-1,-1,-1
166,4,1824.49,359.68,1991.58,728.05,1,-1,-1,-1
166,1,873.95,309.26,1038.67,697.63,1,-1,-1,-1
166,42,481.10,324.42,668.64,719.37,1,-1,-1,-1
166,45,738.70,295.33,926.91,707.04,1,-1,-1,-1
167,4,1825.88,361.28,1990.41,725.90,1,-1,-1,-1
167,1,874.20,306.80,1039.56,697.14,1,-1,-1,-1
167,13,991.25,370.58,1118.88,671.71,1,-1,-1,-1
167,42,479.07,329.04,662.17,714.51,1,-1,-1,-1
167,45,745.28,296.59,931.28,704.80,1,-1,-1,-1
168,4,1826.46,361.61,1990.59,725.34,1,-1,-1,-1
168,1,878.89,306.56,1044.35,696.96,1,-1,-1,-1
168,13,992.76,371.06,1119.28,671.07,1,-1,-1,-1
168,42,475.13,333.42,653.50,709.42,1,-1,-1,-1
168,45,747.96,296.47,932.87,703.99,1,-1,-1,-1
169,1,883.76,303.22,1051.48,698.88,1,-1,-1,-1
169,13,993.17,370.56,1119.48,671.51,1,-1,-1,-1
169,42,469.26,330.93,645.85,703.59,1,-1,-1,-1
169,45,749.50,296.46,933.66,703.05,1,-1,-1,-1
170,4,1859.20,384.98,2017.50,735.92,1,-1,-1,-1
170,1,886.86,304.61,1052.75,696.99,1,-1,-1,-1
170,13,995.10,371.04,1121.03,671.11,1,-1,-1,-1
170,42,462.21,328.63,639.05,701.56,1,-1,-1,-1
170,45,755.91,294.51,936.77,696.78,1,-1,-1,-1
170,57,1128.88,532.58,1244.10,795.28,1,-1,-1,-1
171,4,1863.05,387.66,2020.43,736.58,1,-1,-1,-1
171,1,888.26,305.20,1052.77,695.60,1,-1,-1,-1
171,42,460.99,325.74,635.65,694.90,1,-1,-1,-1
171,45,759.71,293.82,937.93,693.12,1,-1,-1,-1
171,57,1122.94,531.43,1238.44,794.79,1,-1,-1,-1
172,1,888.84,299.51,1053.19,691.79,1,-1,-1,-1
172,42,455.00,320.62,631.79,695.89,1,-1,-1,-1
172,45,765.69,292.93,942.42,691.81,1,-1,-1,-1
173,1,894.45,299.38,1057.02,688.39,1,-1,-1,-1
173,42,453.18,320.06,629.69,695.69,1,-1,-1,-1
173,45,767.71,288.00,943.62,688.06,1,-1,-1,-1
174,1,885.69,290.78,1050.63,687.13,1,-1,-1,-1
174,42,439.16,320.53,615.52,695.06,1,-1,-1,-1
174,45,768.03,283.54,944.44,688.04,1,-1,-1,-1
174,57,1116.96,520.90,1232.18,780.61,1,-1,-1,-1
175,1,886.91,288.76,1052.26,686.09,1,-1,-1,-1
175,42,424.29,320.72,600.98,693.60,1,-1,-1,-1
175,45,758.39,280.60,935.98,689.42,1,-1,-1,-1
175,57,1107.31,521.11,1221.51,776.22,1,-1,-1,-1
176,42,408.00,318.82,586.84,695.13,1,-1,-1,-1
176,45,749.31,278.89,928.28,690.00,1,-1,-1,-1
176,57,1093.55,515.82,1209.11,772.75,1,-1,-1,-1
177,42,394.10,320.76,572.07,693.79,1,-1,-1,-1
177,45,741.25,278.32,921.43,690.27,1,-1,-1,-1
177,57,1084.30,518.57,1199.84,774.85,1,-1,-1,-1
178,1,867.04,283.85,1036.81,689.17,1,-1,-1,-1
178,42,384.83,322.18,561.23,690.70,1,-1,-1,-1
178,45,738.01,279.49,918.43,689.76,1,-1,-1,-1
178,57,1077.00,520.35,1192.03,775.06,1,-1,-1,-1
179,1,866.12,281.94,1036.49,688.72,1,-1,-1,-1
179,42,376.89,324.05,552.38,689.61,1,-1,-1,-1
179,45,731.14,278.68,914.49,692.24,1,-1,-1,-1
179,57,1069.95,521.74,1184.63,775.21,1,-1,-1,-1
180,1,870.47,309.91,1027.46,683.33,1,-1,-1,-1
180,42,369.80,325.41,544.59,689.28,1,-1,-1,-1
180,45,722.69,281.05,909.15,697.81,1,-1,-1,-1
180,57,1057.82,522.30,1172.60,775.32,1,-1,-1,-1
181,1,874.81,328.43,1021.99,678.63,1,-1,-1,-1
181,42,357.62,325.25,532.62,689.22,1,-1,-1,-1
181,45,713.43,280.03,904.14,703.23,1,-1,-1,-1
181,57,1043.94,522.55,1159.38,776.07,1,-1,-1,-1
182,4,1709.24,371.87,1858.29,700.83,1,-1,-1,-1
182,1,865.00,331.81,1012.22,680.52,1,-1,-1,-1
182,42,338.47,321.85,516.87,693.24,1,-1,-1,-1
182,45,705.22,279.68,898.61,705.93,1,-1,-1,-1
182,57,1033.49,520.67,1150.28,777.05,1,-1,-1,-1
183,4,1700.07,371.54,1848.27,698.62,1,-1,-1,-1
183,1,850.04,313.38,1010.97,691.99,1,-1,-1,-1
183,42,328.47,321.71,506.55,692.43,1,-1,-1,-1
183,45,690.84,276.30,889.64,710.87,1,-1,-1,-1
183,57,1019.89,518.01,1139.31,780.08,1,-1,-1,-1
183,63,312.91,324.31,490.54,703.17,1,-1,-1,-1
184,1,846.21,300.27,1018.08,701.94,1,-1,-1,-1
184,45,685.99,280.27,885.86,714.67,1,-1,-1,-1
184,57,1011.05,517.09,1130.77,779.83,1,-1,-1,-1
184,63,313.83,324.28,491.16,703.61,1,-1,-1,-1
185,4,1686.87,379.56,1841.99,717.19,1,-1,-1,-1
185,1,841.40,312.52,1006.98,698.08,1,-1,-1,-1
185,45,682.31,279.22,885.93,719.36,1,-1,-1,-1
185,57,1002.01,521.46,1123.64,788.42,1,-1,-1,-1
185,63,308.22,325.01,485.26,702.99,1,-1,-1,-1
186,4,1678.32,380.11,1833.25,717.30,1,-1,-1,-1
186,1,842.34,314.88,1007.90,699.07,1,-1,-1,-1
186,45,686.00,280.15,890.31,721.09,1,-1,-1,-1
186,57,993.15,521.09,1115.25,789.08,1,-1,-1,-1
186,63,306.88,326.60,483.07,702.79,1,-1,-1,-1
187,1,852.06,330.29,1008.96,694.78,1,-1,-1,-1
187,45,692.87,281.84,896.04,721.02,1,-1,-1,-1
187,63,300.02,321.05,481.19,707.50,1,-1,-1,-1
188,1,852.51,338.84,1003.44,690.38,1,-1,-1,-1
188,45,696.31,282.51,897.65,718.95,1,-1,-1,-1
188,63,289.55,321.66,470.61,706.57,1,-1,-1,-1
189,1,836.14,311.46,999.17,690.79,1,-1,-1,-1
189,45,694.50,280.79,892.98,712.16,1,-1,-1,-1
189,63,278.28,321.68,459.35,706.62,1,-1,-1,-1
190,1,848.30,330.93,997.21,680.57,1,-1,-1,-1
190,45,692.95,274.19,890.90,706.23,1,-1,-1,-1
191,1,849.30,334.15,991.97,671.65,1,-1,-1,-1
191,45,691.99,269.75,890.64,704.00,1,-1,-1,-1
191,63,263.48,298.05,449.96,693.30,1,-1,-1,-1
192,1,855.22,335.92,994.16,666.48,1,-1,-1,-1
192,45,696.00,262.19,896.19,701.20,1,-1,-1,-1
192,63,263.07,295.14,446.33,682.43,1,-1,-1,-1
193,1,854.94,337.55,992.17,664.04,1,-1,-1,-1
193,45,692.20,256.75,894.53,701.47,1,-1,-1,-1
193,63,264.03,296.17,444.37,676.63,1,-1,-1,-1
194,1,846.12,287.30,1006.01,668.28,1,-1,-1,-1
194,45,689.71,248.21,895.02,700.29,1,-1,-1,-1
194,63,260.63,297.99,438.72,672.58,1,-1,-1,-1
194,79,411.87,316.08,578.90,669.36,1,-1,-1,-1
195,1,843.26,273.26,1010.22,672.01,1,-1,-1,-1
195,45,683.55,242.42,892.01,701.82,1,-1,-1,-1
195,63,252.92,304.10,425.67,665.84,1,-1,-1,-1
195,79,404.15,315.46,572.06,670.30,1,-1,-1,-1
196,4,1814.66,347.01,1974.53,699.50,1,-1,-1,-1
196,1,843.07,270.46,1010.99,671.62,1,-1,-1,-1
196,45,675.91,239.02,887.09,704.39,1,-1,-1,-1
196,63,245.21,306.46,415.58,662.13,1,-1,-1,-1
196,79,385.87,310.04,555.12,667.72,1,-1,-1,-1
197,4,1821.25,344.91,1981.54,698.31,1,-1,-1,-1
197,1,837.51,267.00,1007.74,674.10,1,-1,-1,-1
197,45,673.11,235.63,885.75,704.24,1,-1,-1,-1
197,63,238.49,308.70,407.67,660.90,1,-1,-1,-1
197,69,662.02,235.67,882.92,709.68,1,-1,-1,-1
197,79,376.18,311.08,542.82,663.31,1,-1,-1,-1
198,1,832.38,269.09,1000.45,671.85,1,-1,-1,-1
198,63,230.57,307.52,401.44,662.60,1,-1,-1,-1
198,69,682.48,232.57,904.79,711.21,1,-1,-1,-1
198,79,367.42,309.40,534.96,663.95,1,-1,-1,-1
199,1,829.71,268.81,997.71,672.31,1,-1,-1,-1
199,63,223.77,309.09,393.60,661.99,1,-1,-1,-1
199,69,683.87,229.66,907.21,712.38,1,-1,-1,-1
199,79,357.01,317.11,520.95,664.24,1,-1,-1,-1
200,1,818.10,264.27,989.05,676.44,1,-1,-1,-1
200,63,211.91,309.02,381.96,662.55,1,-1,-1,-1
200,69,679.41,230.77,900.59,710.80,1,-1,-1,-1
200,79,348.88,320.66,510.80,663.74,1,-1,-1,-1
201,1,817.17,255.52,991.49,676.73,1,-1,-1,-1
201,63,204.05,308.99,373.15,660.53,1,-1,-1,-1
201,69,675.33,228.86,896.85,712.09,1,-1,-1,-1
201,79,334.96,317.81,500.52,669.07,1,-1,-1,-1
202,1,816.34,246.45,993.05,674.25,1,-1,-1,-1
202,69,706.61,223.31,931.34,713.52,1,-1,-1,-1
202,79,325.73,316.75,491.55,669.68,1,-1,-1,-1
203,1,812.65,244.40,988.08,670.70,1,-1,-1,-1
203,69,681.39,221.02,899.29,699.58,1,-1,-1,-1
203,79,322.45,316.33,488.19,669.24,1,-1,-1,-1
204,1,814.56,235.32,992.78,670.00,1,-1,-1,-1
204,69,706.83,215.80,927.05,699.44,1,-1,-1,-1
204,79,316.70,311.50,482.92,665.74,1,-1,-1,-1
205,1,814.74,228.76,995.21,671.05,1,-1,-1,-1
205,79,312.13,314.34,474.75,660.44,1,-1,-1,-1
206,1,812.54,223.47,994.95,670.51,1,-1,-1,-1
206,69,691.52,213.50,905.83,688.05,1,-1,-1,-1
206,79,305.90,315.43,466.92,657.79,1,-1,-1,-1
207,69,685.51,209.71,896.98,680.75,1,-1,-1,-1
207,79,299.65,311.16,459.92,652.17,1,-1,-1,-1
208,69,683.85,209.11,893.59,676.97,1,-1,-1,-1
208,79,294.03,311.57,451.89,647.47,1,-1,-1,-1
209,1,892.41,292.66,1029.86,628.82,1,-1,-1,-1
209,69,698.07,205.16,908.64,674.89,1,-1,-1,-1
209,79,288.43,309.07,443.70,639.76,1,-1,-1,-1
210,1,897.80,294.82,1032.71,624.77,1,-1,-1,-1
210,69,676.57,207.29,887.65,676.08,1,-1,-1,-1
210,79,284.55,299.44,442.44,635.65,1,-1,-1,-1
211,69,686.97,204.00,898.75,674.35,1,-1,-1,-1
211,79,283.45,291.96,442.09,629.59,1,-1,-1,-1
212,79,280.58,293.17,435.71,622.78,1,-1,-1,-1
213,79,278.22,281.03,435.17,615.01,1,-1,-1,-1
214,79,283.28,279.29,438.64,609.62,1,-1,-1,-1
215,69,853.99,195.55,1063.62,663.39,1,-1,-1,-1
215,79,285.54,278.77,440.12,607.10,1,-1,-1,-1
216,69,869.02,194.98,1078.20,662.48,1,-1,-1,-1
216,79,286.58,278.68,440.80,606.32,1,-1,-1,-1
217,69,869.08,192.12,1079.55,663.49,1,-1,-1,-1
217,79,278.40,280.08,431.30,605.52,1,-1,-1,-1
218,69,870.33,196.41,1076.25,659.97,1,-1,-1,-1
218,79,275.60,281.36,427.73,604.70,1,-1,-1,-1
219,1,712.57,196.90,908.63,663.78,1,-1,-1,-1
219,69,871.91,200.82,1072.83,656.05,1,-1,-1,-1
219,79,275.39,288.57,425.20,606.52,1,-1,-1,-1
220,1,709.13,196.42,907.72,661.15,1,-1,-1,-1
220,69,880.50,201.89,1080.20,655.32,1,-1,-1,-1
220,79,277.45,280.64,431.79,608.67,1,-1,-1,-1
221,1,697.25,189.91,899.27,662.65,1,-1,-1,-1
221,69,887.56,201.65,1087.32,655.79,1,-1,-1,-1
221,79,274.68,279.07,429.34,607.55,1,-1,-1,-1
222,69,886.39,203.59,1083.49,653.38,1,-1,-1,-1
222,79,269.41,273.91,424.25,603.24,1,-1,-1,-1
223,69,897.98,203.07,1094.55,651.65,1,-1,-1,-1
223,79,262.14,275.32,418.57,607.63,1,-1,-1,-1
224,79,249.94,276.57,406.35,608.70,1,-1,-1,-1
225,79,234.83,274.46,393.96,611.80,1,-1,-1,-1
226,79,224.63,275.02,384.28,611.03,1,-1,-1,-1
227,79,207.85,272.65,366.18,604.83,1,-1,-1,-1
228,69,706.80,186.95,913.29,657.95,1,-1,-1,-1
228,79,192.51,273.13,349.60,601.19,1,-1,-1,-1
229,69,696.49,185.24,903.55,657.53,1,-1,-1,-1
229,79,175.43,269.37,336.65,603.86,1,-1,-1,-1
230,1,641.22,285.77,773.71,597.21,1,-1,-1,-1
230,69,663.81,179.98,876.24,662.51,1,-1,-1,-1
230,79,164.02,267.35,328.19,604.89,1,-1,-1,-1
231,1,648.69,195.33,845.71,654.47,1,-1,-1,-1
231,69,651.41,177.93,864.78,662.60,1,-1,-1,-1
231,79,146.81,250.20,320.10,604.01,1,-1,-1,-1
232,1,749.27,187.13,951.18,658.10,1,-1,-1,-1
232,79,136.95,247.07,311.34,603.15,1,-1,-1,-1
233,1,687.49,184.83,890.30,658.09,1,-1,-1,-1
233,79,125.15,260.11,297.09,607.44,1,-1,-1,-1
234,1,656.19,179.77,861.53,661.80,1,-1,-1,-1
234,79,113.91,273.76,280.93,607.03,1,-1,-1,-1
235,1,652.12,190.45,852.18,661.16,1,-1,-1,-1
235,79,100.90,283.33,266.60,610.92,1,-1,-1,-1
236,1,638.50,183.12,842.33,663.37,1,-1,-1,-1
236,79,87.13,288.81,251.03,610.34,1,-1,-1,-1
237,1,627.63,177.25,834.81,667.39,1,-1,-1,-1
237,79,72.11,284.10,237.95,608.11,1,-1,-1,-1
238,1,619.77,171.93,826.78,662.33,1,-1,-1,-1
238,79,61.05,284.94,226.34,607.88,1,-1,-1,-1
239,1,612.16,163.55,820.11,657.62,1,-1,-1,-1
240,1,602.94,156.62,815.07,659.66,1,-1,-1,-1
240,69,596.98,213.06,787.03,644.68,1,-1,-1,-1
241,1,589.48,147.66,804.57,657.14,1,-1,-1,-1
241,69,576.83,219.32,762.07,639.47,1,-1,-1,-1
241,98,1521.14,304.66,1676.01,624.56,1,-1,-1,-1
242,1,561.64,147.02,776.68,654.16,1,-1,-1,-1
242,69,567.19,221.46,750.76,637.84,1,-1,-1,-1
242,98,1499.36,301.65,1656.95,627.32,1,-1,-1,-1
243,1,541.62,147.69,757.31,652.31,1,-1,-1,-1
243,69,526.72,210.32,716.68,637.64,1,-1,-1,-1
243,98,1486.73,299.98,1645.79,628.70,1,-1,-1,-1
244,1,520.15,153.42,737.46,654.86,1,-1,-1,-1
244,69,513.30,210.80,702.41,636.20,1,-1,-1,-1
244,98,1472.09,309.91,1621.62,620.69,1,-1,-1,-1
245,1,501.77,160.39,721.12,660.43,1,-1,-1,-1
245,69,488.47,218.21,676.47,638.13,1,-1,-1,-1
245,98,1459.73,318.99,1604.25,620.74,1,-1,-1,-1
246,1,487.90,158.57,713.43,668.44,1,-1,-1,-1
246,63,665.52,178.09,891.29,665.93,1,-1,-1,-1
246,69,470.96,237.70,650.85,639.77,1,-1,-1,-1
246,98,1451.69,322.54,1594.30,622.18,1,-1,-1,-1
247,1,475.55,155.99,703.06,670.33,1,-1,-1,-1
247,63,678.76,174.69,906.33,666.42,1,-1,-1,-1
247,69,455.92,241.19,633.93,639.05,1,-1,-1,-1
247,84,435.81,191.92,689.41,667.40,1,-1,-1,-1
247,98,1439.45,325.21,1580.71,622.01,1,-1,-1,-1
248,69,446.71,251.32,624.04,646.05,1,-1,-1,-1
248,84,450.46,186.73,706.98,671.88,1,-1,-1,-1
248,98,1431.67,334.47,1572.95,632.53,1,-1,-1,-1
249,57,405.40,480.01,527.66,747.06,1,-1,-1,-1
249,69,440.76,249.69,622.71,652.95,1,-1,-1,-1
249,84,455.90,177.44,719.26,680.96,1,-1,-1,-1
249,98,1427.19,334.57,1570.24,638.15,1,-1,-1,-1
250,57,395.92,479.27,518.01,745.95,1,-1,-1,-1
250,69,429.81,253.75,612.79,659.31,1,-1,-1,-1
250,84,458.45,177.68,722.53,689.46,1,-1,-1,-1
250,98,1417.09,334.56,1560.10,638.71,1,-1,-1,-1
250,102,1726.67,355.43,1865.21,673.05,1,-1,-1,-1
251,69,415.53,268.41,591.12,657.67,1,-1,-1,-1
251,84,454.17,181.82,717.45,697.10,1,-1,-1,-1
251,98,1412.38,331.74,1557.51,641.52,1,-1,-1,-1
251,102,1718.98,350.35,1857.60,667.83,1,-1,-1,-1
252,69,411.06,264.32,593.53,666.41,1,-1,-1,-1
252,84,454.56,188.79,711.34,695.44,1,-1,-1,-1
252,98,1407.40,332.60,1551.23,640.51,1,-1,-1,-1
252,102,1711.61,348.75,1850.13,665.37,1,-1,-1,-1
253,57,360.37,490.01,487.31,763.41,1,-1,-1,-1
253,69,399.24,289.14,567.52,660.95,1,-1,-1,-1
253,84,560.56,184.65,811.78,693.24,1,-1,-1,-1
253,98,1401.34,332.16,1545.26,640.71,1,-1,-1,-1
253,102,1705.45,349.77,1842.52,662.47,1,-1,-1,-1
254,57,350.52,490.33,480.07,766.48,1,-1,-1,-1
254,69,397.50,299.23,555.65,649.07,1,-1,-1,-1
254,84,602.88,183.85,847.71,691.59,1,-1,-1,-1
254,98,1398.56,331.27,1543.56,642.71,1,-1,-1,-1
254,102,1713.43,350.93,1850.05,662.25,1,-1,-1,-1
255,57,343.83,491.11,473.16,766.14,1,-1,-1,-1
255,69,397.10,301.17,553.07,646.85,1,-1,-1,-1
255,84,626.31,193.46,860.71,689.48,1,-1,-1,-1
255,98,1401.89,328.90,1549.10,646.05,1,-1,-1,-1
255,102,1710.35,350.04,1846.64,660.62,1,-1,-1,-1
256,57,341.40,496.74,470.78,769.97,1,-1,-1,-1
256,69,393.69,298.94,556.13,657.63,1,-1,-1,-1
256,84,635.61,202.63,862.68,691.75,1,-1,-1,-1
256,98,1402.68,331.24,1551.54,652.51,1,-1,-1,-1
256,102,1723.37,357.96,1859.21,667.12,1,-1,-1,-1
257,57,335.11,497.45,466.03,771.99,1,-1,-1,-1
257,69,386.72,291.37,553.49,658.85,1,-1,-1,-1
257,84,662.64,200.81,892.21,695.32,1,-1,-1,-1
257,98,1402.01,330.14,1553.28,656.22,1,-1,-1,-1
257,102,1725.26,358.83,1861.31,668.31,1,-1,-1,-1
258,57,327.50,486.28,460.84,765.31,1,-1,-1,-1
258,69,379.67,283.04,548.40,654.65,1,-1,-1,-1
258,84,641.26,195.91,863.13,681.96,1,-1,-1,-1
258,98,1402.38,325.75,1554.38,653.63,1,-1,-1,-1
258,102,1730.45,354.38,1866.98,665.35,1,-1,-1,-1
259,57,319.40,486.14,453.23,766.18,1,-1,-1,-1
259,69,374.84,269.18,549.33,653.68,1,-1,-1,-1
259,84,644.83,191.22,862.60,673.79,1,-1,-1,-1
259,98,1401.60,316.17,1556.79,650.58,1,-1,-1,-1
259,102,1732.16,347.38,1869.28,660.25,1,-1,-1,-1
260,69,368.99,260.01,545.05,647.43,1,-1,-1,-1
260,84,650.75,186.29,865.66,664.92,1,-1,-1,-1
260,98,1406.95,310.58,1560.80,641.54,1,-1,-1,-1
260,102,1728.47,344.77,1865.77,657.04,1,-1,-1,-1
261,57,304.00,464.78,442.12,754.43,1,-1,-1,-1
261,69,362.98,247.93,539.28,636.48,1,-1,-1,-1
261,84,669.05,183.61,885.04,664.66,1,-1,-1,-1
261,98,1411.41,311.74,1561.65,634.69,1,-1,-1,-1
261,102,1726.67,343.18,1864.81,656.55,1,-1,-1,-1
262,1,484.52,172.07,697.62,646.88,1,-1,-1,-1
262,57,305.29,454.68,445.98,749.89,1,-1,-1,-1
262,69,362.02,242.05,535.68,625.10,1,-1,-1,-1
262,98,1416.70,309.58,1567.28,633.41,1,-1,-1,-1
262,102,1725.48,343.29,1864.30,656.41,1,-1,-1,-1
263,1,498.64,164.73,718.10,652.64,1,-1,-1,-1
263,57,310.27,442.63,452.08,738.47,1,-1,-1,-1
263,69,365.81,237.24,540.06,621.50,1,-1,-1,-1
263,98,1428.60,309.47,1578.72,632.95,1,-1,-1,-1
263,102,1725.32,342.16,1864.12,655.26,1,-1,-1,-1
264,1,508.37,166.14,727.49,651.44,1,-1,-1,-1
264,57,314.27,446.70,452.79,734.81,1,-1,-1,-1
264,69,372.08,236.19,546.51,620.24,1,-1,-1,-1
264,98,1447.25,310.14,1596.09,632.79,1,-1,-1,-1
265,1,507.77,169.38,725.11,647.65,1,-1,-1,-1
265,57,310.72,447.12,450.01,735.51,1,-1,-1,-1
265,69,373.65,234.57,550.16,621.85,1,-1,-1,-1
265,98,1458.65,307.78,1608.20,634.08,1,-1,-1,-1
266,1,505.71,171.26,725.92,654.34,1,-1,-1,-1
266,57,300.16,452.67,439.35,739.14,1,-1,-1,-1
266,69,364.67,232.73,542.98,624.52,1,-1,-1,-1
266,98,1459.30,309.56,1607.04,633.26,1,-1,-1,-1
267,1,502.32,179.96,719.43,657.50,1,-1,-1,-1
267,57,284.80,451.57,427.83,744.56,1,-1,-1,-1
267,69,351.12,236.05,532.28,631.51,1,-1,-1,-1
267,98,1454.58,310.28,1601.38,632.97,1,-1,-1,-1
268,1,502.07,185.21,715.21,657.34,1,-1,-1,-1
268,57,278.55,449.71,422.21,743.98,1,-1,-1,-1
268,69,331.89,241.34,513.72,637.50,1,-1,-1,-1
268,98,1444.14,306.60,1589.86,628.90,1,-1,-1,-1
268,102,1725.16,337.90,1863.75,649.03,1,-1,-1,-1
269,1,488.77,188.44,699.35,657.26,1,-1,-1,-1
269,69,310.14,241.44,494.49,642.45,1,-1,-1,-1
269,98,1430.41,309.21,1575.37,630.69,1,-1,-1,-1
269,102,1720.32,339.05,1858.87,647.26,1,-1,-1,-1
270,1,485.39,190.89,691.95,655.20,1,-1,-1,-1
270,69,292.43,241.51,478.15,644.31,1,-1,-1,-1
270,98,1416.83,310.23,1561.11,631.39,1,-1,-1,-1
270,102,1708.94,340.09,1847.71,645.33,1,-1,-1,-1
271,4,132.11,267.97,303.83,632.99,1,-1,-1,-1
271,1,481.29,199.07,682.18,655.76,1,-1,-1,-1
271,69,276.53,241.57,462.62,645.66,1,-1,-1,-1
271,98,1400.79,304.01,1547.59,630.35,1,-1,-1,-1
271,102,1704.27,340.50,1844.10,644.67,1,-1,-1,-1
272,4,108.67,274.45,277.31,626.90,1,-1,-1,-1
272,1,476.26,203.36,672.20,653.95,1,-1,-1,-1
272,69,258.73,245.57,441.54,642.20,1,-1,-1,-1
272,98,1389.93,301.69,1537.70,629.97,1,-1,-1,-1
272,102,1692.64,335.36,1834.18,641.15,1,-1,-1,-1
273,4,84.48,265.71,257.45,626.50,1,-1,-1,-1
273,1,464.96,202.14,660.07,655.96,1,-1,-1,-1
273,69,247.99,245.39,431.02,642.51,1,-1,-1,-1
273,98,1381.04,300.19,1529.13,629.19,1,-1,-1,-1
273,102,1680.85,338.75,1818.86,633.92,1,-1,-1,-1
274,4,61.64,261.26,237.15,626.44,1,-1,-1,-1
274,1,451.10,196.26,646.27,654.05,1,-1,-1,-1
274,98,1364.19,296.37,1512.06,624.30,1,-1,-1,-1
274,102,1670.04,336.06,1810.27,634.61,1,-1,-1,-1
275,4,33.25,259.11,209.28,625.35,1,-1,-1,-1
275,1,435.13,190.00,633.01,655.97,1,-1,-1,-1
275,69,196.22,228.96,389.17,647.24,1,-1,-1,-1
275,98,1354.47,301.57,1499.42,623.12,1,-1,-1,-1
275,102,1665.40,335.30,1805.13,632.78,1,-1,-1,-1
276,4,12.27,250.50,190.82,624.05,1,-1,-1,-1
276,1,413.89,182.99,616.67,661.97,1,-1,-1,-1
276,69,175.95,230.41,366.34,643.31,1,-1,-1,-1
276,98,1336.57,302.28,1482.15,624.71,1,-1,-1,-1
276,102,1645.43,339.60,1782.61,630.99,1,-1,-1,-1
277,4,-13.62,249.85,164.85,622.29,1,-1,-1,-1
277,1,398.01,183.58,599.82,660.31,1,-1,-1,-1
277,69,153.71,225.02,345.18,639.88,1,-1,-1,-1
277,98,1326.68,310.50,1468.86,625.99,1,-1,-1,-1
277,102,1628.18,339.81,1769.61,640.69,1,-1,-1,-1
278,4,-48.03,242.96,133.86,619.00,1,-1,-1,-1
278,1,382.13,183.82,584.66,660.29,1,-1,-1,-1
278,69,127.87,213.86,328.10,646.49,1,-1,-1,-1
278,98,1313.66,313.64,1455.18,628.51,1,-1,-1,-1
278,102,1619.60,349.10,1758.61,645.32,1,-1,-1,-1
279,4,-75.97,239.59,106.82,617.50,1,-1,-1,-1
279,1,371.30,183.26,575.21,660.92,1,-1,-1,-1
279,69,112.67,217.48,309.09,641.20,1,-1,-1,-1
279,98,1305.85,321.42,1445.05,631.45,1,-1,-1,-1
279,102,1611.90,349.99,1750.52,645.39,1,-1,-1,-1
280,1,352.34,181.73,558.89,663.12,1,-1,-1,-1
280,69,90.12,221.70,282.88,637.11,1,-1,-1,-1
280,98,1298.47,324.32,1436.47,632.56,1,-1,-1,-1
281,1,335.44,179.18,545.40,665.24,1,-1,-1,-1
281,69,73.30,220.19,266.57,636.67,1,-1,-1,-1
281,98,1292.43,326.67,1427.93,630.97,1,-1,-1,-1
282,1,329.68,180.20,539.74,664.06,1,-1,-1,-1
282,98,1289.48,325.47,1425.50,632.36,1,-1,-1,-1
283,1,328.17,181.93,537.13,662.25,1,-1,-1,-1
283,98,1290.05,326.96,1424.16,630.88,1,-1,-1,-1
284,1,323.86,183.92,532.11,660.22,1,-1,-1,-1
284,98,1286.35,328.13,1418.95,629.65,1,-1,-1,-1
285,1,318.89,190.63,525.03,662.10,1,-1,-1,-1
285,98,1279.38,325.84,1413.83,632.52,1,-1,-1,-1
285,102,1561.01,364.49,1701.29,662.09,1,-1,-1,-1
286,1,316.92,192.48,522.53,664.12,1,-1,-1,-1
286,98,1273.41,332.21,1405.83,634.90,1,-1,-1,-1
286,102,1551.83,362.61,1695.56,666.59,1,-1,-1,-1
287,1,318.06,195.79,520.99,663.54,1,-1,-1,-1
287,98,1267.58,337.26,1397.65,635.13,1,-1,-1,-1
287,102,1548.97,362.66,1693.31,668.11,1,-1,-1,-1
288,1,315.20,202.98,515.06,666.63,1,-1,-1,-1
288,98,1265.48,338.41,1395.07,635.86,1,-1,-1,-1
288,102,1543.72,362.63,1687.99,668.62,1,-1,-1,-1
289,1,309.76,209.61,508.44,672.42,1,-1,-1,-1
289,98,1258.61,338.77,1392.04,643.43,1,-1,-1,-1
289,102,1536.35,363.67,1680.87,670.19,1,-1,-1,-1
290,1,314.45,215.33,508.39,671.24,1,-1,-1,-1
290,98,1259.96,338.85,1395.26,646.88,1,-1,-1,-1
291,1,322.62,220.04,511.88,667.40,1,-1,-1,-1
291,98,1262.43,341.44,1396.32,645.51,1,-1,-1,-1
291,102,1545.13,358.38,1693.45,673.89,1,-1,-1,-1
292,1,332.00,224.36,517.34,663.26,1,-1,-1,-1
292,98,1271.21,340.37,1406.60,646.91,1,-1,-1,-1
292,102,1548.41,361.60,1693.41,669.77,1,-1,-1,-1
293,1,334.28,222.48,521.58,665.73,1,-1,-1,-1
293,98,1275.54,340.58,1410.96,646.08,1,-1,-1,-1
293,102,1544.17,362.22,1689.38,670.82,1,-1,-1,-1
294,1,344.43,223.03,531.92,665.98,1,-1,-1,-1
294,98,1281.72,341.27,1417.56,645.71,1,-1,-1,-1
295,1,347.49,221.80,536.74,666.73,1,-1,-1,-1
295,98,1286.89,334.20,1425.97,644.87,1,-1,-1,-1
295,102,1573.80,363.91,1716.70,667.07,1,-1,-1,-1
296,1,348.08,221.26,539.15,667.66,1,-1,-1,-1
296,98,1287.37,332.85,1430.61,650.44,1,-1,-1,-1
296,102,1573.32,364.58,1716.13,667.55,1,-1,-1,-1
297,1,354.43,226.27,543.21,663.37,1,-1,-1,-1
297,98,1293.77,336.24,1435.99,649.92,1,-1,-1,-1
297,102,1581.77,357.12,1730.90,672.76,1,-1,-1,-1
298,1,364.34,229.43,555.95,669.07,1,-1,-1,-1
298,98,1305.47,337.55,1447.99,650.32,1,-1,-1,-1
298,102,1587.14,354.31,1739.57,675.91,1,-1,-1,-1
299,1,366.07,227.22,562.52,674.49,1,-1,-1,-1
299,98,1324.29,343.96,1465.09,652.41,1,-1,-1,-1
299,102,1599.52,360.49,1751.24,679.00,1,-1,-1,-1
300,1,371.62,226.98,569.83,674.53,1,-1,-1,-1
300,98,1341.89,347.69,1480.81,652.50,1,-1,-1,-1
300,102,1601.74,360.73,1754.00,680.39,1,-1,-1,-1
301,1,377.93,222.86,577.49,670.53,1,-1,-1,-1
301,98,1352.79,343.73,1491.41,648.51,1,-1,-1,-1
302,1,383.36,213.99,586.39,667.67,1,-1,-1,-1
302,98,1366.09,338.23,1503.65,641.69,1,-1,-1,-1
302,102,1624.24,361.03,1773.67,670.41,1,-1,-1,-1
303,1,384.67,204.06,590.91,662.64,1,-1,-1,-1
303,98,1376.17,332.15,1512.68,633.80,1,-1,-1,-1
303,102,1632.28,362.46,1782.02,668.10,1,-1,-1,-1
304,1,396.72,204.89,599.21,655.48,1,-1,-1,-1
304,98,1383.94,327.21,1521.52,631.52,1,-1,-1,-1
304,102,1633.91,356.25,1786.50,663.99,1,-1,-1,-1
305,1,406.98,203.28,605.71,645.46,1,-1,-1,-1
305,98,1385.86,324.07,1525.35,632.04,1,-1,-1,-1
305,102,1638.28,355.86,1790.78,663.44,1,-1,-1,-1
306,1,425.05,198.06,622.23,638.43,1,-1,-1,-1
306,98,1395.85,324.24,1535.46,631.62,1,-1,-1,-1
306,102,1655.77,351.98,1811.06,663.75,1,-1,-1,-1
307,1,443.04,199.48,635.32,631.92,1,-1,-1,-1
307,98,1408.25,323.69,1548.68,632.83,1,-1,-1,-1
307,102,1670.94,353.76,1824.76,661.75,1,-1,-1,-1
308,1,455.03,200.75,643.83,628.26,1,-1,-1,-1
308,98,1417.02,322.21,1558.94,633.32,1,-1,-1,-1
308,102,1686.10,355.09,1838.32,659.71,1,-1,-1,-1
309,1,464.48,201.27,650.78,627.02,1,-1,-1,-1
309,98,1419.52,317.08,1563.08,630.90,1,-1,-1,-1
309,102,1692.02,361.58,1842.57,662.30,1,-1,-1,-1
310,1,463.68,202.16,648.45,627.34,1,-1,-1,-1
310,98,1419.68,315.18,1564.23,630.67,1,-1,-1,-1
310,102,1694.06,356.69,1843.06,652.64,1,-1,-1,-1
311,1,470.60,201.58,654.50,624.75,1,-1,-1,-1
311,84,457.60,203.80,647.44,640.01,1,-1,-1,-1
311,98,1415.22,318.46,1560.10,633.90,1,-1,-1,-1
311,102,1690.58,355.52,1837.53,647.72,1,-1,-1,-1
312,84,448.75,202.68,638.15,641.43,1,-1,-1,-1
312,98,1412.46,319.11,1558.44,635.82,1,-1,-1,-1
312,102,1684.98,356.42,1830.58,645.28,1,-1,-1,-1
313,84,1124.74,286.42,1279.38,636.81,1,-1,-1,-1
313,98,1416.87,318.22,1563.21,635.69,1,-1,-1,-1
313,102,1687.09,356.10,1832.75,645.12,1,-1,-1,-1
314,1,457.91,199.98,650.86,642.83,1,-1,-1,-1
314,69,1690.66,357.46,1827.99,643.94,1,-1,-1,-1
314,84,1383.93,313.58,1525.56,631.25,1,-1,-1,-1
314,102,1691.27,355.95,1836.14,643.40,1,-1,-1,-1
315,1,449.52,200.48,647.69,652.37,1,-1,-1,-1
315,69,1699.05,356.40,1840.71,645.67,1,-1,-1,-1
315,84,1551.79,334.38,1683.13,628.96,1,-1,-1,-1
315,98,1417.02,314.39,1563.37,631.70,1,-1,-1,-1
316,1,437.04,200.66,637.73,656.38,1,-1,-1,-1
316,69,1699.36,350.89,1844.06,641.06,1,-1,-1,-1
316,98,1412.99,315.14,1557.88,629.02,1,-1,-1,-1
317,1,426.27,203.37,630.61,664.41,1,-1,-1,-1
317,69,1690.20,343.07,1838.19,636.60,1,-1,-1,-1
317,84,1442.29,320.70,1579.46,626.84,1,-1,-1,-1
317,98,1415.78,314.25,1560.76,628.30,1,-1,-1,-1
318,1,417.49,205.06,623.34,666.12,1,-1,-1,-1
318,69,1681.59,349.23,1827.62,635.04,1,-1,-1,-1
318,84,1526.70,331.12,1658.37,625.01,1,-1,-1,-1
318,98,1412.98,316.98,1555.00,625.57,1,-1,-1,-1
319,1,410.65,210.97,613.51,662.76,1,-1,-1,-1
319,69,1675.95,356.37,1822.63,639.45,1,-1,-1,-1
319,98,1412.82,318.19,1553.11,624.88,1,-1,-1,-1
320,1,403.17,213.21,605.40,661.39,1,-1,-1,-1
320,69,1668.71,360.91,1814.61,639.69,1,-1,-1,-1
320,84,1443.97,328.82,1577.77,629.06,1,-1,-1,-1
320,98,1414.70,317.86,1554.72,623.98,1,-1,-1,-1
321,1,401.09,214.08,603.41,662.47,1,-1,-1,-1
321,69,792.51,258.22,998.15,656.26,1,-1,-1,-1
321,84,1492.96,336.00,1623.23,628.32,1,-1,-1,-1
321,98,1408.83,332.01,1545.35,632.42,1,-1,-1,-1
322,1,1184.76,314.03,1335.26,649.08,1,-1,-1,-1
322,69,1247.01,326.22,1422.66,666.40,1,-1,-1,-1
322,98,1409.82,333.24,1545.83,632.53,1,-1,-1,-1
323,1,1265.00,325.28,1410.25,648.64,1,-1,-1,-1
323,69,645.97,251.43,858.49,669.13,1,-1,-1,-1
323,98,1407.05,346.79,1542.83,648.00,1,-1,-1,-1
323,102,1647.71,388.05,1789.79,668.83,1,-1,-1,-1
324,63,395.00,219.79,594.86,666.03,1,-1,-1,-1
324,69,523.74,238.57,744.32,672.11,1,-1,-1,-1
324,84,1414.75,355.22,1547.21,655.21,1,-1,-1,-1
324,98,1407.57,349.36,1543.00,649.77,1,-1,-1,-1
324,102,1635.48,388.04,1778.39,671.41,1,-1,-1,-1
325,63,382.54,214.50,579.03,660.09,1,-1,-1,-1
325,84,1398.85,358.66,1530.60,657.22,1,-1,-1,-1
325,102,1626.23,391.36,1769.85,676.90,1,-1,-1,-1
326,63,370.14,215.58,565.58,658.80,1,-1,-1,-1
326,69,358.90,210.57,579.09,654.06,1,-1,-1,-1
326,84,1391.93,353.03,1524.90,654.53,1,-1,-1,-1
326,102,1617.92,387.25,1762.47,675.61,1,-1,-1,-1
327,63,402.85,208.26,588.83,639.68,1,-1,-1,-1
327,69,242.65,197.53,469.88,655.19,1,-1,-1,-1
327,84,1391.91,342.81,1528.44,652.81,1,-1,-1,-1
327,102,1619.92,386.28,1764.03,673.74,1,-1,-1,-1
328,63,406.69,199.62,592.97,633.93,1,-1,-1,-1
328,84,1390.74,333.61,1530.01,648.83,1,-1,-1,-1
328,102,1624.38,383.87,1770.52,676.28,1,-1,-1,-1
329,63,406.56,196.71,591.55,628.04,1,-1,-1,-1
329,69,332.70,190.80,549.41,637.37,1,-1,-1,-1
329,84,1390.10,335.89,1529.10,649.89,1,-1,-1,-1
329,102,1618.56,385.55,1762.91,673.91,1,-1,-1,-1
330,69,342.12,187.96,556.86,638.34,1,-1,-1,-1
330,84,1380.39,337.33,1519.31,650.26,1,-1,-1,-1
330,102,1608.84,376.21,1757.11,674.26,1,-1,-1,-1
331,69,338.10,186.21,555.13,647.13,1,-1,-1,-1
331,84,1370.64,335.82,1511.64,652.35,1,-1,-1,-1
331,102,1601.23,377.31,1749.98,678.29,1,-1,-1,-1
332,69,327.71,183.23,549.22,654.35,1,-1,-1,-1
332,84,1361.65,339.13,1504.33,657.05,1,-1,-1,-1
332,102,1597.07,377.24,1746.43,679.46,1,-1,-1,-1
333,69,325.71,185.63,549.82,661.65,1,-1,-1,-1
333,84,1357.58,336.37,1501.69,655.51,1,-1,-1,-1
333,102,1597.06,375.49,1747.41,681.69,1,-1,-1,-1
334,69,328.15,188.87,551.96,663.17,1,-1,-1,-1
334,84,1355.39,334.61,1500.94,654.87,1,-1,-1,-1
334,102,1593.27,375.26,1744.36,682.96,1,-1,-1,-1
335,69,327.97,194.38,549.01,660.42,1,-1,-1,-1
335,84,1358.21,328.62,1505.23,651.30,1,-1,-1,-1
335,102,1587.06,367.98,1734.53,669.23,1,-1,-1,-1
336,69,330.49,198.77,549.19,657.97,1,-1,-1,-1
336,84,1359.79,326.99,1506.71,648.61,1,-1,-1,-1
336,102,1583.02,367.06,1730.84,669.03,1,-1,-1,-1
337,69,327.55,201.97,548.31,663.59,1,-1,-1,-1
337,84,1359.76,321.74,1506.93,642.95,1,-1,-1,-1
337,102,1589.94,364.45,1737.34,665.03,1,-1,-1,-1
338,69,327.58,199.39,548.94,661.07,1,-1,-1,-1
338,84,1360.42,319.76,1507.40,639.50,1,-1,-1,-1
338,102,1584.87,357.02,1734.99,662.11,1,-1,-1,-1
339,69,332.34,195.26,557.28,663.35,1,-1,-1,-1
339,84,1366.48,317.71,1510.77,631.60,1,-1,-1,-1
339,102,1588.76,356.40,1737.77,658.46,1,-1,-1,-1
339,125,1755.44,362.33,1894.43,679.89,1,-1,-1,-1
340,69,341.09,196.43,564.91,662.21,1,-1,-1,-1
340,84,1367.27,314.97,1512.61,630.66,1,-1,-1,-1
340,102,1589.21,350.29,1739.43,654.46,1,-1,-1,-1
340,125,1753.86,363.14,1892.18,678.91,1,-1,-1,-1
341,69,350.27,195.73,573.78,662.38,1,-1,-1,-1
341,84,1376.33,312.66,1522.84,631.68,1,-1,-1,-1
341,102,1587.17,348.15,1737.74,653.01,1,-1,-1,-1
341,125,1750.99,362.17,1889.23,677.73,1,-1,-1,-1
342,69,360.38,196.89,582.22,661.76,1,-1,-1,-1
342,84,1390.52,319.07,1534.79,634.75,1,-1,-1,-1
342,102,1602.07,355.33,1750.83,656.57,1,-1,-1,-1
343,69,341.18,194.43,564.51,662.42,1,-1,-1,-1
343,84,1396.59,327.53,1538.35,638.63,1,-1,-1,-1
343,102,1601.80,354.17,1750.67,655.64,1,-1,-1,-1
343,125,1739.42,376.41,1878.61,691.42,1,-1,-1,-1
344,69,384.36,200.53,600.22,658.36,1,-1,-1,-1
344,84,1398.51,334.71,1539.65,645.44,1,-1,-1,-1
344,125,1732.99,384.55,1872.08,696.63,1,-1,-1,-1
345,69,371.53,198.97,588.21,658.54,1,-1,-1,-1
345,84,746.34,250.46,930.35,658.59,1,-1,-1,-1
345,102,1617.69,368.97,1765.69,670.11,1,-1,-1,-1
345,125,1728.82,387.61,1867.61,699.00,1,-1,-1,-1
345,87,1724.28,389.74,1861.12,697.34,1,-1,-1,-1
346,84,529.91,224.17,723.95,659.63,1,-1,-1,-1
346,98,1410.90,343.34,1551.12,656.18,1,-1,-1,-1
346,102,1625.12,370.53,1772.54,672.31,1,-1,-1,-1
346,87,1776.09,392.53,1914.34,701.76,1,-1,-1,-1
347,84,445.27,206.08,644.90,659.33,1,-1,-1,-1
347,98,1415.99,338.34,1556.91,652.14,1,-1,-1,-1
347,102,1627.03,371.17,1774.56,673.15,1,-1,-1,-1
347,87,1775.02,387.64,1913.78,695.95,1,-1,-1,-1
348,84,419.77,199.65,619.33,657.25,1,-1,-1,-1
348,98,1422.72,332.61,1563.93,646.08,1,-1,-1,-1
348,87,1769.34,376.35,1912.00,691.35,1,-1,-1,-1
349,84,416.75,196.19,616.31,657.62,1,-1,-1,-1
349,98,1430.47,327.82,1570.59,637.18,1,-1,-1,-1
349,87,1754.95,356.01,1905.34,686.11,1,-1,-1,-1
350,84,419.69,194.52,616.58,651.32,1,-1,-1,-1
350,98,1437.28,324.06,1578.44,635.16,1,-1,-1,-1
350,87,1747.57,343.29,1901.03,679.43,1,-1,-1,-1
351,84,427.04,192.31,624.39,649.44,1,-1,-1,-1
351,98,1444.08,322.06,1586.23,634.47,1,-1,-1,-1
351,87,1743.14,341.30,1895.43,674.20,1,-1,-1,-1
352,84,436.46,192.39,634.64,648.69,1,-1,-1,-1
352,98,1450.95,321.38,1593.91,634.28,1,-1,-1,-1
352,87,1744.50,343.43,1894.30,670.92,1,-1,-1,-1
353,84,446.82,192.72,645.16,647.73,1,-1,-1,-1
353,98,1458.66,323.18,1600.70,632.95,1,-1,-1,-1
353,87,1735.29,336.94,1890.60,677.20,1,-1,-1,-1
354,84,452.37,192.48,651.46,647.35,1,-1,-1,-1
354,98,1465.66,323.93,1607.50,633.17,1,-1,-1,-1
354,87,1718.79,332.66,1873.24,672.92,1,-1,-1,-1
355,84,456.31,189.37,655.37,643.27,1,-1,-1,-1
355,98,1464.74,326.25,1604.66,631.31,1,-1,-1,-1
355,87,1702.36,336.46,1855.38,673.95,1,-1,-1,-1
356,84,459.65,189.07,658.10,641.05,1,-1,-1,-1
356,98,1465.20,329.17,1602.41,628.00,1,-1,-1,-1
356,87,1682.77,326.73,1840.81,676.38,1,-1,-1,-1
357,84,461.95,191.14,661.54,645.46,1,-1,-1,-1
357,98,1465.55,330.96,1601.08,626.15,1,-1,-1,-1
357,87,1695.31,323.52,1854.62,675.99,1,-1,-1,-1
358,1,480.40,189.07,679.55,643.00,1,-1,-1,-1
358,84,432.59,186.63,634.19,645.54,1,-1,-1,-1
358,98,1461.25,328.29,1595.41,620.18,1,-1,-1,-1
358,87,1658.88,344.04,1805.82,667.40,1,-1,-1,-1
359,1,458.15,185.21,658.92,642.84,1,-1,-1,-1
359,84,463.19,192.06,661.87,648.23,1,-1,-1,-1
359,98,1465.24,329.31,1596.87,616.69,1,-1,-1,-1
359,87,1634.72,341.01,1782.26,663.25,1,-1,-1,-1
360,84,474.04,194.92,668.60,646.84,1,-1,-1,-1
360,98,1462.54,331.71,1592.07,613.47,1,-1,-1,-1
360,87,1609.08,333.99,1763.41,667.92,1,-1,-1,-1
361,84,485.72,199.97,673.96,642.36,1,-1,-1,-1
361,98,1460.63,331.27,1590.37,613.05,1,-1,-1,-1
361,87,1599.13,342.60,1747.82,658.49,1,-1,-1,-1
362,1,482.11,199.86,668.03,639.64,1,-1,-1,-1
362,84,469.13,197.99,658.07,642.02,1,-1,-1,-1
362,98,1454.33,329.77,1585.91,614.31,1,-1,-1,-1
362,87,1581.37,358.94,1726.42,660.27,1,-1,-1,-1
363,1,1197.59,312.17,1354.86,653.87,1,-1,-1,-1
363,98,1446.90,329.21,1579.34,614.18,1,-1,-1,-1
363,87,1578.84,360.46,1722.49,658.86,1,-1,-1,-1
364,1,1447.56,349.70,1597.90,662.60,1,-1,-1,-1
364,84,497.32,206.68,682.21,647.81,1,-1,-1,-1
364,98,1440.55,331.00,1572.45,613.54,1,-1,-1,-1
364,102,1639.71,324.62,1806.53,664.25,1,-1,-1,-1
365,1,798.92,249.00,988.63,659.11,1,-1,-1,-1
365,84,486.81,205.98,672.13,648.13,1,-1,-1,-1
365,98,1435.81,331.68,1570.94,620.69,1,-1,-1,-1
365,102,1636.69,327.40,1801.00,659.96,1,-1,-1,-1
366,1,757.44,242.47,950.47,659.77,1,-1,-1,-1
366,84,483.75,203.47,670.94,653.63,1,-1,-1,-1
366,98,1429.45,331.93,1566.53,624.68,1,-1,-1,-1
366,102,1637.14,336.39,1797.40,659.74,1,-1,-1,-1
366,87,1526.86,371.31,1671.41,669.37,1,-1,-1,-1
367,84,474.54,197.49,667.45,660.21,1,-1,-1,-1
367,98,1422.82,337.28,1559.97,629.51,1,-1,-1,-1
367,102,1639.67,347.85,1793.61,660.36,1,-1,-1,-1
367,87,1508.67,380.73,1650.91,671.92,1,-1,-1,-1
368,84,470.33,194.06,667.31,663.85,1,-1,-1,-1
368,98,1420.64,345.25,1556.63,634.64,1,-1,-1,-1
368,102,1641.43,358.21,1791.32,663.31,1,-1,-1,-1
368,87,1497.12,368.41,1648.14,678.85,1,-1,-1,-1
369,84,468.30,193.45,667.67,665.19,1,-1,-1,-1
369,98,1419.64,347.57,1555.75,636.56,1,-1,-1,-1
369,102,1641.72,360.65,1790.80,665.76,1,-1,-1,-1
369,87,1488.38,369.60,1639.40,680.03,1,-1,-1,-1
370,84,463.34,192.63,664.78,665.64,1,-1,-1,-1
370,98,1417.38,349.14,1553.30,637.71,1,-1,-1,-1
370,102,1642.50,361.48,1790.57,666.65,1,-1,-1,-1
371,84,462.05,193.68,663.64,664.43,1,-1,-1,-1
371,98,1422.62,343.91,1562.89,642.87,1,-1,-1,-1
371,102,1642.25,361.72,1790.33,667.65,1,-1,-1,-1
372,84,468.23,199.41,665.66,658.65,1,-1,-1,-1
372,98,1424.82,334.92,1572.80,651.48,1,-1,-1,-1
372,102,1647.31,367.73,1795.03,671.99,1,-1,-1,-1
373,84,475.94,202.97,670.98,655.73,1,-1,-1,-1
373,98,1423.69,334.75,1572.83,653.79,1,-1,-1,-1
373,102,1652.64,361.93,1802.66,671.61,1,-1,-1,-1
374,84,478.04,202.32,674.79,657.28,1,-1,-1,-1
374,102,1654.22,363.06,1804.03,672.31,1,-1,-1,-1
375,84,472.93,200.09,672.45,659.84,1,-1,-1,-1
376,84,470.46,197.94,672.36,662.10,1,-1,-1,-1
377,84,474.30,196.48,676.99,662.94,1,-1,-1,-1
377,102,1643.02,360.73,1792.96,669.61,1,-1,-1,-1
378,84,476.18,195.29,679.24,663.89,1,-1,-1,-1
378,102,1643.07,361.30,1792.85,669.85,1,-1,-1,-1
379,1,650.08,211.43,841.06,634.00,1,-1,-1,-1
379,84,482.86,196.83,683.50,662.25,1,-1,-1,-1
380,1,633.67,208.04,825.57,632.66,1,-1,-1,-1
380,84,486.33,197.45,685.01,661.60,1,-1,-1,-1
380,98,1442.19,298.01,1603.58,648.23,1,-1,-1,-1
380,102,1641.41,342.45,1792.01,651.29,1,-1,-1,-1
381,84,488.86,199.02,683.77,659.35,1,-1,-1,-1
381,98,1434.03,291.02,1596.01,644.25,1,-1,-1,-1
381,102,1635.89,335.55,1786.90,642.37,1,-1,-1,-1
382,84,495.13,195.65,687.31,654.51,1,-1,-1,-1
382,98,1435.08,296.44,1588.91,634.39,1,-1,-1,-1
382,102,1635.31,333.59,1786.11,639.98,1,-1,-1,-1
383,1,647.87,205.19,838.48,637.06,1,-1,-1,-1
383,84,497.18,193.73,688.32,652.70,1,-1,-1,-1
383,98,1430.68,298.02,1581.58,631.24,1,-1,-1,-1
383,102,1634.23,341.31,1783.43,641.82,1,-1,-1,-1
384,1,637.52,202.52,829.09,636.55,1,-1,-1,-1
384,84,491.66,188.40,686.38,656.66,1,-1,-1,-1
384,98,1424.73,299.35,1573.90,628.11,1,-1,-1,-1
384,102,1633.67,340.37,1782.37,639.88,1,-1,-1,-1
385,1,648.62,188.86,852.31,653.47,1,-1,-1,-1
385,84,489.21,187.08,686.03,658.16,1,-1,-1,-1
385,98,1422.95,301.25,1570.61,626.31,1,-1,-1,-1
386,1,660.60,191.60,862.72,651.65,1,-1,-1,-1
386,84,487.31,185.31,686.88,659.40,1,-1,-1,-1
386,98,1429.04,311.33,1572.01,625.69,1,-1,-1,-1
386,102,1641.10,337.22,1788.96,636.00,1,-1,-1,-1
387,1,669.48,196.06,871.98,656.85,1,-1,-1,-1
387,84,496.71,192.56,694.85,661.18,1,-1,-1,-1
387,98,1428.72,311.44,1571.11,624.51,1,-1,-1,-1
387,102,1650.71,333.99,1800.60,638.13,1,-1,-1,-1
388,1,683.35,207.71,883.02,658.12,1,-1,-1,-1
388,84,495.33,195.38,694.28,662.51,1,-1,-1,-1
388,98,1434.01,310.33,1580.69,632.54,1,-1,-1,-1
388,102,1651.97,332.69,1801.76,636.63,1,-1,-1,-1
389,1,690.53,205.63,895.63,665.17,1,-1,-1,-1
389,84,495.66,195.39,694.81,662.99,1,-1,-1,-1
389,98,1430.70,316.15,1578.35,638.19,1,-1,-1,-1
389,135,1207.65,322.74,1371.19,674.77,1,-1,-1,-1
390,1,689.35,204.65,895.82,667.26,1,-1,-1,-1
390,98,1434.03,322.23,1581.58,644.20,1,-1,-1,-1
390,135,1177.48,326.97,1339.83,676.05,1,-1,-1,-1
391,98,1431.47,326.47,1578.00,645.11,1,-1,-1,-1
391,135,1158.83,326.64,1322.04,676.75,1,-1,-1,-1
392,1,702.70,206.31,904.67,656.80,1,-1,-1,-1
392,98,1435.58,328.01,1581.51,643.42,1,-1,-1,-1
392,102,1674.72,351.68,1824.82,657.43,1,-1,-1,-1
392,135,1143.78,325.62,1308.45,677.44,1,-1,-1,-1
393,1,705.02,205.21,906.66,655.76,1,-1,-1,-1
393,98,1441.36,323.87,1587.23,638.08,1,-1,-1,-1
393,102,1677.55,352.56,1827.67,658.34,1,-1,-1,-1
393,135,1138.70,318.87,1305.77,674.71,1,-1,-1,-1
394,1,709.93,198.87,912.50,651.43,1,-1,-1,-1
394,84,518.00,198.75,710.48,647.35,1,-1,-1,-1
394,98,1446.77,314.30,1596.04,635.40,1,-1,-1,-1
394,102,1681.90,334.89,1834.62,647.18,1,-1,-1,-1
394,135,1128.63,317.72,1295.64,671.53,1,-1,-1,-1
395,1,714.38,197.85,911.98,638.58,1,-1,-1,-1
395,84,520.16,199.04,712.06,646.28,1,-1,-1,-1
395,98,1449.27,311.38,1598.76,633.09,1,-1,-1,-1
395,102,1686.97,328.61,1841.98,646.96,1,-1,-1,-1
395,135,1116.96,313.20,1283.82,665.49,1,-1,-1,-1
396,1,597.92,182.17,802.10,640.37,1,-1,-1,-1
396,98,1450.93,312.26,1598.96,630.90,1,-1,-1,-1
396,102,1684.96,332.27,1839.19,649.51,1,-1,-1,-1
396,135,1108.54,311.53,1275.33,662.54,1,-1,-1,-1
397,1,674.08,190.84,866.06,624.72,1,-1,-1,-1
397,98,1456.36,312.61,1603.37,629.42,1,-1,-1,-1
397,102,1687.55,331.29,1842.26,649.53,1,-1,-1,-1
397,135,1099.15,300.85,1270.74,662.11,1,-1,-1,-1
398,1,601.28,180.99,795.60,624.02,1,-1,-1,-1
398,98,1463.28,313.42,1609.28,628.23,1,-1,-1,-1
398,135,1090.49,308.85,1256.81,658.65,1,-1,-1,-1
399,1,590.63,178.40,785.00,621.53,1,-1,-1,-1
399,98,1461.08,309.76,1607.51,625.16,1,-1,-1,-1
399,135,1081.84,303.98,1248.63,657.33,1,-1,-1,-1
400,1,695.06,185.31,883.55,615.89,1,-1,-1,-1
400,98,1461.29,310.38,1604.98,620.73,1,-1,-1,-1
400,135,1072.25,306.21,1234.42,652.22,1,-1,-1,-1
401,1,696.82,183.75,884.75,613.06,1,-1,-1,-1
401,98,1463.18,309.93,1606.42,619.31,1,-1,-1,-1
401,135,1322.61,311.14,1470.86,628.21,1,-1,-1,-1
402,1,717.01,190.77,901.25,609.25,1,-1,-1,-1
402,135,1414.90,315.82,1554.82,614.40,1,-1,-1,-1
403,1,720.83,190.14,904.05,606.32,1,-1,-1,-1
403,135,1442.06,316.28,1579.28,609.11,1,-1,-1,-1
406,135,1429.18,306.13,1566.44,595.75,1,-1,-1,-1
407,135,1445.76,305.28,1581.05,590.75,1,-1,-1,-1
411,135,1652.16,321.48,1799.54,630.37,1,-1,-1,-1
412,135,1500.62,324.17,1647.32,623.76,1,-1,-1,-1
413,102,1660.55,320.93,1816.35,638.15,1,-1,-1,-1
413,135,1443.07,326.46,1589.82,619.27,1,-1,-1,-1
414,1,556.76,159.46,766.53,642.66,1,-1,-1,-1
414,102,1652.94,319.37,1812.83,639.27,1,-1,-1,-1
414,135,1420.07,321.93,1569.46,614.95,1,-1,-1,-1
415,1,561.57,153.87,768.50,640.25,1,-1,-1,-1
415,102,1654.95,320.19,1815.30,637.61,1,-1,-1,-1
415,135,1410.84,318.89,1563.12,613.37,1,-1,-1,-1
416,1,576.10,159.55,774.69,632.14,1,-1,-1,-1
416,102,1653.88,319.61,1814.23,637.02,1,-1,-1,-1
416,135,1416.08,312.44,1570.44,608.84,1,-1,-1,-1
417,1,587.91,161.21,782.90,628.92,1,-1,-1,-1
417,135,1422.29,310.01,1577.46,607.18,1,-1,-1,-1
418,1,580.53,155.97,779.12,634.29,1,-1,-1,-1
418,135,1420.19,308.45,1575.85,606.60,1,-1,-1,-1
419,1,568.80,154.70,768.04,634.98,1,-1,-1,-1
419,135,1409.84,303.93,1565.51,601.81,1,-1,-1,-1
420,1,560.64,160.83,759.30,637.19,1,-1,-1,-1
420,102,1646.26,310.60,1801.78,619.37,1,-1,-1,-1
420,135,1406.66,302.25,1561.42,599.39,1,-1,-1,-1
421,1,559.88,170.50,753.41,632.07,1,-1,-1,-1
421,102,1644.85,309.37,1799.95,617.31,1,-1,-1,-1
421,135,1404.95,295.71,1560.37,595.90,1,-1,-1,-1
422,1,555.09,178.21,746.89,633.43,1,-1,-1,-1
422,135,1408.97,292.64,1564.54,595.30,1,-1,-1,-1
423,1,549.99,173.74,747.54,641.90,1,-1,-1,-1
423,135,1410.41,290.89,1565.55,594.49,1,-1,-1,-1
424,1,543.82,173.38,743.17,644.36,1,-1,-1,-1
424,135,1407.82,292.28,1560.50,592.28,1,-1,-1,-1
425,1,541.40,188.36,732.77,638.68,1,-1,-1,-1
425,84,735.72,182.06,935.46,634.95,1,-1,-1,-1
425,135,1406.22,292.22,1558.51,593.49,1,-1,-1,-1
426,1,678.66,192.09,867.13,629.69,1,-1,-1,-1
426,84,743.42,181.43,943.30,634.63,1,-1,-1,-1
426,135,1401.04,292.26,1553.11,594.66,1,-1,-1,-1
427,1,727.52,191.37,918.13,629.07,1,-1,-1,-1
427,135,1394.92,292.32,1546.70,594.50,1,-1,-1,-1
428,1,735.66,189.05,927.73,630.19,1,-1,-1,-1
428,135,1388.20,297.67,1539.50,597.78,1,-1,-1,-1
429,1,737.16,184.80,931.76,632.61,1,-1,-1,-1
429,135,1560.65,301.06,1718.84,617.60,1,-1,-1,-1
430,1,627.30,178.55,826.40,639.47,1,-1,-1,-1
430,98,1388.78,306.97,1532.91,608.91,1,-1,-1,-1
430,135,1624.09,305.56,1785.25,630.10,1,-1,-1,-1
431,1,697.28,188.60,887.68,628.97,1,-1,-1,-1
431,98,1385.94,306.90,1529.98,608.64,1,-1,-1,-1
431,135,1480.65,309.26,1636.61,623.23,1,-1,-1,-1
432,1,716.53,187.17,911.07,638.91,1,-1,-1,-1
432,84,596.70,180.82,796.94,649.08,1,-1,-1,-1
432,98,1389.34,306.96,1540.42,620.70,1,-1,-1,-1
432,135,1594.64,313.34,1754.27,636.96,1,-1,-1,-1
433,1,724.22,187.95,918.53,641.85,1,-1,-1,-1
433,84,587.70,177.40,786.22,654.17,1,-1,-1,-1
433,98,1387.26,306.90,1538.88,621.77,1,-1,-1,-1
433,135,1466.04,308.96,1624.58,630.25,1,-1,-1,-1
434,1,734.51,190.20,922.58,632.40,1,-1,-1,-1
434,84,587.57,181.51,779.61,648.65,1,-1,-1,-1
434,135,1420.16,305.89,1578.64,626.85,1,-1,-1,-1
435,1,744.26,193.03,927.51,626.07,1,-1,-1,-1
435,84,579.02,181.35,771.43,649.40,1,-1,-1,-1
435,135,1408.69,302.74,1564.46,618.90,1,-1,-1,-1
436,1,750.45,186.01,935.48,623.07,1,-1,-1,-1
436,135,1403.91,295.57,1559.76,612.51,1,-1,-1,-1
437,1,752.08,182.75,937.92,621.33,1,-1,-1,-1
437,135,1407.39,288.29,1562.24,604.83,1,-1,-1,-1
438,1,753.48,169.60,946.71,623.36,1,-1,-1,-1
438,84,575.81,168.59,764.07,612.99,1,-1,-1,-1
438,135,1408.99,280.95,1563.87,598.64,1,-1,-1,-1
439,1,758.18,158.17,955.23,620.88,1,-1,-1,-1
439,84,578.73,161.45,770.03,604.39,1,-1,-1,-1
439,135,1406.00,278.70,1561.19,597.02,1,-1,-1,-1
440,1,769.41,154.49,967.50,618.66,1,-1,-1,-1
440,84,573.80,159.49,764.40,600.82,1,-1,-1,-1
440,135,1423.25,280.77,1573.64,591.20,1,-1,-1,-1
441,1,782.32,147.29,982.10,615.21,1,-1,-1,-1
441,135,1436.21,275.58,1586.05,587.00,1,-1,-1,-1
442,1,670.31,153.83,862.14,596.91,1,-1,-1,-1
442,135,1621.79,275.79,1776.88,602.15,1,-1,-1,-1
443,1,627.78,149.17,822.60,595.94,1,-1,-1,-1
443,98,1455.95,267.07,1602.47,579.44,1,-1,-1,-1
443,135,1691.48,277.21,1845.85,605.18,1,-1,-1,-1
444,1,611.83,156.79,800.57,586.40,1,-1,-1,-1
444,98,1455.18,264.79,1599.02,577.66,1,-1,-1,-1
444,135,1713.43,273.92,1866.24,602.44,1,-1,-1,-1
445,1,602.36,155.39,790.12,582.77,1,-1,-1,-1
445,98,1449.33,257.36,1594.38,576.38,1,-1,-1,-1
445,135,1716.22,271.41,1869.02,602.71,1,-1,-1,-1
446,98,1442.34,256.01,1587.45,574.66,1,-1,-1,-1
446,135,1710.58,266.58,1865.82,605.45,1,-1,-1,-1
447,98,1443.54,252.97,1588.99,572.35,1,-1,-1,-1
447,135,1534.33,262.86,1684.78,589.55,1,-1,-1,-1
448,98,1431.85,252.32,1580.58,576.25,1,-1,-1,-1
448,135,1636.92,265.51,1789.78,598.64,1,-1,-1,-1
449,98,1429.49,252.54,1578.70,574.87,1,-1,-1,-1
449,135,1674.99,262.60,1828.46,597.42,1,-1,-1,-1
450,98,1430.01,251.35,1577.32,567.13,1,-1,-1,-1
450,135,1690.18,259.59,1841.71,589.75,1,-1,-1,-1
451,1,1382.31,246.77,1524.07,563.85,1,-1,-1,-1
451,84,401.45,260.48,550.11,595.31,1,-1,-1,-1
451,98,1429.86,249.04,1577.18,564.85,1,-1,-1,-1
451,135,1704.14,257.59,1856.02,588.48,1,-1,-1,-1
452,1,1423.05,250.87,1564.89,563.96,1,-1,-1,-1
452,84,377.93,262.37,529.09,597.80,1,-1,-1,-1
452,135,1679.64,257.47,1831.33,587.05,1,-1,-1,-1
453,1,1430.13,249.49,1575.48,567.29,1,-1,-1,-1
453,84,356.13,262.52,509.71,599.04,1,-1,-1,-1
453,135,1665.02,261.30,1818.01,592.01,1,-1,-1,-1
454,1,1430.50,253.61,1578.12,573.97,1,-1,-1,-1
454,84,339.29,268.49,493.95,602.93,1,-1,-1,-1
454,135,1672.40,260.10,1825.66,591.40,1,-1,-1,-1
455,1,1432.61,258.95,1582.30,582.60,1,-1,-1,-1
455,84,327.94,271.13,483.97,604.38,1,-1,-1,-1
456,1,886.28,210.19,1066.24,596.57,1,-1,-1,-1
456,84,314.16,275.27,473.05,609.64,1,-1,-1,-1
456,142,1645.83,286.82,1798.81,610.21,1,-1,-1,-1
457,1,686.61,183.06,883.01,603.40,1,-1,-1,-1
457,84,288.96,268.52,452.70,611.56,1,-1,-1,-1
457,142,1642.49,293.06,1794.53,614.47,1,-1,-1,-1
458,1,602.54,176.86,800.85,601.10,1,-1,-1,-1
458,84,273.51,271.64,436.30,612.68,1,-1,-1,-1
459,1,563.77,168.14,768.38,606.42,1,-1,-1,-1
460,1,553.56,161.05,763.15,611.61,1,-1,-1,-1
460,142,1642.81,277.59,1801.88,614.00,1,-1,-1,-1
461,1,670.63,164.21,880.55,618.04,1,-1,-1,-1
461,142,649.97,276.25,807.89,611.99,1,-1,-1,-1
462,1,631.24,159.58,844.82,621.30,1,-1,-1,-1
462,142,1270.94,289.86,1425.14,617.96,1,-1,-1,-1
463,1,577.84,166.38,791.24,630.21,1,-1,-1,-1
463,84,153.29,279.51,315.16,623.64,1,-1,-1,-1
463,142,1507.98,303.63,1660.35,628.86,1,-1,-1,-1
464,1,560.32,167.56,775.84,641.95,1,-1,-1,-1
464,84,133.85,281.93,295.33,625.25,1,-1,-1,-1
464,142,1591.25,309.25,1743.05,634.11,1,-1,-1,-1
465,1,562.21,166.08,781.44,656.50,1,-1,-1,-1
465,98,1388.14,298.78,1534.07,615.77,1,-1,-1,-1
465,142,1623.00,317.18,1772.86,638.59,1,-1,-1,-1
466,1,569.72,167.51,787.09,660.69,1,-1,-1,-1
466,98,1385.61,301.28,1531.57,618.34,1,-1,-1,-1
466,142,1639.06,319.30,1789.12,641.45,1,-1,-1,-1
467,1,575.36,172.74,790.01,666.65,1,-1,-1,-1
467,142,1651.12,323.71,1800.83,645.11,1,-1,-1,-1
468,1,578.58,189.17,782.55,662.90,1,-1,-1,-1
469,1,568.68,184.38,774.30,664.48,1,-1,-1,-1
470,1,563.47,172.16,773.90,665.61,1,-1,-1,-1
470,98,1376.14,313.77,1516.29,617.98,1,-1,-1,-1
471,1,563.02,173.37,773.52,667.87,1,-1,-1,-1
471,98,1374.81,312.64,1515.69,619.18,1,-1,-1,-1
471,142,1640.07,320.86,1789.56,640.72,1,-1,-1,-1
472,1,565.27,182.42,772.70,669.89,1,-1,-1,-1
472,98,1374.24,312.98,1514.91,618.91,1,-1,-1,-1
472,142,1632.30,318.96,1783.55,640.80,1,-1,-1,-1
473,1,565.33,182.01,775.43,675.12,1,-1,-1,-1
473,98,1373.26,310.36,1516.23,621.42,1,-1,-1,-1
473,142,1624.41,318.34,1777.64,642.16,1,-1,-1,-1
474,1,561.01,187.76,771.94,680.25,1,-1,-1,-1
474,98,1371.25,311.89,1514.20,622.91,1,-1,-1,-1
474,142,1616.21,322.67,1771.14,647.23,1,-1,-1,-1
475,1,558.64,191.95,772.48,689.30,1,-1,-1,-1
475,98,1379.65,316.21,1521.73,626.43,1,-1,-1,-1
475,142,1614.30,332.16,1767.22,649.75,1,-1,-1,-1
476,1,554.71,200.73,768.09,695.21,1,-1,-1,-1
476,98,1378.74,318.04,1520.77,628.14,1,-1,-1,-1
476,142,1627.33,335.67,1779.75,651.27,1,-1,-1,-1
477,1,553.48,204.73,766.47,697.29,1,-1,-1,-1
477,98,1380.85,321.55,1524.18,635.49,1,-1,-1,-1
477,142,1630.64,338.59,1782.62,653.29,1,-1,-1,-1
478,1,562.35,204.20,776.49,699.22,1,-1,-1,-1
478,98,1391.13,323.86,1533.08,635.91,1,-1,-1,-1
478,142,1638.44,341.89,1791.63,658.20,1,-1,-1,-1
479,1,574.21,191.44,791.52,693.88,1,-1,-1,-1
479,98,1396.34,321.98,1536.07,630.04,1,-1,-1,-1
479,142,1649.42,337.51,1803.28,654.76,1,-1,-1,-1
480,1,591.38,190.49,802.73,679.29,1,-1,-1,-1
480,98,1397.36,323.59,1536.92,631.27,1,-1,-1,-1
480,142,1654.04,339.66,1807.68,656.45,1,-1,-1,-1
481,1,592.40,180.82,804.59,672.16,1,-1,-1,-1
481,142,1660.19,330.24,1813.88,647.87,1,-1,-1,-1
482,1,604.36,177.25,812.38,660.92,1,-1,-1,-1
482,98,1405.19,316.80,1542.14,617.86,1,-1,-1,-1
482,142,1661.74,327.00,1816.00,646.80,1,-1,-1,-1
483,1,618.65,169.96,825.13,653.32,1,-1,-1,-1
483,98,1406.83,317.39,1543.33,617.47,1,-1,-1,-1
483,142,1665.38,322.53,1822.77,650.38,1,-1,-1,-1
484,1,632.08,163.32,839.75,653.17,1,-1,-1,-1
484,98,1416.06,310.83,1557.64,618.61,1,-1,-1,-1
484,142,1676.34,321.51,1833.77,651.05,1,-1,-1,-1
485,1,646.55,159.59,854.86,654.49,1,-1,-1,-1
485,98,1425.06,301.47,1572.01,618.80,1,-1,-1,-1
485,142,1689.56,315.21,1848.33,648.65,1,-1,-1,-1
486,1,656.89,158.27,864.82,655.05,1,-1,-1,-1
486,98,1433.32,300.76,1581.17,616.91,1,-1,-1,-1
486,142,1699.76,319.38,1856.81,649.68,1,-1,-1,-1
487,1,656.43,157.21,864.20,656.63,1,-1,-1,-1
487,98,1430.28,298.56,1580.73,617.50,1,-1,-1,-1
487,142,1706.00,319.08,1863.42,650.16,1,-1,-1,-1
488,1,653.81,167.43,856.27,655.29,1,-1,-1,-1
488,98,1420.52,299.74,1571.18,616.43,1,-1,-1,-1
489,1,652.89,184.75,843.51,642.84,1,-1,-1,-1
489,98,1422.42,298.77,1573.38,616.08,1,-1,-1,-1
489,142,1455.57,304.60,1607.07,620.70,1,-1,-1,-1
490,1,649.42,196.10,832.03,633.44,1,-1,-1,-1
490,142,1409.53,300.90,1562.22,617.37,1,-1,-1,-1
491,1,636.26,200.14,819.96,638.32,1,-1,-1,-1
491,142,1561.72,301.68,1721.20,632.26,1,-1,-1,-1
492,1,627.62,204.87,810.20,637.45,1,-1,-1,-1
492,142,1559.28,300.11,1719.24,631.66,1,-1,-1,-1
493,1,620.80,209.89,800.88,633.85,1,-1,-1,-1
493,98,1394.84,292.26,1547.09,611.33,1,-1,-1,-1
494,1,611.84,207.57,794.64,636.65,1,-1,-1,-1
494,98,1393.64,291.05,1546.15,610.69,1,-1,-1,-1
494,142,489.56,400.33,588.58,601.51,1,-1,-1,-1
495,1,601.85,202.64,789.95,643.06,1,-1,-1,-1
495,142,291.69,418.88,380.92,597.19,1,-1,-1,-1
496,1,595.71,206.01,780.97,639.55,1,-1,-1,-1
496,142,230.36,420.69,320.61,597.67,1,-1,-1,-1
497,1,358.42,355.32,470.56,610.88,1,-1,-1,-1
497,142,122.73,429.02,207.35,594.95,1,-1,-1,-1
498,1,524.72,237.20,701.84,643.01,1,-1,-1,-1
498,98,1361.15,301.55,1508.66,613.49,1,-1,-1,-1
498,142,185.13,428.51,273.94,598.86,1,-1,-1,-1
499,1,335.90,345.86,458.99,620.20,1,-1,-1,-1
499,98,1357.47,301.68,1504.83,613.32,1,-1,-1,-1
499,142,109.72,435.18,194.27,597.39,1,-1,-1,-1
500,1,486.95,215.45,683.26,657.96,1,-1,-1,-1
501,1,512.57,191.29,718.51,661.36,1,-1,-1,-1
501,98,1320.53,306.27,1468.30,622.41,1,-1,-1,-1
502,1,848.97,337.36,980.46,629.64,1,-1,-1,-1
502,98,1311.08,307.63,1456.60,623.05,1,-1,-1,-1
503,1,582.58,204.65,784.43,657.90,1,-1,-1,-1
503,98,1293.71,307.43,1438.91,623.27,1,-1,-1,-1
504,1,986.85,256.57,1157.96,639.94,1,-1,-1,-1
504,98,1285.47,307.98,1430.73,623.96,1,-1,-1,-1
505,1,1194.51,284.40,1346.38,623.45,1,-1,-1,-1
505,84,473.64,177.25,697.43,665.03,1,-1,-1,-1
506,1,437.82,378.64,549.62,619.98,1,-1,-1,-1
506,84,486.74,173.83,712.50,665.89,1,-1,-1,-1
507,1,445.58,236.05,640.23,656.93,1,-1,-1,-1
507,98,1262.05,305.53,1404.06,612.72,1,-1,-1,-1
507,135,1512.28,309.90,1665.74,633.93,1,-1,-1,-1
508,1,431.30,204.00,644.43,664.39,1,-1,-1,-1
508,98,1254.56,305.21,1396.71,611.35,1,-1,-1,-1
508,135,1506.50,311.41,1659.81,635.11,1,-1,-1,-1
509,1,425.17,183.73,652.00,674.09,1,-1,-1,-1
509,98,1250.52,302.44,1395.14,614.23,1,-1,-1,-1
509,135,1501.90,308.86,1658.80,636.05,1,-1,-1,-1
510,1,917.17,247.36,1099.62,641.03,1,-1,-1,-1
510,98,1242.98,302.22,1387.57,613.97,1,-1,-1,-1
510,135,1495.56,311.33,1653.02,633.57,1,-1,-1,-1
511,1,1312.98,287.86,1476.42,635.40,1,-1,-1,-1
511,84,452.69,175.19,682.40,681.86,1,-1,-1,-1
511,98,1242.59,299.67,1389.64,616.27,1,-1,-1,-1
511,135,1490.20,312.50,1647.35,634.11,1,-1,-1,-1
512,1,1449.41,302.35,1606.70,633.32,1,-1,-1,-1
512,84,440.34,182.64,665.80,684.56,1,-1,-1,-1
512,98,1242.56,301.08,1388.51,615.42,1,-1,-1,-1
513,1,1489.48,309.67,1647.64,639.29,1,-1,-1,-1
513,84,443.86,190.41,662.56,680.18,1,-1,-1,-1
513,98,1243.09,306.24,1387.87,618.43,1,-1,-1,-1
514,1,1500.91,310.51,1661.88,644.73,1,-1,-1,-1
514,84,446.13,194.70,660.04,676.48,1,-1,-1,-1
514,98,1237.89,305.53,1384.17,621.54,1,-1,-1,-1
515,1,1503.65,316.95,1663.95,648.65,1,-1,-1,-1
515,84,449.37,201.63,657.08,671.07,1,-1,-1,-1
515,98,1235.53,305.91,1382.23,623.35,1,-1,-1,-1
516,1,1496.21,316.92,1659.70,653.32,1,-1,-1,-1
516,84,452.83,214.25,653.41,667.67,1,-1,-1,-1
516,98,1235.54,310.66,1381.66,627.31,1,-1,-1,-1
517,1,1337.22,315.67,1492.74,637.81,1,-1,-1,-1
517,84,456.64,213.50,658.68,671.81,1,-1,-1,-1
517,98,1231.05,311.38,1377.32,628.37,1,-1,-1,-1
518,1,1274.12,315.97,1425.05,630.24,1,-1,-1,-1
518,84,451.12,207.84,657.36,677.96,1,-1,-1,-1
518,135,1484.57,327.76,1646.03,657.34,1,-1,-1,-1
519,1,1251.28,317.50,1398.76,626.07,1,-1,-1,-1
519,84,454.52,202.39,660.44,674.99,1,-1,-1,-1
519,135,1489.50,322.30,1652.24,655.75,1,-1,-1,-1
520,1,1242.89,317.45,1389.44,624.53,1,-1,-1,-1
520,84,455.71,199.60,661.54,673.82,1,-1,-1,-1
520,135,1503.98,333.03,1659.30,651.93,1,-1,-1,-1
521,1,1244.07,313.47,1390.44,619.97,1,-1,-1,-1
521,84,459.10,187.97,668.73,674.68,1,-1,-1,-1
521,135,1517.36,328.32,1673.13,649.03,1,-1,-1,-1
522,1,722.48,218.05,927.92,654.95,1,-1,-1,-1
522,84,461.31,186.64,671.63,674.99,1,-1,-1,-1
522,135,1530.31,313.95,1689.29,642.63,1,-1,-1,-1
523,1,552.80,184.17,777.29,667.98,1,-1,-1,-1
523,98,1270.23,303.72,1415.02,614.22,1,-1,-1,-1
523,135,1545.20,310.53,1703.57,638.26,1,-1,-1,-1
524,1,479.85,185.00,701.19,665.97,1,-1,-1,-1
524,98,1273.12,303.84,1418.76,612.49,1,-1,-1,-1
524,135,1547.90,299.98,1711.80,636.58,1,-1,-1,-1
525,1,454.95,191.99,670.37,660.41,1,-1,-1,-1
525,98,1272.89,306.54,1421.14,617.26,1,-1,-1,-1
525,135,1554.06,301.94,1718.65,639.24,1,-1,-1,-1
526,1,452.65,199.22,664.61,661.88,1,-1,-1,-1
526,98,1277.14,308.87,1426.87,619.70,1,-1,-1,-1
526,135,1561.35,307.39,1726.52,644.23,1,-1,-1,-1
527,1,457.52,199.81,670.44,665.57,1,-1,-1,-1
527,98,1278.73,309.23,1428.38,619.87,1,-1,-1,-1
527,135,1571.26,306.21,1739.81,649.44,1,-1,-1,-1
528,1,464.47,197.13,680.18,669.49,1,-1,-1,-1
528,98,1294.50,308.35,1446.79,622.36,1,-1,-1,-1
528,135,1579.00,305.80,1749.64,652.04,1,-1,-1,-1
529,1,475.76,201.54,687.97,667.05,1,-1,-1,-1
529,98,1308.10,308.86,1460.72,622.26,1,-1,-1,-1
529,135,1588.59,309.60,1756.84,649.08,1,-1,-1,-1
530,1,482.32,201.74,694.09,667.26,1,-1,-1,-1
530,98,1312.45,309.12,1465.12,622.63,1,-1,-1,-1
530,135,1602.30,313.74,1766.90,645.24,1,-1,-1,-1
531,1,484.68,197.51,698.95,671.81,1,-1,-1,-1
531,135,1602.40,314.65,1766.56,643.78,1,-1,-1,-1
532,1,485.37,198.05,694.35,663.12,1,-1,-1,-1
532,135,1608.53,314.92,1772.51,643.70,1,-1,-1,-1
533,1,486.54,194.65,695.75,662.87,1,-1,-1,-1
533,98,1320.51,302.90,1472.84,615.11,1,-1,-1,-1
533,135,1594.61,306.43,1761.63,640.79,1,-1,-1,-1
534,1,491.71,200.74,692.88,654.89,1,-1,-1,-1
534,98,1324.40,302.50,1476.71,614.66,1,-1,-1,-1
534,135,1587.47,303.90,1755.78,640.80,1,-1,-1,-1
535,1,487.50,191.45,691.55,655.72,1,-1,-1,-1
535,98,1317.12,302.02,1468.06,613.25,1,-1,-1,-1
535,135,1590.24,303.03,1758.82,640.46,1,-1,-1,-1
536,1,486.42,201.18,682.61,651.44,1,-1,-1,-1
536,98,1312.35,305.26,1460.19,610.87,1,-1,-1,-1
536,161,1565.84,311.62,1740.40,646.92,1,-1,-1,-1
537,1,486.06,201.92,681.55,653.75,1,-1,-1,-1
537,98,1315.62,309.76,1462.37,615.39,1,-1,-1,-1
537,161,1569.46,317.35,1743.05,651.57,1,-1,-1,-1
538,1,1031.15,272.89,1186.91,631.52,1,-1,-1,-1
538,98,1317.59,310.24,1464.04,615.23,1,-1,-1,-1
538,161,1574.87,317.11,1750.20,655.97,1,-1,-1,-1
539,1,654.42,226.56,839.58,655.15,1,-1,-1,-1
539,98,1315.16,314.07,1464.42,626.76,1,-1,-1,-1
539,161,1108.98,403.57,1227.30,630.39,1,-1,-1,-1
540,1,551.11,220.47,738.59,655.49,1,-1,-1,-1
540,98,1316.61,314.92,1466.00,627.87,1,-1,-1,-1
540,135,1591.47,336.16,1758.65,672.45,1,-1,-1,-1
540,161,1020.90,421.41,1128.42,627.53,1,-1,-1,-1
541,1,526.14,218.17,715.08,656.59,1,-1,-1,-1
541,135,1595.50,342.99,1762.52,681.22,1,-1,-1,-1
542,1,494.74,217.52,693.56,677.27,1,-1,-1,-1
542,135,1591.30,345.92,1761.39,692.07,1,-1,-1,-1
543,1,483.74,215.79,687.76,684.12,1,-1,-1,-1
543,98,1320.52,338.33,1472.33,656.73,1,-1,-1,-1
543,135,1588.74,345.62,1761.23,697.98,1,-1,-1,-1
544,1,459.68,213.71,666.16,687.68,1,-1,-1,-1
544,98,1316.74,342.40,1467.66,658.71,1,-1,-1,-1
544,135,1586.57,343.45,1761.59,702.05,1,-1,-1,-1
545,84,666.94,245.41,846.33,657.16,1,-1,-1,-1
545,98,1311.41,345.11,1460.79,657.38,1,-1,-1,-1
545,135,1586.39,343.19,1761.66,702.81,1,-1,-1,-1
545,164,710.23,451.42,805.09,632.61,1,-1,-1,-1
546,84,676.44,253.29,852.05,650.05,1,-1,-1,-1
546,98,1308.38,340.04,1458.54,654.11,1,-1,-1,-1
546,135,1581.15,337.76,1757.60,699.66,1,-1,-1,-1
546,164,854.15,451.42,950.31,635.11,1,-1,-1,-1
547,84,685.75,256.51,859.27,648.54,1,-1,-1,-1
547,98,1308.26,342.07,1458.49,656.28,1,-1,-1,-1
547,135,1579.86,336.95,1755.30,697.67,1,-1,-1,-1
547,164,870.46,444.95,967.26,630.11,1,-1,-1,-1
548,1,451.71,205.94,660.59,682.18,1,-1,-1,-1
548,98,1295.36,335.46,1447.40,654.21,1,-1,-1,-1
548,135,1570.43,337.26,1744.26,694.82,1,-1,-1,-1
548,164,876.41,444.51,971.94,627.97,1,-1,-1,-1
549,1,444.14,207.43,652.02,679.18,1,-1,-1,-1
549,98,1287.19,333.50,1440.07,654.64,1,-1,-1,-1
549,135,1561.61,336.68,1735.41,694.29,1,-1,-1,-1
549,164,865.31,443.01,961.26,627.25,1,-1,-1,-1
550,1,442.78,213.21,647.14,673.57,1,-1,-1,-1
550,98,1285.39,334.10,1437.03,653.44,1,-1,-1,-1
550,135,1552.97,333.80,1728.92,696.01,1,-1,-1,-1
550,164,855.74,440.48,954.34,630.44,1,-1,-1,-1
551,1,441.08,216.09,647.69,680.08,1,-1,-1,-1
551,98,1285.36,334.96,1435.38,652.27,1,-1,-1,-1
551,135,1549.07,332.04,1726.59,697.25,1,-1,-1,-1
551,164,845.46,439.62,945.48,632.94,1,-1,-1,-1
552,1,447.89,227.08,649.82,681.80,1,-1,-1,-1
552,98,1285.73,335.91,1434.54,651.78,1,-1,-1,-1
552,135,1547.34,330.71,1726.12,698.97,1,-1,-1,-1
552,164,835.97,445.36,934.37,635.87,1,-1,-1,-1
553,1,453.42,235.96,649.53,679.06,1,-1,-1,-1
553,98,1283.97,336.71,1432.81,652.64,1,-1,-1,-1
553,135,1544.50,330.58,1724.16,700.65,1,-1,-1,-1
553,164,828.75,447.62,927.06,638.29,1,-1,-1,-1
554,1,458.19,249.96,646.96,675.97,1,-1,-1,-1
554,98,1291.77,341.79,1439.24,656.23,1,-1,-1,-1
554,135,1552.97,335.52,1731.12,704.40,1,-1,-1,-1
554,164,821.72,455.15,917.93,641.15,1,-1,-1,-1
555,1,459.09,251.02,648.39,678.84,1,-1,-1,-1
555,98,1290.98,343.04,1438.41,657.38,1,-1,-1,-1
555,135,1551.23,335.91,1730.11,706.28,1,-1,-1,-1
555,164,848.08,455.95,944.59,642.54,1,-1,-1,-1
556,1,460.67,255.31,647.41,676.52,1,-1,-1,-1
556,98,1293.63,343.27,1440.62,658.11,1,-1,-1,-1
556,164,807.73,452.22,910.54,650.29,1,-1,-1,-1
556,168,1563.91,340.91,1736.62,702.57,1,-1,-1,-1
557,1,456.45,260.14,643.73,680.99,1,-1,-1,-1
557,98,1293.17,344.42,1440.14,659.22,1,-1,-1,-1
557,164,799.03,458.14,901.33,653.47,1,-1,-1,-1
557,168,1567.50,343.10,1737.91,700.66,1,-1,-1,-1
557,167,1297.52,344.23,1439.12,658.25,1,-1,-1,-1
558,1,460.55,265.82,645.82,679.95,1,-1,-1,-1
558,164,794.53,460.34,897.11,655.24,1,-1,-1,-1
558,168,1566.82,340.02,1739.84,704.41,1,-1,-1,-1
558,167,1296.29,346.77,1440.40,665.51,1,-1,-1,-1
559,1,462.34,271.81,647.50,683.54,1,-1,-1,-1
559,164,795.08,470.37,892.22,655.17,1,-1,-1,-1
559,168,1576.83,345.23,1749.02,709.21,1,-1,-1,-1
559,167,1295.74,352.47,1440.91,672.05,1,-1,-1,-1
560,1,457.47,273.89,644.63,686.18,1,-1,-1,-1
560,164,787.66,470.11,886.98,659.73,1,-1,-1,-1
560,168,1579.28,349.12,1753.88,719.22,1,-1,-1,-1
560,167,1294.27,357.16,1442.98,681.90,1,-1,-1,-1
561,1,452.97,273.19,646.53,696.44,1,-1,-1,-1
561,164,786.03,475.91,884.34,663.97,1,-1,-1,-1
561,168,1581.40,357.24,1754.76,724.80,1,-1,-1,-1
561,167,1297.23,357.38,1449.04,687.37,1,-1,-1,-1
562,1,445.60,271.51,643.95,701.53,1,-1,-1,-1
562,164,783.78,476.72,883.38,667.48,1,-1,-1,-1
562,168,1580.31,356.75,1756.59,730.79,1,-1,-1,-1
562,167,1297.53,360.69,1452.02,694.60,1,-1,-1,-1
563,1,451.25,269.44,653.17,704.69,1,-1,-1,-1
563,164,783.52,476.29,883.23,667.39,1,-1,-1,-1
563,168,1588.70,359.80,1766.96,738.21,1,-1,-1,-1
563,167,1301.67,356.48,1459.02,693.78,1,-1,-1,-1
564,1,468.58,266.58,669.99,699.24,1,-1,-1,-1
564,164,791.01,471.43,891.50,664.62,1,-1,-1,-1
564,168,1594.62,353.52,1777.15,739.51,1,-1,-1,-1
564,167,1312.87,356.11,1470.50,691.29,1,-1,-1,-1
565,1,479.24,264.09,681.17,698.36,1,-1,-1,-1
565,164,795.27,470.85,894.71,661.52,1,-1,-1,-1
565,168,1606.36,351.73,1789.66,739.18,1,-1,-1,-1
565,167,1321.13,355.23,1480.66,690.83,1,-1,-1,-1
566,1,485.64,266.39,684.31,693.36,1,-1,-1,-1
566,164,796.79,470.58,895.45,659.59,1,-1,-1,-1
566,168,1611.40,356.27,1793.50,742.20,1,-1,-1,-1
566,167,1327.58,354.17,1489.50,691.87,1,-1,-1,-1
567,1,485.85,258.58,687.66,690.73,1,-1,-1,-1
567,164,797.97,471.77,894.63,657.50,1,-1,-1,-1
567,168,1616.04,359.26,1801.06,751.81,1,-1,-1,-1
567,167,1335.44,359.68,1497.02,694.80,1,-1,-1,-1
568,1,490.40,252.36,692.90,684.46,1,-1,-1,-1
568,164,797.72,467.53,894.55,654.01,1,-1,-1,-1
568,168,1618.05,366.25,1803.29,758.59,1,-1,-1,-1
568,167,1339.82,361.19,1501.92,697.40,1,-1,-1,-1
569,1,501.76,244.05,704.30,678.77,1,-1,-1,-1
569,164,802.85,466.59,897.58,649.39,1,-1,-1,-1
569,168,1626.70,370.82,1805.71,749.14,1,-1,-1,-1
569,167,1354.63,354.34,1518.25,692.97,1,-1,-1,-1
570,1,511.70,242.25,712.69,675.32,1,-1,-1,-1
570,164,809.57,468.23,901.54,646.31,1,-1,-1,-1
570,168,1638.63,367.10,1816.24,741.96,1,-1,-1,-1
570,167,1368.06,348.91,1531.64,687.51,1,-1,-1,-1
571,1,521.09,244.93,718.61,671.40,1,-1,-1,-1
571,164,807.57,464.14,899.74,642.49,1,-1,-1,-1
571,168,1651.39,362.99,1830.05,740.56,1,-1,-1,-1
571,167,1382.72,347.62,1544.86,684.21,1,-1,-1,-1
572,1,524.76,249.32,720.44,673.96,1,-1,-1,-1
572,164,807.56,468.62,898.08,643.12,1,-1,-1,-1
572,168,1657.64,355.44,1833.94,728.73,1,-1,-1,-1
572,167,1393.22,347.14,1554.26,682.93,1,-1,-1,-1
573,1,524.49,244.35,721.81,674.30,1,-1,-1,-1
573,164,800.08,462.27,893.85,642.74,1,-1,-1,-1
573,168,1663.44,350.54,1840.04,724.86,1,-1,-1,-1
573,167,1396.95,341.68,1557.44,679.12,1,-1,-1,-1
574,1,522.00,247.12,715.91,669.19,1,-1,-1,-1
574,164,791.58,457.33,888.09,643.93,1,-1,-1,-1
574,168,1668.64,344.74,1848.11,727.40,1,-1,-1,-1
574,167,1398.21,338.97,1558.23,677.68,1,-1,-1,-1
575,1,516.43,249.55,708.62,665.29,1,-1,-1,-1
575,164,783.93,451.55,881.06,640.50,1,-1,-1,-1
575,168,1670.00,337.33,1850.66,725.09,1,-1,-1,-1
575,167,1394.88,336.00,1551.90,669.89,1,-1,-1,-1
576,1,512.76,243.14,707.31,662.55,1,-1,-1,-1
576,164,771.76,451.98,870.43,643.78,1,-1,-1,-1
576,168,1662.60,331.26,1842.01,718.31,1,-1,-1,-1
576,167,1393.51,334.92,1549.02,666.94,1,-1,-1,-1
577,1,506.53,246.73,701.02,664.24,1,-1,-1,-1
577,164,767.02,449.58,865.17,641.14,1,-1,-1,-1
577,168,1655.41,325.72,1832.68,709.80,1,-1,-1,-1
577,167,1393.51,335.89,1547.05,664.55,1,-1,-1,-1
578,1,497.03,243.48,697.07,669.59,1,-1,-1,-1
578,164,760.14,446.74,859.10,641.46,1,-1,-1,-1
578,168,1643.86,319.74,1819.11,700.68,1,-1,-1,-1
578,167,1393.18,336.30,1545.61,663.04,1,-1,-1,-1
579,1,491.88,238.99,697.21,674.25,1,-1,-1,-1
579,164,752.18,443.75,853.11,643.57,1,-1,-1,-1
579,168,1639.58,319.58,1813.05,695.33,1,-1,-1,-1
579,167,1388.38,331.84,1540.83,658.54,1,-1,-1,-1
