3,6,485.96,547.11,556.99,713.85,1,-1,-1,-1
3,7,934.09,533.78,1007.69,706.42,1,-1,-1,-1
3,8,1032.76,510.80,1121.01,731.42,1,-1,-1,-1
3,9,1166.45,434.83,1327.76,819.38,1,-1,-1,-1
3,10,1494.35,570.03,1550.37,712.95,1,-1,-1,-1
3,11,1051.29,455.76,1199.94,813.21,1,-1,-1,-1
3,12,1340.41,560.00,1409.03,722.22,1,-1,-1,-1
3,13,1822.27,559.97,1893.94,710.79,1,-1,-1,-1
4,6,485.67,545.96,556.42,712.08,1,-1,-1,-1
4,7,934.21,533.25,1007.82,705.91,1,-1,-1,-1
4,8,1032.37,510.30,1120.84,731.67,1,-1,-1,-1
4,9,1164.67,425.18,1329.93,819.58,1,-1,-1,-1
4,10,1495.42,569.32,1551.98,713.63,1,-1,-1,-1
4,11,1055.48,461.17,1199.67,807.74,1,-1,-1,-1
4,12,1339.94,559.23,1409.02,722.74,1,-1,-1,-1
4,13,1821.90,559.90,1893.28,710.31,1,-1,-1,-1
5,6,485.42,544.73,556.02,710.50,1,-1,-1,-1
5,7,934.51,533.28,1007.81,705.19,1,-1,-1,-1
5,8,1032.46,510.86,1119.83,729.58,1,-1,-1,-1
5,9,1165.26,423.55,1330.08,817.50,1,-1,-1,-1
5,10,1497.20,569.30,1553.74,713.52,1,-1,-1,-1
5,11,1062.10,464.18,1203.80,804.74,1,-1,-1,-1
5,12,1339.83,556.79,1408.27,719.25,1,-1,-1,-1
5,13,1821.45,559.64,1893.04,710.48,1,-1,-1,-1
6,8,1028.59,511.03,1115.46,728.19,1,-1,-1,-1
6,9,1166.43,425.30,1329.08,814.69,1,-1,-1,-1
6,11,1064.24,466.42,1204.12,802.51,1,-1,-1,-1
6,12,1336.11,555.26,1404.56,718.07,1,-1,-1,-1
6,29,1642.00,612.02,1674.41,674.97,1,-1,-1,-1
7,8,1027.76,511.28,1114.11,727.16,1,-1,-1,-1
7,9,1166.90,426.04,1328.58,813.77,1,-1,-1,-1
7,11,1064.86,467.01,1204.74,802.65,1,-1,-1,-1
7,12,1334.51,554.77,1402.92,717.71,1,-1,-1,-1
7,29,1641.81,612.20,1673.94,674.61,1,-1,-1,-1
7,25,1810.50,560.74,1882.39,706.45,1,-1,-1,-1
7,23,1494.08,561.99,1553.94,713.22,1,-1,-1,-1
7,24,934.45,528.80,1006.57,702.18,1,-1,-1,-1
7,19,478.92,544.00,553.06,712.20,1,-1,-1,-1
8,9,1171.79,426.36,1332.63,813.50,1,-1,-1,-1
8,11,1068.89,465.69,1210.01,804.23,1,-1,-1,-1
8,12,1333.63,553.26,1402.76,718.32,1,-1,-1,-1
8,25,1807.53,554.79,1882.14,705.96,1,-1,-1,-1
8,23,1493.11,558.23,1554.94,714.47,1,-1,-1,-1
8,24,935.12,529.07,1006.70,701.11,1,-1,-1,-1
8,19,478.20,544.00,551.46,710.40,1,-1,-1,-1
9,9,1172.95,424.48,1334.65,814.84,1,-1,-1,-1
9,11,1069.52,463.74,1212.49,806.26,1,-1,-1,-1
9,12,1333.24,552.76,1402.18,717.90,1,-1,-1,-1
9,25,1810.81,553.64,1885.26,705.10,1,-1,-1,-1
9,23,1493.34,558.57,1554.71,713.47,1,-1,-1,-1
9,24,935.45,529.13,1006.61,700.07,1,-1,-1,-1
9,19,477.19,542.51,550.99,710.60,1,-1,-1,-1
9,21,1027.21,512.25,1113.81,726.97,1,-1,-1,-1
10,9,1174.52,425.18,1335.49,814.69,1,-1,-1,-1
10,11,1070.11,463.64,1213.49,806.39,1,-1,-1,-1
10,12,1333.54,553.29,1401.63,717.09,1,-1,-1,-1
10,25,1807.67,552.65,1882.34,704.84,1,-1,-1,-1
10,23,1494.02,558.20,1555.44,713.11,1,-1,-1,-1
10,24,935.13,528.40,1006.26,699.05,1,-1,-1,-1
10,19,473.46,541.31,547.85,710.70,1,-1,-1,-1
10,21,1027.16,512.83,1113.12,726.14,1,-1,-1,-1
11,9,1173.97,423.46,1336.16,816.69,1,-1,-1,-1
11,11,1074.84,464.22,1217.90,805.81,1,-1,-1,-1
11,12,1334.03,554.20,1401.12,716.15,1,-1,-1,-1
11,25,1806.19,551.00,1881.74,705.47,1,-1,-1,-1
11,23,1499.23,560.95,1558.36,710.20,1,-1,-1,-1
11,24,934.70,527.44,1006.45,699.45,1,-1,-1,-1
11,19,471.23,537.42,547.04,710.07,1,-1,-1,-1
11,21,1027.10,513.76,1112.20,725.16,1,-1,-1,-1
12,9,1173.62,422.86,1336.46,818.12,1,-1,-1,-1
12,11,1076.94,465.74,1218.99,804.30,1,-1,-1,-1
12,12,1334.40,554.57,1400.83,715.83,1,-1,-1,-1
12,25,1801.57,551.15,1876.85,705.04,1,-1,-1,-1
12,23,1500.65,559.27,1560.57,710.55,1,-1,-1,-1
12,24,934.20,526.40,1006.87,700.32,1,-1,-1,-1
12,19,470.56,540.15,545.36,710.55,1,-1,-1,-1
12,21,1026.97,514.05,1112.00,725.58,1,-1,-1,-1
13,9,1173.63,423.33,1336.35,818.67,1,-1,-1,-1
13,11,1077.51,466.26,1219.39,803.77,1,-1,-1,-1
13,12,1334.05,554.06,1400.59,716.40,1,-1,-1,-1
13,25,1798.59,549.26,1875.74,706.93,1,-1,-1,-1
13,23,1500.74,557.36,1562.37,712.05,1,-1,-1,-1
13,24,933.01,524.00,1007.33,701.34,1,-1,-1,-1
13,19,470.21,541.23,544.28,710.07,1,-1,-1,-1
13,21,1026.14,513.43,1111.34,725.76,1,-1,-1,-1
14,9,1180.01,428.20,1338.49,814.23,1,-1,-1,-1
14,11,1078.78,467.08,1219.63,801.61,1,-1,-1,-1
14,12,1329.70,551.89,1397.46,717.31,1,-1,-1,-1
14,25,1798.21,549.94,1874.73,706.31,1,-1,-1,-1
14,23,1500.69,555.36,1563.71,712.62,1,-1,-1,-1
14,24,932.56,522.45,1008.20,702.40,1,-1,-1,-1
14,19,469.33,538.26,544.08,709.23,1,-1,-1,-1
14,21,1025.65,512.50,1111.32,726.53,1,-1,-1,-1
15,9,1183.24,430.74,1339.08,811.22,1,-1,-1,-1
15,11,1081.42,459.31,1225.40,801.51,1,-1,-1,-1
15,12,1328.17,551.75,1395.57,716.34,1,-1,-1,-1
15,25,1797.66,549.60,1874.26,706.74,1,-1,-1,-1
15,23,1503.63,550.01,1568.48,711.52,1,-1,-1,-1
15,24,931.90,521.23,1008.34,702.80,1,-1,-1,-1
15,19,465.92,537.18,541.15,708.94,1,-1,-1,-1
15,21,1022.13,512.16,1107.87,726.13,1,-1,-1,-1
16,9,1184.39,431.68,1339.24,810.12,1,-1,-1,-1
16,11,1083.56,458.41,1226.90,798.87,1,-1,-1,-1
16,12,1326.43,546.42,1395.43,715.32,1,-1,-1,-1
16,25,1795.95,548.56,1873.03,706.70,1,-1,-1,-1
16,23,1504.19,547.38,1570.10,711.10,1,-1,-1,-1
16,24,932.49,522.13,1008.22,701.62,1,-1,-1,-1
16,19,464.19,536.81,539.26,708.18,1,-1,-1,-1
16,21,1021.24,511.36,1105.54,721.26,1,-1,-1,-1
17,9,1185.75,433.35,1338.94,808.42,1,-1,-1,-1
17,11,1088.55,456.74,1231.73,797.90,1,-1,-1,-1
17,12,1325.88,546.41,1394.03,713.64,1,-1,-1,-1
17,23,1504.91,547.11,1570.76,710.30,1,-1,-1,-1
17,24,931.03,517.84,1008.54,701.84,1,-1,-1,-1
17,19,463.31,536.70,538.23,707.91,1,-1,-1,-1
17,21,1020.23,509.71,1104.76,720.14,1,-1,-1,-1
18,9,1185.86,433.29,1338.46,807.81,1,-1,-1,-1
18,11,1090.94,456.12,1233.51,796.92,1,-1,-1,-1
18,12,1325.98,546.47,1393.28,712.35,1,-1,-1,-1
18,23,1504.99,546.43,1571.09,710.00,1,-1,-1,-1
18,24,930.88,517.59,1008.26,701.27,1,-1,-1,-1
18,19,462.48,536.69,537.13,707.83,1,-1,-1,-1
18,21,1018.85,507.77,1104.21,720.43,1,-1,-1,-1
18,28,1800.82,550.02,1874.17,708.00,1,-1,-1,-1
19,9,1186.01,432.58,1338.76,808.29,1,-1,-1,-1
19,11,1093.29,455.24,1233.20,790.63,1,-1,-1,-1
19,12,1326.63,546.52,1393.13,711.23,1,-1,-1,-1
19,23,1505.59,547.56,1571.22,709.24,1,-1,-1,-1
19,24,931.74,520.84,1007.91,701.05,1,-1,-1,-1
19,19,458.45,535.38,533.89,707.81,1,-1,-1,-1
19,21,1014.41,506.40,1100.68,720.57,1,-1,-1,-1
19,28,1800.85,552.34,1871.81,705.71,1,-1,-1,-1
20,9,1192.32,436.28,1341.16,804.52,1,-1,-1,-1
20,11,1095.05,456.26,1232.65,786.31,1,-1,-1,-1
20,12,1326.94,547.24,1392.41,710.17,1,-1,-1,-1
20,25,1793.69,550.43,1868.81,706.05,1,-1,-1,-1
20,23,1505.93,548.72,1571.05,708.30,1,-1,-1,-1
20,24,930.36,517.46,1008.16,701.64,1,-1,-1,-1
20,19,457.15,534.25,532.57,706.50,1,-1,-1,-1
20,21,1013.18,505.91,1099.65,719.99,1,-1,-1,-1
20,28,1800.79,553.27,1870.94,704.91,1,-1,-1,-1
21,9,1194.08,432.98,1341.94,799.79,1,-1,-1,-1
21,11,1098.86,455.32,1236.46,786.11,1,-1,-1,-1
21,12,1323.59,547.54,1388.37,709.14,1,-1,-1,-1
21,25,1792.72,549.99,1867.30,706.69,1,-1,-1,-1
21,23,1505.78,547.89,1571.85,708.62,1,-1,-1,-1
21,24,930.39,516.88,1008.36,701.20,1,-1,-1,-1
21,19,454.88,532.52,531.33,707.34,1,-1,-1,-1
21,21,1012.24,505.75,1098.51,719.13,1,-1,-1,-1
22,9,1195.18,431.74,1342.35,797.42,1,-1,-1,-1
22,11,1100.44,454.32,1238.22,786.10,1,-1,-1,-1
22,12,1323.02,548.34,1386.90,708.12,1,-1,-1,-1
22,25,1792.53,550.50,1865.33,705.57,1,-1,-1,-1
22,23,1505.41,546.29,1573.05,709.42,1,-1,-1,-1
22,24,930.17,516.03,1008.68,701.04,1,-1,-1,-1
22,19,451.01,531.90,528.06,707.67,1,-1,-1,-1
22,21,1011.63,505.72,1097.78,718.83,1,-1,-1,-1
23,9,1195.53,429.94,1343.13,797.26,1,-1,-1,-1
23,11,1100.95,453.30,1239.44,786.82,1,-1,-1,-1
23,12,1322.02,547.99,1385.72,707.30,1,-1,-1,-1
23,25,1788.80,550.05,1860.37,703.82,1,-1,-1,-1
23,23,1505.49,545.72,1573.90,709.07,1,-1,-1,-1
23,24,929.63,513.76,1009.94,702.30,1,-1,-1,-1
23,19,449.48,533.01,525.68,706.49,1,-1,-1,-1
23,21,1011.17,505.73,1097.18,718.74,1,-1,-1,-1
24,9,1201.04,431.92,1345.92,794.60,1,-1,-1,-1
24,11,1101.46,453.59,1240.09,787.15,1,-1,-1,-1
24,25,1780.50,543.24,1854.88,704.50,1,-1,-1,-1
24,23,1504.69,544.89,1574.31,709.61,1,-1,-1,-1
24,24,929.58,513.59,1010.25,702.12,1,-1,-1,-1
24,19,449.13,534.13,524.04,704.72,1,-1,-1,-1
24,21,1009.93,500.45,1098.10,719.39,1,-1,-1,-1
25,9,1203.65,432.67,1347.00,793.67,1,-1,-1,-1
25,11,1101.90,455.05,1239.91,786.01,1,-1,-1,-1
25,25,1772.54,538.14,1849.35,705.40,1,-1,-1,-1
25,23,1503.95,543.30,1575.52,710.47,1,-1,-1,-1
25,24,929.19,511.59,1011.41,702.71,1,-1,-1,-1
25,19,448.13,534.58,522.44,704.08,1,-1,-1,-1
25,21,1006.68,499.80,1094.75,717.69,1,-1,-1,-1
26,9,1204.69,432.95,1347.22,793.38,1,-1,-1,-1
26,11,1105.83,455.61,1243.90,786.28,1,-1,-1,-1
26,25,1765.02,535.56,1843.38,706.41,1,-1,-1,-1
26,23,1507.27,538.80,1580.18,708.19,1,-1,-1,-1
26,24,929.16,510.86,1011.72,701.62,1,-1,-1,-1
26,19,445.16,534.76,519.91,704.52,1,-1,-1,-1
26,21,1005.10,499.60,1093.21,717.05,1,-1,-1,-1
27,9,1205.49,434.37,1347.44,793.33,1,-1,-1,-1
27,11,1109.02,463.12,1244.86,787.09,1,-1,-1,-1
27,25,1757.85,535.26,1836.43,706.16,1,-1,-1,-1
27,23,1509.31,537.78,1582.45,706.66,1,-1,-1,-1
27,24,933.29,511.28,1015.60,701.20,1,-1,-1,-1
27,19,443.49,534.17,518.99,705.36,1,-1,-1,-1
27,21,1005.06,500.88,1092.18,715.51,1,-1,-1,-1
28,9,1210.20,435.56,1351.64,793.36,1,-1,-1,-1
28,11,1113.39,464.62,1249.90,789.44,1,-1,-1,-1
28,25,1754.60,534.56,1833.14,705.40,1,-1,-1,-1
28,23,1514.14,538.10,1586.43,705.43,1,-1,-1,-1
28,24,936.16,513.46,1016.42,698.40,1,-1,-1,-1
28,19,441.15,528.68,519.17,705.69,1,-1,-1,-1
28,21,1005.09,502.07,1091.18,714.28,1,-1,-1,-1
29,9,1213.31,442.64,1352.43,794.09,1,-1,-1,-1
29,11,1115.05,463.82,1252.90,791.00,1,-1,-1,-1
29,25,1748.98,533.70,1828.02,705.11,1,-1,-1,-1
29,23,1515.93,537.62,1588.55,705.64,1,-1,-1,-1
29,24,938.12,514.99,1017.15,696.68,1,-1,-1,-1
29,19,441.03,530.54,518.57,706.48,1,-1,-1,-1
29,21,1005.17,502.54,1090.83,713.85,1,-1,-1,-1
30,9,1220.09,447.95,1356.31,792.40,1,-1,-1,-1
30,11,1119.07,458.21,1258.40,788.95,1,-1,-1,-1
30,25,1746.65,532.77,1826.50,705.66,1,-1,-1,-1
30,23,1521.21,538.14,1593.20,705.08,1,-1,-1,-1
30,24,942.59,516.24,1020.97,696.72,1,-1,-1,-1
30,19,441.20,531.31,518.28,706.13,1,-1,-1,-1
30,21,1006.20,508.04,1089.12,713.05,1,-1,-1,-1
31,9,1222.35,449.20,1357.87,791.81,1,-1,-1,-1
31,11,1122.19,463.32,1259.36,788.19,1,-1,-1,-1
31,25,1741.58,532.46,1821.86,705.87,1,-1,-1,-1
31,23,1524.39,539.04,1595.65,704.22,1,-1,-1,-1
31,24,945.70,517.38,1023.53,696.75,1,-1,-1,-1
31,19,440.44,528.31,518.45,705.34,1,-1,-1,-1
31,21,1006.79,510.80,1088.37,712.79,1,-1,-1,-1
32,9,1228.24,451.60,1361.91,789.63,1,-1,-1,-1
32,11,1123.58,461.95,1259.95,783.92,1,-1,-1,-1
32,25,1739.35,532.39,1819.99,705.96,1,-1,-1,-1
32,23,1525.88,540.75,1596.13,703.25,1,-1,-1,-1
32,24,950.73,518.47,1027.20,695.45,1,-1,-1,-1
32,19,441.21,531.15,518.20,705.71,1,-1,-1,-1
32,21,1006.34,510.46,1088.16,713.38,1,-1,-1,-1
33,9,1230.52,452.43,1363.82,788.85,1,-1,-1,-1
33,11,1128.75,461.42,1264.64,781.69,1,-1,-1,-1
33,25,1738.65,533.07,1818.74,705.33,1,-1,-1,-1
33,23,1530.51,540.75,1600.07,702.24,1,-1,-1,-1
33,24,953.67,519.55,1028.73,693.65,1,-1,-1,-1
33,19,440.67,528.29,518.40,704.53,1,-1,-1,-1
33,21,1003.06,510.99,1084.61,712.29,1,-1,-1,-1
33,33,1432.26,532.66,1486.98,693.34,1,-1,-1,-1
34,9,1236.27,449.34,1368.78,783.93,1,-1,-1,-1
34,11,1134.87,460.54,1270.67,780.89,1,-1,-1,-1
34,25,1734.61,534.69,1813.74,703.77,1,-1,-1,-1
34,23,1532.42,540.77,1601.88,701.88,1,-1,-1,-1
34,24,955.40,520.61,1029.21,691.66,1,-1,-1,-1
34,19,442.00,531.84,518.32,704.76,1,-1,-1,-1
34,21,1001.35,511.16,1083.15,712.57,1,-1,-1,-1
34,33,1432.30,531.17,1488.23,694.83,1,-1,-1,-1
35,9,1237.88,446.79,1370.97,782.81,1,-1,-1,-1
35,11,1141.59,459.55,1277.56,780.62,1,-1,-1,-1
35,25,1732.32,534.01,1812.22,703.85,1,-1,-1,-1
35,23,1533.80,542.12,1602.38,700.45,1,-1,-1,-1
35,24,960.28,520.99,1033.05,690.28,1,-1,-1,-1
35,19,442.26,533.22,517.96,704.85,1,-1,-1,-1
35,21,1004.45,508.55,1086.26,711.37,1,-1,-1,-1
35,33,1436.11,530.01,1492.84,695.27,1,-1,-1,-1
36,9,1242.92,446.48,1376.45,783.11,1,-1,-1,-1
36,11,1143.98,458.51,1280.72,781.23,1,-1,-1,-1
36,25,1732.10,534.44,1811.89,703.23,1,-1,-1,-1
36,23,1538.29,541.98,1607.10,700.60,1,-1,-1,-1
36,24,962.16,519.78,1035.60,691.14,1,-1,-1,-1
36,19,442.65,534.41,517.60,704.23,1,-1,-1,-1
36,21,1006.22,510.87,1086.89,712.26,1,-1,-1,-1
36,33,1437.95,530.37,1494.61,694.65,1,-1,-1,-1
37,9,1244.71,445.67,1379.06,783.28,1,-1,-1,-1
37,11,1143.45,451.51,1283.07,780.82,1,-1,-1,-1
37,25,1732.66,535.29,1812.04,703.00,1,-1,-1,-1
37,23,1540.62,543.26,1608.70,699.35,1,-1,-1,-1
37,24,963.12,519.99,1036.80,692.15,1,-1,-1,-1
37,19,441.67,530.20,517.98,703.34,1,-1,-1,-1
37,21,1003.74,513.07,1083.02,710.63,1,-1,-1,-1
37,33,1438.83,531.26,1495.57,694.38,1,-1,-1,-1
38,9,1249.70,445.35,1384.10,782.73,1,-1,-1,-1
38,11,1148.17,453.49,1288.02,783.32,1,-1,-1,-1
38,25,1732.68,535.64,1811.86,702.92,1,-1,-1,-1
38,23,1545.69,543.75,1613.59,698.90,1,-1,-1,-1
38,24,966.27,517.41,1041.61,694.54,1,-1,-1,-1
38,19,441.49,529.29,517.98,703.02,1,-1,-1,-1
38,21,1005.05,507.86,1086.05,711.37,1,-1,-1,-1
38,33,1438.64,530.24,1496.98,696.32,1,-1,-1,-1
39,9,1256.59,446.54,1390.05,781.90,1,-1,-1,-1
39,11,1149.67,453.62,1290.61,785.62,1,-1,-1,-1
39,25,1731.94,535.11,1811.39,703.56,1,-1,-1,-1
39,23,1547.61,544.60,1615.86,699.43,1,-1,-1,-1
39,24,967.06,515.13,1043.67,696.10,1,-1,-1,-1
39,19,441.21,528.30,518.24,703.57,1,-1,-1,-1
39,21,1001.84,505.29,1084.31,712.31,1,-1,-1,-1
39,33,1438.54,529.89,1498.10,697.68,1,-1,-1,-1
40,9,1259.69,447.64,1392.19,780.96,1,-1,-1,-1
40,11,1154.46,454.35,1295.04,785.85,1,-1,-1,-1
40,25,1727.54,534.93,1807.58,704.47,1,-1,-1,-1
40,23,1551.97,542.92,1621.52,700.31,1,-1,-1,-1
40,24,967.83,514.26,1045.16,697.36,1,-1,-1,-1
40,19,441.16,527.94,518.31,703.78,1,-1,-1,-1
40,21,1001.26,508.25,1083.04,713.34,1,-1,-1,-1
40,33,1437.97,528.44,1499.62,700.17,1,-1,-1,-1
41,9,1260.00,446.71,1393.56,781.98,1,-1,-1,-1
41,11,1155.54,452.67,1297.86,788.57,1,-1,-1,-1
41,25,1720.81,534.21,1801.47,704.82,1,-1,-1,-1
41,23,1554.26,542.95,1624.10,699.99,1,-1,-1,-1
41,24,968.25,513.94,1046.09,698.49,1,-1,-1,-1
41,19,441.20,527.82,518.33,703.87,1,-1,-1,-1
41,21,1001.26,510.07,1082.38,713.74,1,-1,-1,-1
41,33,1441.77,528.58,1504.04,700.41,1,-1,-1,-1
42,9,1262.29,455.61,1392.34,781.07,1,-1,-1,-1
42,11,1154.62,449.42,1300.04,792.88,1,-1,-1,-1
42,25,1717.64,533.29,1799.30,706.27,1,-1,-1,-1
42,23,1558.78,542.96,1628.49,699.89,1,-1,-1,-1
42,24,971.74,512.53,1050.84,700.23,1,-1,-1,-1
42,19,440.76,527.80,518.16,704.57,1,-1,-1,-1
42,21,1000.99,510.08,1082.46,714.56,1,-1,-1,-1
42,33,1442.81,527.34,1506.72,701.78,1,-1,-1,-1
43,9,1267.56,458.97,1396.54,781.43,1,-1,-1,-1
43,11,1160.14,455.39,1303.94,795.15,1,-1,-1,-1
43,25,1712.39,532.96,1794.19,706.16,1,-1,-1,-1
43,23,1560.46,542.31,1630.61,699.86,1,-1,-1,-1
43,24,976.71,510.70,1058.03,703.49,1,-1,-1,-1
43,19,441.37,530.43,518.00,705.50,1,-1,-1,-1
43,21,1000.43,510.25,1081.86,714.61,1,-1,-1,-1
43,33,1443.96,526.69,1508.47,702.76,1,-1,-1,-1
44,9,1273.22,459.49,1402.17,782.26,1,-1,-1,-1
44,11,1162.69,458.39,1305.41,795.34,1,-1,-1,-1
44,25,1710.35,533.51,1792.48,707.42,1,-1,-1,-1
44,23,1561.25,541.40,1632.36,700.52,1,-1,-1,-1
44,24,978.35,508.72,1061.53,705.37,1,-1,-1,-1
44,19,441.75,532.11,517.83,705.85,1,-1,-1,-1
44,33,1448.04,526.79,1513.25,703.17,1,-1,-1,-1
45,9,1275.69,459.63,1405.00,783.26,1,-1,-1,-1
45,11,1163.87,460.85,1305.52,794.72,1,-1,-1,-1
45,25,1709.37,533.73,1790.95,707.24,1,-1,-1,-1
45,23,1565.58,542.39,1636.03,700.78,1,-1,-1,-1
45,24,980.49,507.93,1064.36,706.20,1,-1,-1,-1
45,19,441.78,532.75,517.90,706.65,1,-1,-1,-1
45,21,983.14,507.56,1063.90,708.19,1,-1,-1,-1
45,33,1448.68,526.07,1514.92,703.35,1,-1,-1,-1
46,9,1277.00,460.96,1406.08,782.98,1,-1,-1,-1
46,11,1169.00,461.77,1309.92,793.79,1,-1,-1,-1
46,25,1705.57,533.82,1786.77,706.50,1,-1,-1,-1
46,23,1567.14,542.11,1637.95,701.54,1,-1,-1,-1
46,19,442.05,533.64,517.69,706.28,1,-1,-1,-1
46,21,983.62,506.44,1065.45,709.25,1,-1,-1,-1
46,33,1448.87,525.82,1516.16,704.07,1,-1,-1,-1
47,9,1278.90,468.72,1404.83,782.23,1,-1,-1,-1
47,11,1170.35,461.43,1311.94,794.75,1,-1,-1,-1
47,25,1704.45,535.85,1784.42,706.21,1,-1,-1,-1
47,23,1568.54,547.27,1637.67,702.50,1,-1,-1,-1
47,19,441.86,533.97,517.26,706.13,1,-1,-1,-1
47,21,985.27,507.39,1067.12,709.60,1,-1,-1,-1
47,33,1450.21,525.28,1518.02,704.89,1,-1,-1,-1
48,9,1284.45,472.92,1407.96,780.61,1,-1,-1,-1
48,11,1170.60,460.63,1312.74,795.09,1,-1,-1,-1
48,25,1704.03,537.29,1783.09,706.10,1,-1,-1,-1
48,23,1569.46,549.25,1638.24,702.86,1,-1,-1,-1
48,19,441.52,534.74,516.71,706.74,1,-1,-1,-1
48,21,989.51,509.74,1070.89,711.74,1,-1,-1,-1
48,35,1446.77,524.87,1517.32,704.09,1,-1,-1,-1
49,9,1287.46,477.07,1408.59,778.69,1,-1,-1,-1
49,11,1171.19,460.97,1313.00,794.54,1,-1,-1,-1
49,25,1698.88,536.50,1778.50,706.72,1,-1,-1,-1
49,23,1572.72,549.30,1642.69,704.99,1,-1,-1,-1
49,19,441.93,535.69,516.65,706.96,1,-1,-1,-1
49,21,991.19,509.97,1072.98,713.87,1,-1,-1,-1
49,35,1446.29,524.12,1517.83,704.82,1,-1,-1,-1
50,9,1292.45,478.51,1412.78,778.01,1,-1,-1,-1
50,11,1175.95,462.41,1316.30,792.99,1,-1,-1,-1
50,25,1697.51,537.52,1775.75,705.62,1,-1,-1,-1
50,23,1573.85,548.64,1644.93,705.77,1,-1,-1,-1
50,19,441.98,536.69,516.08,707.04,1,-1,-1,-1
50,21,992.17,512.02,1073.47,715.34,1,-1,-1,-1
50,35,1445.67,523.87,1517.76,705.07,1,-1,-1,-1
51,9,1294.43,478.95,1414.63,777.78,1,-1,-1,-1
51,11,1179.66,466.26,1316.77,789.07,1,-1,-1,-1
51,25,1693.53,538.56,1770.44,703.88,1,-1,-1,-1
51,23,1573.73,547.71,1646.80,708.03,1,-1,-1,-1
51,19,441.68,536.39,515.55,706.40,1,-1,-1,-1
51,21,992.57,511.47,1074.34,716.55,1,-1,-1,-1
51,35,1445.39,523.12,1518.45,705.83,1,-1,-1,-1
52,9,1296.39,481.69,1414.53,775.05,1,-1,-1,-1
52,11,1184.22,464.35,1322.24,790.27,1,-1,-1,-1
52,25,1690.88,538.28,1767.16,703.22,1,-1,-1,-1
52,23,1578.09,547.34,1651.47,708.22,1,-1,-1,-1
52,19,442.10,537.59,515.49,706.82,1,-1,-1,-1
52,21,992.20,510.60,1074.56,717.65,1,-1,-1,-1
52,35,1445.31,523.55,1518.69,706.09,1,-1,-1,-1
53,9,1300.05,477.92,1420.71,777.42,1,-1,-1,-1
53,11,1191.13,461.64,1328.13,786.08,1,-1,-1,-1
53,25,1685.26,537.50,1762.15,704.32,1,-1,-1,-1
53,23,1579.84,547.19,1653.65,708.26,1,-1,-1,-1
53,19,442.01,537.36,515.07,706.31,1,-1,-1,-1
53,21,992.11,510.26,1074.61,718.05,1,-1,-1,-1
53,35,1445.58,523.73,1519.14,705.49,1,-1,-1,-1
54,9,1301.24,475.83,1423.63,778.96,1,-1,-1,-1
54,11,1195.19,467.23,1329.35,785.17,1,-1,-1,-1
54,25,1683.53,538.53,1759.45,704.07,1,-1,-1,-1
54,23,1585.80,547.78,1658.88,706.94,1,-1,-1,-1
54,19,442.16,537.92,514.74,706.11,1,-1,-1,-1
54,21,988.06,509.46,1071.43,718.84,1,-1,-1,-1
54,35,1445.54,523.81,1519.44,705.25,1,-1,-1,-1
55,9,1304.41,468.38,1430.37,779.56,1,-1,-1,-1
55,11,1201.86,472.00,1332.40,782.18,1,-1,-1,-1
55,25,1684.40,540.90,1758.51,703.32,1,-1,-1,-1
55,23,1588.72,549.33,1660.67,705.10,1,-1,-1,-1
55,19,442.14,538.11,514.70,706.70,1,-1,-1,-1
55,21,987.01,510.47,1069.76,717.81,1,-1,-1,-1
55,35,1445.28,523.19,1519.79,705.15,1,-1,-1,-1
56,9,1310.26,466.20,1436.60,778.49,1,-1,-1,-1
56,11,1205.96,475.75,1333.65,779.08,1,-1,-1,-1
56,25,1684.24,541.12,1757.57,703.04,1,-1,-1,-1
56,23,1594.31,549.90,1665.29,703.72,1,-1,-1,-1
56,19,442.69,538.83,514.81,706.92,1,-1,-1,-1
56,21,986.14,510.86,1068.33,716.73,1,-1,-1,-1
56,35,1444.94,522.96,1520.15,705.77,1,-1,-1,-1
57,9,1312.29,463.39,1440.26,779.40,1,-1,-1,-1
57,11,1211.86,477.76,1338.21,777.98,1,-1,-1,-1
57,25,1680.50,541.18,1753.79,703.61,1,-1,-1,-1
57,23,1595.20,544.10,1668.64,703.21,1,-1,-1,-1
57,24,1018.74,518.49,1093.07,698.45,1,-1,-1,-1
57,19,442.45,537.76,514.64,706.34,1,-1,-1,-1
57,21,986.38,512.32,1067.27,714.99,1,-1,-1,-1
57,35,1444.89,522.23,1520.87,706.00,1,-1,-1,-1
58,9,1317.54,462.99,1445.46,779.09,1,-1,-1,-1
58,11,1213.71,477.77,1340.61,778.96,1,-1,-1,-1
58,25,1678.66,541.85,1751.00,703.17,1,-1,-1,-1
58,23,1599.99,543.27,1673.13,701.72,1,-1,-1,-1
58,24,1025.47,519.72,1097.50,697.31,1,-1,-1,-1
58,19,442.28,537.34,514.67,706.78,1,-1,-1,-1
58,21,985.91,512.20,1066.84,714.99,1,-1,-1,-1
58,35,1448.61,523.28,1524.01,705.41,1,-1,-1,-1
59,9,1319.13,462.19,1447.59,778.98,1,-1,-1,-1
59,11,1219.49,481.05,1344.16,776.69,1,-1,-1,-1
59,25,1675.13,543.42,1745.71,701.01,1,-1,-1,-1
59,23,1601.75,541.64,1676.01,702.47,1,-1,-1,-1
59,24,1027.70,518.72,1099.25,697.67,1,-1,-1,-1
59,19,442.46,536.52,515.11,706.29,1,-1,-1,-1
59,21,985.75,512.15,1066.70,714.99,1,-1,-1,-1
59,35,1450.40,523.70,1525.48,704.52,1,-1,-1,-1
60,9,1324.53,461.91,1453.22,778.94,1,-1,-1,-1
60,11,1223.79,490.27,1344.39,775.21,1,-1,-1,-1
60,25,1673.20,543.99,1742.54,699.54,1,-1,-1,-1
60,23,1607.83,546.95,1679.36,702.10,1,-1,-1,-1
60,24,1028.36,518.34,1099.85,697.81,1,-1,-1,-1
60,19,442.49,536.20,515.32,706.10,1,-1,-1,-1
60,21,986.04,512.78,1066.36,714.33,1,-1,-1,-1
60,35,1451.48,524.53,1526.23,704.18,1,-1,-1,-1
61,9,1330.51,461.16,1459.73,779.60,1,-1,-1,-1
61,11,1229.17,492.25,1349.17,775.39,1,-1,-1,-1
61,25,1667.86,541.50,1738.86,701.02,1,-1,-1,-1
61,23,1610.56,549.70,1680.61,701.97,1,-1,-1,-1
61,24,1033.53,519.53,1103.60,697.20,1,-1,-1,-1
61,19,442.35,535.42,515.55,706.02,1,-1,-1,-1
61,21,986.20,512.35,1066.22,713.42,1,-1,-1,-1
61,35,1451.99,524.18,1527.03,704.05,1,-1,-1,-1
62,9,1333.36,463.52,1461.34,777.87,1,-1,-1,-1
62,11,1236.04,494.90,1354.47,774.15,1,-1,-1,-1
62,25,1665.69,540.58,1736.54,700.25,1,-1,-1,-1
62,23,1610.93,546.03,1682.14,700.59,1,-1,-1,-1
62,24,1035.10,517.95,1105.81,697.65,1,-1,-1,-1
62,19,442.69,535.12,515.92,705.34,1,-1,-1,-1
62,21,985.93,512.18,1065.89,713.08,1,-1,-1,-1
62,35,1451.61,523.38,1527.19,704.00,1,-1,-1,-1
63,9,1334.32,463.78,1463.07,777.88,1,-1,-1,-1
63,11,1239.04,496.45,1356.34,772.38,1,-1,-1,-1
63,25,1661.01,539.56,1732.50,700.64,1,-1,-1,-1
63,23,1614.89,546.65,1687.30,704.05,1,-1,-1,-1
63,24,1035.29,516.69,1106.82,698.49,1,-1,-1,-1
63,19,443.59,534.35,517.27,705.08,1,-1,-1,-1
63,21,982.43,509.46,1062.56,710.31,1,-1,-1,-1
63,35,1451.43,522.42,1527.90,704.65,1,-1,-1,-1
64,9,1338.85,463.88,1467.88,777.89,1,-1,-1,-1
64,11,1238.76,490.20,1358.78,771.77,1,-1,-1,-1
64,25,1659.85,541.15,1729.26,698.15,1,-1,-1,-1
64,23,1621.12,548.20,1692.85,704.71,1,-1,-1,-1
64,24,1034.71,514.88,1107.65,699.48,1,-1,-1,-1
64,19,443.98,534.72,517.72,704.99,1,-1,-1,-1
64,21,981.42,509.75,1061.05,708.62,1,-1,-1,-1
64,35,1455.89,523.39,1531.50,703.57,1,-1,-1,-1
65,9,1345.15,465.25,1473.43,776.58,1,-1,-1,-1
65,11,1243.09,487.86,1364.32,771.58,1,-1,-1,-1
65,25,1659.30,543.09,1727.09,697.22,1,-1,-1,-1
65,23,1623.09,544.82,1695.13,702.31,1,-1,-1,-1
65,24,1034.49,513.55,1108.44,699.85,1,-1,-1,-1
65,19,444.06,534.87,517.94,704.96,1,-1,-1,-1
65,21,980.56,510.54,1059.70,707.33,1,-1,-1,-1
65,35,1458.07,524.43,1533.00,703.16,1,-1,-1,-1
66,9,1346.92,464.44,1476.50,777.42,1,-1,-1,-1
66,11,1248.72,486.26,1370.75,771.55,1,-1,-1,-1
66,25,1656.71,543.42,1724.12,696.67,1,-1,-1,-1
66,23,1624.38,544.21,1695.86,700.75,1,-1,-1,-1
66,24,1033.81,511.74,1109.18,700.65,1,-1,-1,-1
66,19,444.19,534.93,518.59,705.61,1,-1,-1,-1
66,21,979.84,512.17,1059.66,710.21,1,-1,-1,-1
66,28,1660.59,546.01,1728.44,698.00,1,-1,-1,-1
66,35,1459.49,525.48,1533.56,702.35,1,-1,-1,-1
67,9,1353.18,466.12,1481.71,775.76,1,-1,-1,-1
67,11,1254.81,484.30,1378.20,772.89,1,-1,-1,-1
67,25,1641.70,542.37,1711.32,699.96,1,-1,-1,-1
67,23,1627.34,543.96,1698.81,700.47,1,-1,-1,-1
67,24,1037.66,511.72,1113.09,700.29,1,-1,-1,-1
67,19,444.37,536.28,518.02,704.54,1,-1,-1,-1
67,21,979.21,513.43,1058.74,710.63,1,-1,-1,-1
67,28,1657.38,545.80,1725.27,697.87,1,-1,-1,-1
67,35,1464.41,527.21,1537.27,702.05,1,-1,-1,-1
68,9,1360.25,468.75,1487.29,773.81,1,-1,-1,-1
68,11,1257.82,484.87,1380.66,772.11,1,-1,-1,-1
68,25,1632.97,541.51,1703.96,701.29,1,-1,-1,-1
68,24,1039.40,511.74,1114.83,699.48,1,-1,-1,-1
68,19,444.85,536.79,518.04,703.47,1,-1,-1,-1
68,21,978.98,513.91,1058.45,710.81,1,-1,-1,-1
68,35,1467.02,528.51,1538.48,701.28,1,-1,-1,-1
69,9,1367.49,469.06,1493.80,772.43,1,-1,-1,-1
69,11,1263.82,486.39,1384.99,769.85,1,-1,-1,-1
69,25,1629.56,539.88,1701.74,701.77,1,-1,-1,-1
69,24,1043.63,510.44,1119.69,699.83,1,-1,-1,-1
69,19,445.34,537.64,517.73,701.75,1,-1,-1,-1
69,21,975.12,514.07,1054.89,710.88,1,-1,-1,-1
69,35,1468.64,529.65,1538.16,699.00,1,-1,-1,-1
70,9,1369.64,467.83,1497.12,773.27,1,-1,-1,-1
70,11,1265.50,484.96,1387.53,770.35,1,-1,-1,-1
70,25,1627.61,537.95,1701.22,702.61,1,-1,-1,-1
70,24,1045.95,510.63,1121.98,699.31,1,-1,-1,-1
70,19,445.43,537.95,517.69,701.11,1,-1,-1,-1
70,21,973.33,514.12,1053.29,710.91,1,-1,-1,-1
70,35,1470.22,530.18,1539.32,698.49,1,-1,-1,-1
71,9,1375.14,467.36,1502.61,772.94,1,-1,-1,-1
71,11,1270.81,485.73,1392.12,769.24,1,-1,-1,-1
71,25,1626.83,536.56,1701.34,702.92,1,-1,-1,-1
71,24,1046.91,511.38,1122.59,698.44,1,-1,-1,-1
71,19,445.63,538.73,517.50,700.23,1,-1,-1,-1
71,21,973.24,516.12,1051.53,708.94,1,-1,-1,-1
72,9,1377.32,467.83,1504.24,771.51,1,-1,-1,-1
72,11,1274.62,490.00,1393.06,765.53,1,-1,-1,-1
72,25,1622.29,532.77,1696.75,699.11,1,-1,-1,-1
72,24,1051.23,508.37,1127.28,696.13,1,-1,-1,-1
72,19,445.82,539.01,517.31,699.25,1,-1,-1,-1
72,21,972.65,516.19,1050.85,708.87,1,-1,-1,-1
72,35,1471.80,533.59,1537.23,694.51,1,-1,-1,-1
73,9,1382.42,464.69,1509.51,768.33,1,-1,-1,-1
73,11,1280.20,492.26,1396.93,762.83,1,-1,-1,-1
73,25,1621.28,533.31,1693.90,695.67,1,-1,-1,-1
73,24,1052.20,505.94,1129.55,696.59,1,-1,-1,-1
73,19,444.59,535.77,517.85,699.57,1,-1,-1,-1
73,21,968.89,516.20,1046.91,708.19,1,-1,-1,-1
73,35,1478.35,540.40,1537.57,687.62,1,-1,-1,-1
74,9,1384.97,468.14,1511.20,769.15,1,-1,-1,-1
74,11,1282.31,492.39,1399.34,762.54,1,-1,-1,-1
74,25,1617.54,534.22,1689.20,693.70,1,-1,-1,-1
74,23,1667.06,547.74,1733.38,696.12,1,-1,-1,-1
74,24,1053.29,506.35,1130.18,695.46,1,-1,-1,-1
74,19,444.21,534.56,517.98,699.04,1,-1,-1,-1
74,21,967.00,513.54,1045.35,705.96,1,-1,-1,-1
74,35,1480.50,541.26,1538.38,686.03,1,-1,-1,-1
75,9,1391.11,472.11,1514.95,766.84,1,-1,-1,-1
75,11,1287.27,493.74,1403.77,761.81,1,-1,-1,-1
75,25,1615.12,534.58,1686.74,693.66,1,-1,-1,-1
75,23,1669.15,546.56,1735.59,697.31,1,-1,-1,-1
75,24,1057.73,506.55,1134.13,695.04,1,-1,-1,-1
75,19,443.87,533.45,518.21,698.86,1,-1,-1,-1
75,21,965.78,511.86,1044.71,705.80,1,-1,-1,-1
75,35,1482.43,542.66,1539.14,684.50,1,-1,-1,-1
76,9,1398.47,476.26,1519.63,764.66,1,-1,-1,-1
76,11,1288.43,492.88,1406.49,763.58,1,-1,-1,-1
76,25,1609.36,532.74,1682.97,695.66,1,-1,-1,-1
76,23,1669.54,544.87,1736.74,699.00,1,-1,-1,-1
76,24,1059.55,506.65,1135.97,695.55,1,-1,-1,-1
76,19,443.71,533.04,518.34,698.81,1,-1,-1,-1
76,21,965.05,511.90,1043.53,705.10,1,-1,-1,-1
77,9,1401.55,478.44,1521.35,763.22,1,-1,-1,-1
77,11,1288.80,491.20,1408.62,764.94,1,-1,-1,-1
77,25,1606.43,531.41,1681.24,697.08,1,-1,-1,-1
77,23,1669.46,542.27,1738.49,701.60,1,-1,-1,-1
77,24,1059.76,506.05,1136.97,697.08,1,-1,-1,-1
77,19,443.73,533.56,518.29,698.81,1,-1,-1,-1
77,21,962.06,512.58,1039.94,704.19,1,-1,-1,-1
78,9,1402.08,478.54,1522.93,764.73,1,-1,-1,-1
78,11,1292.78,489.89,1413.91,766.13,1,-1,-1,-1
78,25,1601.72,532.24,1676.58,696.97,1,-1,-1,-1
78,23,1674.03,542.60,1742.14,700.64,1,-1,-1,-1
78,24,1060.55,505.84,1137.80,697.01,1,-1,-1,-1
78,19,443.57,533.10,518.45,698.82,1,-1,-1,-1
78,21,961.25,514.17,1037.72,702.54,1,-1,-1,-1
79,9,1407.40,480.53,1526.77,762.67,1,-1,-1,-1
79,11,1299.01,490.70,1419.50,765.28,1,-1,-1,-1
79,25,1598.96,531.92,1674.06,696.94,1,-1,-1,-1
79,23,1675.69,541.43,1744.67,701.57,1,-1,-1,-1
79,24,1060.89,506.44,1137.90,696.98,1,-1,-1,-1
79,19,443.77,532.94,518.91,698.84,1,-1,-1,-1
79,21,960.54,514.10,1036.76,701.95,1,-1,-1,-1
80,9,1414.11,482.57,1531.86,761.25,1,-1,-1,-1
80,11,1301.90,490.99,1422.13,764.31,1,-1,-1,-1
80,25,1594.39,532.48,1669.65,696.93,1,-1,-1,-1
80,23,1679.80,540.34,1749.79,703.23,1,-1,-1,-1
80,24,1064.60,506.02,1141.47,696.97,1,-1,-1,-1
80,19,443.88,532.89,519.04,698.85,1,-1,-1,-1
80,21,959.58,512.74,1036.54,703.08,1,-1,-1,-1
81,9,1416.00,480.60,1535.37,762.77,1,-1,-1,-1
81,11,1309.01,495.07,1425.42,759.32,1,-1,-1,-1
81,25,1592.13,532.70,1667.47,696.94,1,-1,-1,-1
81,23,1682.36,539.94,1752.48,702.55,1,-1,-1,-1
81,24,1066.56,505.22,1143.44,696.97,1,-1,-1,-1
81,19,443.96,532.88,519.05,698.21,1,-1,-1,-1
81,21,959.23,511.57,1036.55,703.53,1,-1,-1,-1
82,9,1421.66,481.16,1540.06,761.37,1,-1,-1,-1
82,11,1312.18,496.60,1427.17,756.78,1,-1,-1,-1
82,25,1586.79,532.14,1662.80,696.94,1,-1,-1,-1
82,23,1687.94,541.13,1757.19,701.61,1,-1,-1,-1
82,24,1067.39,504.27,1144.62,696.97,1,-1,-1,-1
82,19,446.64,532.23,521.69,697.98,1,-1,-1,-1
82,21,958.56,511.13,1035.87,703.71,1,-1,-1,-1
83,9,1422.93,479.34,1543.03,762.87,1,-1,-1,-1
83,11,1318.72,500.48,1430.85,753.21,1,-1,-1,-1
83,25,1584.64,531.28,1661.45,697.61,1,-1,-1,-1
83,23,1689.74,540.93,1759.67,701.91,1,-1,-1,-1
83,24,1068.36,505.25,1144.92,696.32,1,-1,-1,-1
83,19,448.14,531.99,523.51,698.56,1,-1,-1,-1
83,21,958.59,512.95,1034.76,703.14,1,-1,-1,-1
84,9,1428.11,478.64,1548.41,762.79,1,-1,-1,-1
84,11,1325.67,501.88,1436.81,751.94,1,-1,-1,-1
84,25,1581.14,530.91,1658.12,697.59,1,-1,-1,-1
84,23,1694.28,540.22,1765.07,702.67,1,-1,-1,-1
84,24,1072.61,504.97,1148.94,696.07,1,-1,-1,-1
84,19,448.86,531.91,524.67,699.45,1,-1,-1,-1
84,21,956.12,514.98,1030.95,701.60,1,-1,-1,-1
84,28,1585.49,531.14,1660.86,696.99,1,-1,-1,-1
85,9,1429.30,472.40,1551.57,760.79,1,-1,-1,-1
85,11,1331.09,494.97,1445.21,751.52,1,-1,-1,-1
85,25,1578.76,531.67,1655.67,697.13,1,-1,-1,-1
85,23,1700.26,540.61,1771.15,702.96,1,-1,-1,-1
85,24,1074.77,504.88,1151.07,695.98,1,-1,-1,-1
85,19,449.27,531.89,525.59,700.45,1,-1,-1,-1
85,21,954.37,514.40,1029.77,702.38,1,-1,-1,-1
85,28,1581.39,530.34,1657.09,696.93,1,-1,-1,-1
86,9,1434.08,469.39,1556.71,759.40,1,-1,-1,-1
86,11,1333.96,493.74,1448.49,750.74,1,-1,-1,-1
86,25,1578.46,533.16,1654.22,695.67,1,-1,-1,-1
86,23,1707.19,545.39,1777.10,705.04,1,-1,-1,-1
86,24,1078.75,502.88,1155.83,696.61,1,-1,-1,-1
86,19,453.96,533.86,527.95,698.20,1,-1,-1,-1
86,21,953.36,513.52,1029.12,702.68,1,-1,-1,-1
87,9,1437.56,470.89,1558.03,755.60,1,-1,-1,-1
87,11,1339.43,493.26,1454.26,750.50,1,-1,-1,-1
87,25,1577.42,531.70,1654.11,696.49,1,-1,-1,-1
87,23,1715.14,544.56,1784.32,702.50,1,-1,-1,-1
87,24,1080.70,501.48,1158.34,696.85,1,-1,-1,-1
87,19,451.51,531.30,527.04,698.67,1,-1,-1,-1
87,21,952.40,513.19,1028.23,702.80,1,-1,-1,-1
88,9,1442.52,466.18,1563.17,752.86,1,-1,-1,-1
88,11,1345.10,491.76,1460.42,749.80,1,-1,-1,-1
88,25,1576.73,531.16,1653.22,696.13,1,-1,-1,-1
88,23,1723.10,548.22,1791.03,702.86,1,-1,-1,-1
88,24,1081.61,500.97,1158.96,695.63,1,-1,-1,-1
88,19,454.87,531.67,528.98,696.21,1,-1,-1,-1
88,21,952.22,513.06,1027.81,702.20,1,-1,-1,-1
89,9,1445.13,466.42,1564.08,749.90,1,-1,-1,-1
89,11,1350.99,489.87,1467.25,750.24,1,-1,-1,-1
89,25,1577.00,530.97,1652.56,694.68,1,-1,-1,-1
89,23,1726.03,544.92,1794.54,700.32,1,-1,-1,-1
89,24,1081.27,496.18,1160.35,695.17,1,-1,-1,-1
89,19,456.65,532.49,529.17,693.95,1,-1,-1,-1
89,21,951.88,511.69,1028.03,702.64,1,-1,-1,-1
90,9,1450.09,464.56,1569.41,750.15,1,-1,-1,-1
90,11,1353.88,489.83,1470.13,749.78,1,-1,-1,-1
90,25,1573.23,530.90,1648.44,694.14,1,-1,-1,-1
90,23,1731.00,542.36,1800.26,699.38,1,-1,-1,-1
90,24,1084.63,494.40,1164.46,695.00,1,-1,-1,-1
90,19,456.62,528.13,530.54,693.12,1,-1,-1,-1
90,21,947.72,509.20,1024.96,702.82,1,-1,-1,-1
91,9,1456.29,463.89,1575.39,750.29,1,-1,-1,-1
91,11,1357.11,481.89,1477.30,750.96,1,-1,-1,-1
91,25,1573.06,532.88,1646.49,692.62,1,-1,-1,-1
91,23,1737.59,544.03,1805.28,697.72,1,-1,-1,-1
91,24,1086.54,494.41,1165.93,693.63,1,-1,-1,-1
91,19,456.95,525.22,531.98,692.83,1,-1,-1,-1
91,21,946.50,508.92,1023.52,702.23,1,-1,-1,-1
92,9,1462.31,461.03,1583.58,753.03,1,-1,-1,-1
92,11,1358.04,477.64,1480.65,752.07,1,-1,-1,-1
92,25,1572.73,528.96,1646.25,690.06,1,-1,-1,-1
92,23,1740.13,539.34,1808.71,695.09,1,-1,-1,-1
92,24,1088.09,493.80,1167.46,692.45,1,-1,-1,-1
92,19,457.32,524.79,532.22,692.09,1,-1,-1,-1
92,21,946.12,508.17,1023.00,701.35,1,-1,-1,-1
93,9,1469.61,460.64,1591.20,752.79,1,-1,-1,-1
93,11,1365.04,485.18,1483.44,749.92,1,-1,-1,-1
93,25,1572.40,526.86,1645.84,689.13,1,-1,-1,-1
93,23,1741.83,538.94,1809.59,692.16,1,-1,-1,-1
93,24,1092.06,491.63,1172.42,692.68,1,-1,-1,-1
93,19,456.88,524.66,531.50,691.17,1,-1,-1,-1
93,21,945.27,505.27,1022.28,699.05,1,-1,-1,-1
94,9,1473.42,463.83,1592.73,749.42,1,-1,-1,-1
94,11,1368.55,489.53,1484.59,748.44,1,-1,-1,-1
94,25,1570.52,526.23,1643.92,688.42,1,-1,-1,-1
94,23,1745.99,538.14,1813.31,690.41,1,-1,-1,-1
94,24,1093.88,490.85,1174.48,692.12,1,-1,-1,-1
94,19,457.81,527.29,530.74,689.52,1,-1,-1,-1
94,21,945.09,504.85,1021.31,696.88,1,-1,-1,-1
95,9,1480.10,467.09,1596.96,746.18,1,-1,-1,-1
95,11,1372.41,483.83,1490.79,747.91,1,-1,-1,-1
95,23,1748.74,539.86,1815.18,689.13,1,-1,-1,-1
95,24,1094.41,489.93,1175.91,692.58,1,-1,-1,-1
95,19,457.47,525.64,531.08,688.93,1,-1,-1,-1
95,21,944.47,502.73,1020.92,696.07,1,-1,-1,-1
96,9,1487.11,468.32,1603.00,745.00,1,-1,-1,-1
96,11,1379.51,485.68,1495.73,744.45,1,-1,-1,-1
96,23,1754.57,541.87,1819.41,687.36,1,-1,-1,-1
96,24,1097.93,489.62,1179.54,692.11,1,-1,-1,-1
96,19,457.27,525.05,531.26,688.73,1,-1,-1,-1
96,21,940.96,501.30,1017.54,695.13,1,-1,-1,-1
96,35,1482.81,501.14,1562.25,701.90,1,-1,-1,-1
97,9,1493.44,467.45,1609.82,745.28,1,-1,-1,-1
97,11,1382.38,486.43,1497.71,742.48,1,-1,-1,-1
97,23,1756.72,546.65,1820.64,688.76,1,-1,-1,-1
97,24,1099.72,489.54,1181.63,691.94,1,-1,-1,-1
97,19,457.28,523.52,531.86,688.02,1,-1,-1,-1
97,21,939.95,502.11,1015.36,693.48,1,-1,-1,-1
97,35,1484.02,501.85,1561.55,699.57,1,-1,-1,-1
98,9,1497.56,470.44,1611.58,742.10,1,-1,-1,-1
98,11,1387.78,486.72,1502.43,741.13,1,-1,-1,-1
98,23,1756.65,543.03,1822.29,688.65,1,-1,-1,-1
98,24,1099.42,484.94,1183.22,691.89,1,-1,-1,-1
98,19,458.12,523.63,532.54,687.12,1,-1,-1,-1
98,21,939.72,501.13,1013.82,689.57,1,-1,-1,-1
98,35,1486.59,506.27,1559.68,693.84,1,-1,-1,-1
99,9,1498.23,470.24,1612.65,742.29,1,-1,-1,-1
99,11,1390.66,488.17,1504.33,740.00,1,-1,-1,-1
99,23,1759.41,539.06,1827.20,689.95,1,-1,-1,-1
99,24,1099.63,483.23,1184.02,691.22,1,-1,-1,-1
99,19,460.89,520.38,535.61,685.48,1,-1,-1,-1
99,21,935.37,498.80,1010.30,689.47,1,-1,-1,-1
99,35,1488.57,507.53,1559.86,692.10,1,-1,-1,-1
100,9,1502.31,465.50,1618.21,741.07,1,-1,-1,-1
100,11,1396.33,488.72,1508.75,738.29,1,-1,-1,-1
100,23,1761.09,537.56,1829.51,689.81,1,-1,-1,-1
100,24,1104.21,482.63,1188.19,690.32,1,-1,-1,-1
100,19,462.02,519.18,536.63,684.89,1,-1,-1,-1
100,21,932.64,497.30,1008.21,690.13,1,-1,-1,-1
100,35,1490.45,510.63,1558.77,688.20,1,-1,-1,-1
101,9,1504.38,468.35,1619.44,741.31,1,-1,-1,-1
101,11,1402.90,488.26,1515.62,739.03,1,-1,-1,-1
101,23,1762.33,538.32,1830.16,689.12,1,-1,-1,-1
101,24,1105.76,481.79,1189.83,689.99,1,-1,-1,-1
101,19,463.29,520.08,536.78,684.04,1,-1,-1,-1
101,21,931.13,495.45,1007.36,690.41,1,-1,-1,-1
101,35,1492.41,514.50,1557.72,684.07,1,-1,-1,-1
102,9,1507.53,466.13,1624.47,744.11,1,-1,-1,-1
102,11,1410.08,488.75,1521.76,738.02,1,-1,-1,-1
102,23,1762.48,537.97,1831.10,689.54,1,-1,-1,-1
102,24,1106.80,482.18,1190.49,689.22,1,-1,-1,-1
102,19,463.69,519.80,536.85,683.75,1,-1,-1,-1
102,21,926.20,494.12,1003.63,691.86,1,-1,-1,-1
102,35,1492.98,514.00,1558.29,683.57,1,-1,-1,-1
103,9,1511.14,469.91,1624.97,740.57,1,-1,-1,-1
103,11,1413.35,488.93,1524.45,737.68,1,-1,-1,-1
103,23,1766.44,537.85,1834.60,688.39,1,-1,-1,-1
103,24,1107.11,483.03,1190.67,689.60,1,-1,-1,-1
103,19,463.78,519.05,536.89,683.67,1,-1,-1,-1
103,21,923.91,494.32,1001.44,692.44,1,-1,-1,-1
103,35,1499.64,521.68,1559.47,677.56,1,-1,-1,-1
104,9,1513.18,472.71,1624.75,737.90,1,-1,-1,-1
104,11,1417.98,488.33,1529.66,738.92,1,-1,-1,-1
104,23,1768.23,537.83,1836.06,687.31,1,-1,-1,-1
104,24,1107.53,483.39,1190.95,689.10,1,-1,-1,-1
104,19,463.62,518.14,537.04,684.32,1,-1,-1,-1
104,21,919.79,495.75,996.76,692.02,1,-1,-1,-1
104,35,1500.79,521.97,1560.11,676.52,1,-1,-1,-1
105,9,1516.33,469.72,1630.00,740.96,1,-1,-1,-1
105,11,1419.45,486.79,1532.87,741.39,1,-1,-1,-1
105,23,1768.49,533.19,1837.47,685.60,1,-1,-1,-1
105,24,1111.33,482.90,1194.54,688.92,1,-1,-1,-1
105,19,463.15,517.15,536.81,684.59,1,-1,-1,-1
105,21,917.71,496.33,994.34,691.88,1,-1,-1,-1
106,9,1519.64,470.59,1630.25,734.86,1,-1,-1,-1
106,11,1424.31,486.86,1538.02,742.34,1,-1,-1,-1
106,23,1768.84,531.47,1838.24,684.97,1,-1,-1,-1
106,24,1113.42,484.06,1195.78,688.20,1,-1,-1,-1
106,19,460.21,516.81,534.18,684.71,1,-1,-1,-1
106,21,916.67,497.24,992.52,691.18,1,-1,-1,-1
107,9,1520.36,472.26,1631.19,736.56,1,-1,-1,-1
107,11,1430.71,487.56,1543.64,741.40,1,-1,-1,-1
107,23,1769.30,530.85,1838.67,684.11,1,-1,-1,-1
107,24,1114.54,484.52,1196.42,687.95,1,-1,-1,-1
107,19,458.67,517.36,532.90,685.43,1,-1,-1,-1
107,21,916.08,498.93,992.21,694.24,1,-1,-1,-1
108,9,1524.84,472.87,1637.06,739.22,1,-1,-1,-1
108,11,1435.12,495.11,1544.76,741.05,1,-1,-1,-1
108,23,1772.53,530.65,1841.52,684.46,1,-1,-1,-1
108,24,1115.57,486.04,1196.59,687.20,1,-1,-1,-1
108,19,458.16,517.60,532.34,685.06,1,-1,-1,-1
108,21,911.35,498.91,988.18,696.06,1,-1,-1,-1
109,9,1529.41,469.78,1644.74,743.55,1,-1,-1,-1
109,11,1437.14,498.64,1545.05,740.26,1,-1,-1,-1
109,23,1774.89,535.88,1841.97,685.94,1,-1,-1,-1
109,24,1119.82,485.96,1200.62,687.60,1,-1,-1,-1
109,19,457.01,517.05,531.77,685.59,1,-1,-1,-1
109,21,908.58,494.31,987.11,696.74,1,-1,-1,-1
110,9,1531.51,469.26,1647.68,745.18,1,-1,-1,-1
110,11,1437.41,499.91,1545.31,741.32,1,-1,-1,-1
110,25,1513.24,510.07,1593.31,691.83,1,-1,-1,-1
110,23,1776.19,537.24,1842.86,686.53,1,-1,-1,-1
110,24,1121.46,485.94,1201.95,687.76,1,-1,-1,-1
110,19,456.68,517.51,531.47,685.80,1,-1,-1,-1
110,21,903.60,492.58,982.94,697.00,1,-1,-1,-1
111,9,1537.88,472.35,1651.49,742.52,1,-1,-1,-1
111,11,1441.24,499.01,1550.06,742.38,1,-1,-1,-1
111,25,1509.82,509.11,1590.36,691.93,1,-1,-1,-1
111,23,1775.85,537.09,1843.20,688.08,1,-1,-1,-1
111,24,1122.00,485.93,1202.38,687.83,1,-1,-1,-1
111,19,457.40,521.01,531.17,686.55,1,-1,-1,-1
111,21,901.43,495.21,980.47,699.05,1,-1,-1,-1
112,9,1541.65,472.62,1655.12,742.45,1,-1,-1,-1
112,11,1442.70,499.30,1552.20,743.45,1,-1,-1,-1
112,23,1775.71,536.37,1843.87,689.33,1,-1,-1,-1
112,24,1123.02,489.91,1202.25,688.53,1,-1,-1,-1
112,19,456.49,518.36,531.60,686.83,1,-1,-1,-1
112,21,897.55,496.90,976.18,699.16,1,-1,-1,-1
113,11,1443.68,500.03,1552.96,742.52,1,-1,-1,-1
113,23,1775.14,535.44,1844.52,691.12,1,-1,-1,-1
113,24,1123.41,492.08,1202.05,688.81,1,-1,-1,-1
113,19,457.16,521.33,531.42,687.60,1,-1,-1,-1
113,21,895.99,498.88,973.51,698.53,1,-1,-1,-1
114,9,1545.60,472.18,1660.41,744.59,1,-1,-1,-1
114,11,1447.63,494.97,1556.70,737.52,1,-1,-1,-1
114,23,1779.58,536.40,1847.85,690.48,1,-1,-1,-1
114,24,1124.34,493.54,1202.41,688.25,1,-1,-1,-1
114,19,456.25,517.83,531.87,687.23,1,-1,-1,-1
114,21,895.95,502.95,970.84,696.29,1,-1,-1,-1
115,9,1546.98,476.88,1660.52,746.28,1,-1,-1,-1
115,11,1451.03,495.10,1559.78,736.95,1,-1,-1,-1
115,23,1782.12,537.44,1849.49,690.23,1,-1,-1,-1
115,24,1124.19,494.06,1202.27,688.04,1,-1,-1,-1
115,19,456.04,517.18,531.90,687.09,1,-1,-1,-1
115,21,892.87,505.15,966.44,694.76,1,-1,-1,-1
115,35,1463.01,499.46,1543.32,703.32,1,-1,-1,-1
116,9,1546.95,473.18,1662.32,745.54,1,-1,-1,-1
116,23,1783.41,537.83,1850.31,689.46,1,-1,-1,-1
116,24,1124.11,494.90,1202.14,687.97,1,-1,-1,-1
116,19,456.73,518.27,531.83,686.38,1,-1,-1,-1
116,21,891.62,505.94,964.44,693.53,1,-1,-1,-1
116,35,1461.53,499.84,1543.35,702.50,1,-1,-1,-1
117,9,1550.23,469.83,1668.08,747.23,1,-1,-1,-1
117,23,1782.87,535.99,1851.50,691.16,1,-1,-1,-1
117,24,1124.06,495.19,1202.02,687.28,1,-1,-1,-1
117,19,457.11,518.69,531.68,685.44,1,-1,-1,-1
117,21,889.97,505.54,963.09,693.75,1,-1,-1,-1
117,35,1461.18,500.11,1543.94,700.76,1,-1,-1,-1
118,9,1552.21,469.87,1669.33,744.58,1,-1,-1,-1
118,11,1472.32,498.61,1575.48,728.81,1,-1,-1,-1
118,23,1786.92,536.61,1854.81,690.48,1,-1,-1,-1
118,24,1127.58,494.60,1205.68,687.70,1,-1,-1,-1
118,19,457.24,518.86,531.65,685.09,1,-1,-1,-1
118,21,885.11,504.71,959.02,694.50,1,-1,-1,-1
118,35,1462.86,504.14,1543.13,696.14,1,-1,-1,-1
119,9,1557.28,469.89,1673.81,743.55,1,-1,-1,-1
119,11,1480.70,499.71,1581.60,726.48,1,-1,-1,-1
119,23,1789.12,536.19,1856.63,689.54,1,-1,-1,-1
119,24,1129.37,493.70,1207.82,687.86,1,-1,-1,-1
119,19,457.80,519.59,531.79,684.31,1,-1,-1,-1
119,21,883.32,503.71,957.65,694.79,1,-1,-1,-1
119,35,1465.58,502.47,1547.46,696.94,1,-1,-1,-1
120,9,1559.99,471.23,1675.14,741.18,1,-1,-1,-1
120,11,1483.39,500.07,1583.62,725.73,1,-1,-1,-1
120,23,1789.88,536.04,1857.91,689.85,1,-1,-1,-1
120,24,1129.85,490.04,1209.40,687.26,1,-1,-1,-1
120,19,461.69,519.86,534.81,683.36,1,-1,-1,-1
120,21,882.41,504.64,956.24,694.91,1,-1,-1,-1
120,35,1467.63,503.82,1548.71,694.61,1,-1,-1,-1
121,9,1565.31,471.74,1679.72,740.29,1,-1,-1,-1
121,11,1486.93,496.84,1589.54,728.17,1,-1,-1,-1
121,23,1793.86,535.98,1861.82,690.62,1,-1,-1,-1
121,24,1131.40,493.26,1209.20,686.38,1,-1,-1,-1
121,19,463.12,519.97,535.96,683.01,1,-1,-1,-1
121,21,881.39,503.00,955.92,695.62,1,-1,-1,-1
121,35,1470.20,508.33,1548.15,690.39,1,-1,-1,-1
122,9,1567.89,471.93,1681.93,739.30,1,-1,-1,-1
122,11,1490.23,486.41,1598.72,731.74,1,-1,-1,-1
122,23,1795.86,535.97,1864.00,691.57,1,-1,-1,-1
122,24,1134.97,490.50,1213.34,686.05,1,-1,-1,-1
122,19,463.60,518.01,537.75,684.22,1,-1,-1,-1
122,21,877.81,504.35,951.91,695.22,1,-1,-1,-1
122,35,1472.15,512.09,1547.02,686.09,1,-1,-1,-1
123,9,1571.13,472.01,1684.94,738.85,1,-1,-1,-1
123,11,1491.56,481.85,1603.18,733.74,1,-1,-1,-1
123,23,1796.67,535.30,1865.28,691.93,1,-1,-1,-1
123,24,1136.54,492.78,1213.89,686.60,1,-1,-1,-1
123,19,463.94,516.63,538.88,684.68,1,-1,-1,-1
123,21,876.09,504.86,950.26,695.74,1,-1,-1,-1
123,35,1473.39,514.82,1546.13,683.83,1,-1,-1,-1
123,22,1570.88,462.09,1690.88,739.02,1,-1,-1,-1
124,11,1496.49,480.11,1609.23,734.54,1,-1,-1,-1
124,23,1796.69,534.40,1865.92,692.05,1,-1,-1,-1
124,24,1137.32,493.64,1214.45,687.48,1,-1,-1,-1
124,19,464.47,516.76,539.53,684.86,1,-1,-1,-1
124,21,875.01,504.38,949.58,695.93,1,-1,-1,-1
124,35,1474.23,515.81,1546.11,683.03,1,-1,-1,-1
124,22,1574.27,469.95,1690.11,737.54,1,-1,-1,-1
125,11,1501.91,478.85,1615.56,735.50,1,-1,-1,-1
125,23,1796.49,534.06,1866.23,692.09,1,-1,-1,-1
125,24,1137.68,493.30,1215.15,688.47,1,-1,-1,-1
125,19,464.49,516.83,539.90,685.59,1,-1,-1,-1
125,21,874.48,504.85,948.95,696.00,1,-1,-1,-1
125,35,1474.44,516.15,1546.22,683.44,1,-1,-1,-1
125,22,1579.47,471.94,1694.49,738.39,1,-1,-1,-1
126,11,1504.98,483.64,1617.32,737.18,1,-1,-1,-1
126,23,1796.26,533.94,1866.37,692.10,1,-1,-1,-1
126,24,1138.04,493.82,1215.10,688.19,1,-1,-1,-1
126,19,465.13,517.52,540.04,684.55,1,-1,-1,-1
126,21,875.09,507.01,948.07,694.70,1,-1,-1,-1
126,35,1474.16,516.25,1545.96,683.61,1,-1,-1,-1
126,22,1581.76,473.33,1696.18,738.71,1,-1,-1,-1
127,11,1508.94,483.58,1622.73,740.45,1,-1,-1,-1
127,23,1799.99,533.90,1869.73,692.09,1,-1,-1,-1
127,24,1137.89,492.69,1215.92,689.40,1,-1,-1,-1
127,19,468.34,518.46,542.37,684.16,1,-1,-1,-1
127,21,871.69,507.15,944.87,694.87,1,-1,-1,-1
127,35,1474.56,516.93,1546.04,683.70,1,-1,-1,-1
127,22,1586.55,473.18,1701.31,740.18,1,-1,-1,-1
128,11,1511.02,483.58,1625.87,742.32,1,-1,-1,-1
128,23,1801.84,533.90,1871.13,692.09,1,-1,-1,-1
128,24,1137.24,490.94,1216.75,691.17,1,-1,-1,-1
128,19,470.26,518.81,543.81,684.01,1,-1,-1,-1
128,21,870.05,507.18,943.53,695.60,1,-1,-1,-1
128,35,1474.60,516.49,1546.19,683.76,1,-1,-1,-1
128,22,1588.32,472.45,1704.35,742.05,1,-1,-1,-1
129,11,1512.38,484.92,1626.83,741.70,1,-1,-1,-1
129,23,1802.50,533.90,1871.58,692.08,1,-1,-1,-1
129,24,1136.94,490.28,1217.05,691.83,1,-1,-1,-1
129,19,470.52,518.95,544.09,684.62,1,-1,-1,-1
129,21,869.19,508.51,941.42,693.89,1,-1,-1,-1
129,35,1474.76,516.98,1546.11,683.79,1,-1,-1,-1
129,22,1593.36,472.83,1708.83,741.44,1,-1,-1,-1
130,11,1516.73,485.46,1631.59,742.10,1,-1,-1,-1
130,23,1802.37,533.91,1871.34,692.07,1,-1,-1,-1
130,24,1136.94,490.03,1217.63,692.73,1,-1,-1,-1
130,19,470.76,521.64,544.00,686.84,1,-1,-1,-1
130,21,868.57,508.99,940.42,693.91,1,-1,-1,-1
130,35,1474.04,516.48,1545.54,683.82,1,-1,-1,-1
130,22,1601.29,480.94,1712.87,741.19,1,-1,-1,-1
131,11,1522.19,485.02,1637.84,742.88,1,-1,-1,-1
131,23,1802.58,533.92,1871.55,692.06,1,-1,-1,-1
131,24,1136.88,489.95,1217.85,693.05,1,-1,-1,-1
131,19,470.62,522.65,544.12,688.34,1,-1,-1,-1
131,21,864.99,509.82,936.22,692.59,1,-1,-1,-1
131,35,1473.67,516.27,1545.43,684.50,1,-1,-1,-1
131,22,1604.05,481.98,1715.68,743.11,1,-1,-1,-1
132,11,1528.98,486.19,1643.75,741.85,1,-1,-1,-1
132,23,1802.36,533.27,1871.83,692.71,1,-1,-1,-1
132,24,1137.42,491.23,1217.97,692.50,1,-1,-1,-1
132,19,470.54,523.02,544.15,688.90,1,-1,-1,-1
132,21,863.76,510.77,934.67,692.11,1,-1,-1,-1
132,35,1473.23,515.52,1545.71,685.43,1,-1,-1,-1
132,22,1609.06,481.67,1721.13,744.47,1,-1,-1,-1
133,11,1531.91,487.31,1645.97,740.77,1,-1,-1,-1
133,23,1802.54,533.03,1872.25,692.96,1,-1,-1,-1
133,24,1140.47,490.41,1221.73,693.60,1,-1,-1,-1
133,19,470.75,523.14,544.53,689.09,1,-1,-1,-1
133,21,862.86,513.78,933.36,693.93,1,-1,-1,-1
133,35,1473.42,516.55,1545.46,685.13,1,-1,-1,-1
133,22,1608.99,473.57,1725.52,746.29,1,-1,-1,-1
134,11,1533.75,489.06,1647.05,739.02,1,-1,-1,-1
134,23,1801.91,532.29,1872.36,694.36,1,-1,-1,-1
134,24,1141.51,490.10,1223.19,694.00,1,-1,-1,-1
134,19,471.28,523.84,544.84,689.15,1,-1,-1,-1
134,21,862.40,515.54,932.47,694.63,1,-1,-1,-1
134,35,1472.84,516.93,1545.37,686.34,1,-1,-1,-1
134,22,1609.36,469.88,1727.88,746.31,1,-1,-1,-1
135,11,1538.75,489.72,1651.44,737.69,1,-1,-1,-1
135,23,1801.98,532.01,1872.69,694.88,1,-1,-1,-1
135,24,1142.12,489.99,1224.11,694.14,1,-1,-1,-1
135,19,471.10,523.42,545.30,689.82,1,-1,-1,-1
135,21,858.75,515.50,929.10,694.89,1,-1,-1,-1
135,35,1472.51,518.39,1546.11,690.10,1,-1,-1,-1
135,22,1614.00,469.11,1732.53,745.63,1,-1,-1,-1
136,11,1545.87,490.63,1658.17,736.53,1,-1,-1,-1
136,23,1801.54,531.26,1873.22,696.38,1,-1,-1,-1
136,24,1142.05,489.95,1224.69,694.83,1,-1,-1,-1
136,19,471.06,523.91,545.40,690.72,1,-1,-1,-1
136,21,856.75,515.45,927.28,694.98,1,-1,-1,-1
136,35,1472.37,518.93,1546.43,691.51,1,-1,-1,-1
136,22,1620.44,470.16,1737.92,744.70,1,-1,-1,-1
137,11,1552.67,491.63,1664.21,735.43,1,-1,-1,-1
137,23,1801.11,530.33,1873.63,697.60,1,-1,-1,-1
137,24,1142.47,489.94,1225.71,695.08,1,-1,-1,-1
137,19,470.98,523.42,546.13,691.71,1,-1,-1,-1
137,21,851.57,515.40,922.55,695.01,1,-1,-1,-1
137,35,1468.65,519.12,1542.97,691.37,1,-1,-1,-1
137,22,1623.34,471.24,1739.92,743.66,1,-1,-1,-1
138,11,1559.46,491.99,1670.53,735.03,1,-1,-1,-1
138,23,1801.23,529.99,1874.11,698.04,1,-1,-1,-1
138,24,1146.00,489.28,1229.91,695.82,1,-1,-1,-1
138,19,471.11,523.23,546.21,691.41,1,-1,-1,-1
138,21,849.25,516.01,919.97,694.36,1,-1,-1,-1
138,35,1467.48,519.83,1541.43,690.63,1,-1,-1,-1
138,22,1629.56,473.64,1743.86,741.28,1,-1,-1,-1
139,11,1562.67,493.44,1673.20,734.89,1,-1,-1,-1
139,23,1800.76,529.87,1874.11,698.85,1,-1,-1,-1
139,24,1147.03,488.38,1232.39,697.40,1,-1,-1,-1
139,19,470.64,523.15,546.07,691.93,1,-1,-1,-1
139,21,844.31,516.88,915.28,694.78,1,-1,-1,-1
139,35,1466.44,516.78,1541.49,689.01,1,-1,-1,-1
139,22,1631.64,473.23,1745.97,741.04,1,-1,-1,-1
140,11,1568.47,495.97,1677.21,733.53,1,-1,-1,-1
140,23,1800.83,529.84,1874.47,699.14,1,-1,-1,-1
140,24,1147.49,488.70,1233.17,697.33,1,-1,-1,-1
140,19,470.32,522.45,546.14,692.12,1,-1,-1,-1
140,21,842.15,517.18,913.34,694.94,1,-1,-1,-1
140,35,1468.92,514.30,1545.26,689.71,1,-1,-1,-1
140,22,1637.27,474.40,1750.92,740.96,1,-1,-1,-1
141,11,1571.98,502.24,1678.31,734.36,1,-1,-1,-1
141,23,1800.68,529.18,1874.75,699.23,1,-1,-1,-1
141,24,1147.38,488.83,1233.66,697.94,1,-1,-1,-1
141,19,469.78,522.18,545.90,692.83,1,-1,-1,-1
141,21,840.64,516.61,912.85,696.32,1,-1,-1,-1
141,35,1467.05,514.68,1542.97,688.01,1,-1,-1,-1
141,22,1639.00,473.51,1753.56,742.26,1,-1,-1,-1
142,11,1576.92,503.87,1682.75,735.37,1,-1,-1,-1
142,23,1800.58,528.94,1874.86,699.24,1,-1,-1,-1
142,24,1147.99,489.55,1234.42,697.49,1,-1,-1,-1
142,19,469.72,522.07,545.64,692.43,1,-1,-1,-1
142,21,835.82,516.37,909.16,697.49,1,-1,-1,-1
142,35,1466.09,514.84,1542.35,688.00,1,-1,-1,-1
142,22,1643.81,473.84,1758.05,742.09,1,-1,-1,-1
143,11,1579.33,505.09,1684.81,735.74,1,-1,-1,-1
143,23,1800.64,529.52,1874.78,699.23,1,-1,-1,-1
143,24,1151.94,489.17,1238.83,697.96,1,-1,-1,-1
143,19,470.13,522.03,545.76,691.60,1,-1,-1,-1
143,21,833.66,516.27,907.63,697.93,1,-1,-1,-1
143,35,1465.64,514.90,1542.23,688.00,1,-1,-1,-1
143,22,1646.50,479.25,1759.26,744.01,1,-1,-1,-1
144,11,1580.87,506.82,1685.93,735.89,1,-1,-1,-1
144,23,1800.62,529.76,1874.76,699.21,1,-1,-1,-1
144,24,1154.16,489.68,1241.00,697.47,1,-1,-1,-1
144,19,471.05,522.68,546.35,691.27,1,-1,-1,-1
144,21,832.64,516.21,906.78,698.08,1,-1,-1,-1
144,35,1464.89,513.61,1542.80,689.32,1,-1,-1,-1
144,22,1647.89,481.96,1759.69,744.07,1,-1,-1,-1
145,11,1584.73,506.08,1690.07,735.95,1,-1,-1,-1
145,23,1804.91,531.17,1877.68,698.53,1,-1,-1,-1
145,24,1154.41,488.56,1242.30,697.92,1,-1,-1,-1
145,19,471.36,522.92,546.59,691.14,1,-1,-1,-1
145,21,831.78,516.84,905.80,698.13,1,-1,-1,-1
145,35,1463.71,511.81,1543.28,691.13,1,-1,-1,-1
145,22,1653.15,484.27,1763.49,743.42,1,-1,-1,-1
146,11,1586.77,505.75,1692.73,736.63,1,-1,-1,-1
146,23,1806.92,531.72,1879.04,698.25,1,-1,-1,-1
146,24,1158.70,488.80,1246.40,698.08,1,-1,-1,-1
146,19,471.20,522.35,546.95,691.75,1,-1,-1,-1
146,21,827.83,517.06,901.96,698.14,1,-1,-1,-1
146,35,1463.84,512.45,1542.90,690.50,1,-1,-1,-1
146,22,1655.08,484.44,1765.37,743.84,1,-1,-1,-1
147,11,1591.04,503.60,1698.55,738.22,1,-1,-1,-1
147,23,1807.73,531.92,1879.44,698.14,1,-1,-1,-1
147,24,1160.27,488.24,1248.56,698.79,1,-1,-1,-1
147,19,471.03,522.13,547.17,691.97,1,-1,-1,-1
147,21,825.97,516.47,900.39,698.13,1,-1,-1,-1
147,35,1464.16,513.37,1542.53,689.59,1,-1,-1,-1
147,22,1655.50,483.80,1766.12,743.99,1,-1,-1,-1
148,11,1592.61,502.10,1701.17,738.81,1,-1,-1,-1
148,23,1807.58,531.33,1879.33,698.10,1,-1,-1,-1
148,24,1161.52,489.34,1249.25,698.39,1,-1,-1,-1
148,19,470.78,522.04,547.42,692.71,1,-1,-1,-1
148,21,820.80,515.58,895.86,698.12,1,-1,-1,-1
148,35,1464.20,516.38,1541.83,691.22,1,-1,-1,-1
148,22,1655.94,484.19,1766.56,744.04,1,-1,-1,-1
149,11,1598.05,503.49,1704.94,737.05,1,-1,-1,-1
149,23,1808.80,537.05,1878.61,698.73,1,-1,-1,-1
149,24,1165.62,488.45,1253.69,698.88,1,-1,-1,-1
149,19,470.90,523.33,547.29,692.98,1,-1,-1,-1
149,21,818.38,515.23,893.47,698.10,1,-1,-1,-1
149,35,1463.38,516.19,1541.76,693.15,1,-1,-1,-1
149,22,1660.23,484.30,1770.31,743.39,1,-1,-1,-1
150,11,1600.82,505.32,1706.01,735.04,1,-1,-1,-1
150,23,1809.51,537.68,1879.12,698.91,1,-1,-1,-1
150,24,1167.56,488.77,1255.49,699.06,1,-1,-1,-1
150,19,471.12,524.48,547.06,693.08,1,-1,-1,-1
150,21,817.32,515.10,892.25,698.09,1,-1,-1,-1
150,35,1463.36,516.77,1541.47,693.86,1,-1,-1,-1
150,22,1661.72,483.66,1772.31,744.47,1,-1,-1,-1
151,11,1602.46,507.32,1706.18,733.62,1,-1,-1,-1
151,24,1168.18,488.24,1256.80,700.44,1,-1,-1,-1
151,19,471.34,524.24,547.48,693.10,1,-1,-1,-1
151,21,817.46,517.03,890.77,696.76,1,-1,-1,-1
151,35,1460.27,518.30,1537.21,692.80,1,-1,-1,-1
151,22,1666.24,482.73,1777.49,745.53,1,-1,-1,-1
152,11,1606.97,508.71,1709.40,732.43,1,-1,-1,-1
152,24,1168.19,486.73,1258.05,702.26,1,-1,-1,-1
152,19,470.98,524.15,547.40,693.77,1,-1,-1,-1
152,21,814.43,517.75,887.52,696.92,1,-1,-1,-1
152,35,1459.00,518.88,1535.72,693.04,1,-1,-1,-1
152,22,1668.34,482.37,1780.18,746.59,1,-1,-1,-1
153,11,1608.78,507.86,1712.21,733.34,1,-1,-1,-1
153,24,1172.83,490.74,1260.96,702.94,1,-1,-1,-1
153,19,472.13,528.72,546.75,694.01,1,-1,-1,-1
153,21,813.05,519.34,885.39,696.97,1,-1,-1,-1
153,35,1458.32,519.08,1535.42,694.44,1,-1,-1,-1
153,22,1674.23,484.85,1783.79,744.34,1,-1,-1,-1
154,11,1612.81,506.85,1716.97,734.35,1,-1,-1,-1
154,24,1175.39,493.63,1261.82,701.85,1,-1,-1,-1
154,19,471.97,529.79,546.40,694.75,1,-1,-1,-1
154,21,811.98,519.93,884.00,697.00,1,-1,-1,-1
154,35,1457.37,518.48,1535.39,696.27,1,-1,-1,-1
154,22,1675.88,483.79,1786.17,745.46,1,-1,-1,-1
155,11,1614.49,505.13,1720.34,736.06,1,-1,-1,-1
155,23,1808.23,538.18,1879.27,702.79,1,-1,-1,-1
155,24,1176.79,495.37,1262.21,701.41,1,-1,-1,-1
155,19,471.92,530.83,546.26,695.69,1,-1,-1,-1
155,21,807.67,522.12,880.26,700.32,1,-1,-1,-1
155,35,1456.59,518.25,1535.20,697.61,1,-1,-1,-1
155,22,1676.59,484.04,1786.76,745.22,1,-1,-1,-1
156,11,1615.61,507.10,1720.89,736.05,1,-1,-1,-1
156,23,1802.90,536.13,1876.24,704.44,1,-1,-1,-1
156,24,1177.17,496.66,1262.35,701.90,1,-1,-1,-1
156,19,471.91,531.19,546.20,696.02,1,-1,-1,-1
156,21,805.83,524.91,877.26,700.24,1,-1,-1,-1
156,35,1455.94,518.15,1534.87,698.75,1,-1,-1,-1
156,22,1682.92,490.74,1789.95,745.12,1,-1,-1,-1
157,11,1621.34,514.46,1723.47,736.70,1,-1,-1,-1
157,23,1801.04,535.44,1875.28,705.00,1,-1,-1,-1
157,24,1177.62,497.78,1262.63,702.07,1,-1,-1,-1
157,19,471.37,530.63,546.04,696.80,1,-1,-1,-1
157,21,801.37,527.27,872.10,700.19,1,-1,-1,-1
157,35,1456.36,523.36,1533.47,699.82,1,-1,-1,-1
157,22,1685.09,492.59,1791.80,746.41,1,-1,-1,-1
158,11,1623.92,518.56,1724.40,736.95,1,-1,-1,-1
158,23,1800.38,535.83,1874.88,705.19,1,-1,-1,-1
158,24,1181.23,496.85,1266.48,702.13,1,-1,-1,-1
158,19,471.12,530.40,546.02,697.07,1,-1,-1,-1
158,21,798.61,527.44,870.13,701.50,1,-1,-1,-1
158,35,1453.26,525.35,1529.61,699.53,1,-1,-1,-1
158,22,1690.63,494.57,1796.19,746.22,1,-1,-1,-1
159,11,1625.27,520.69,1724.79,736.36,1,-1,-1,-1
159,23,1800.17,535.98,1874.70,705.24,1,-1,-1,-1
159,24,1182.61,495.81,1268.44,702.80,1,-1,-1,-1
159,19,470.90,530.29,546.14,697.82,1,-1,-1,-1
159,21,797.63,528.80,868.87,701.97,1,-1,-1,-1
159,35,1452.07,526.06,1528.26,699.39,1,-1,-1,-1
159,22,1692.19,494.60,1798.12,747.47,1,-1,-1,-1
160,11,1626.87,524.10,1724.28,734.14,1,-1,-1,-1
160,23,1799.71,536.03,1874.39,705.24,1,-1,-1,-1
160,24,1183.22,496.06,1268.97,703.04,1,-1,-1,-1
160,19,470.86,530.24,546.81,699.41,1,-1,-1,-1
160,21,793.98,530.60,864.57,701.46,1,-1,-1,-1
160,35,1452.67,529.62,1526.78,697.99,1,-1,-1,-1
160,22,1692.49,494.57,1798.91,748.59,1,-1,-1,-1
160,50,-67.96,540.20,16.41,757.23,1,-1,-1,-1
161,11,1631.65,524.62,1729.08,733.98,1,-1,-1,-1
161,23,1799.29,534.72,1875.19,706.55,1,-1,-1,-1
161,24,1183.00,494.82,1270.14,705.10,1,-1,-1,-1
161,19,470.73,529.54,547.17,699.99,1,-1,-1,-1
161,21,791.10,529.23,862.69,702.59,1,-1,-1,-1
161,35,1452.12,530.25,1525.75,697.44,1,-1,-1,-1
161,22,1697.90,499.81,1802.96,750.98,1,-1,-1,-1
161,50,-68.18,541.33,16.13,757.75,1,-1,-1,-1
162,11,1637.59,524.75,1735.16,733.93,1,-1,-1,-1
162,23,1798.91,534.67,1875.06,707.06,1,-1,-1,-1
162,24,1182.94,494.34,1271.12,706.52,1,-1,-1,-1
162,19,470.83,529.92,547.16,700.19,1,-1,-1,-1
162,21,786.39,528.03,859.18,703.66,1,-1,-1,-1
162,35,1451.93,530.44,1525.43,697.22,1,-1,-1,-1
162,22,1698.67,495.10,1806.20,751.87,1,-1,-1,-1
162,50,-67.47,542.50,16.76,757.73,1,-1,-1,-1
163,11,1639.30,524.07,1737.71,733.91,1,-1,-1,-1
163,24,1182.91,494.81,1271.39,707.04,1,-1,-1,-1
163,19,470.87,530.06,547.15,700.25,1,-1,-1,-1
163,21,784.79,528.21,857.21,702.73,1,-1,-1,-1
163,35,1452.09,531.14,1525.14,697.13,1,-1,-1,-1
163,22,1703.50,493.97,1811.25,751.52,1,-1,-1,-1
163,50,-67.27,541.48,17.76,757.62,1,-1,-1,-1
164,11,1644.26,524.43,1742.74,733.92,1,-1,-1,-1
164,24,1182.99,494.99,1271.29,706.56,1,-1,-1,-1
164,19,471.40,530.76,547.29,700.25,1,-1,-1,-1
164,21,784.25,528.25,856.62,703.02,1,-1,-1,-1
164,35,1451.89,532.02,1524.03,696.43,1,-1,-1,-1
164,22,1709.75,492.86,1817.77,751.36,1,-1,-1,-1
164,50,-66.51,539.73,20.21,758.92,1,-1,-1,-1
165,11,1646.89,525.18,1744.94,732.59,1,-1,-1,-1
165,24,1187.31,495.71,1274.78,706.35,1,-1,-1,-1
165,19,471.90,531.02,547.70,700.23,1,-1,-1,-1
165,21,783.19,528.25,854.81,701.79,1,-1,-1,-1
165,35,1448.49,532.99,1520.32,696.16,1,-1,-1,-1
165,22,1712.83,493.07,1820.61,750.63,1,-1,-1,-1
165,50,-45.27,543.20,39.01,755.24,1,-1,-1,-1
166,11,1651.60,524.75,1749.77,732.77,1,-1,-1,-1
166,24,1189.25,496.63,1275.71,705.60,1,-1,-1,-1
166,19,471.79,531.10,547.48,700.21,1,-1,-1,-1
166,21,779.33,527.57,851.15,701.32,1,-1,-1,-1
166,35,1446.68,533.31,1518.89,696.72,1,-1,-1,-1
166,22,1718.43,493.80,1824.91,749.01,1,-1,-1,-1
166,50,-33.58,540.38,49.75,749.67,1,-1,-1,-1
167,11,1653.98,524.55,1752.04,732.18,1,-1,-1,-1
167,24,1190.07,496.31,1276.53,705.96,1,-1,-1,-1
167,19,472.05,531.12,547.76,700.18,1,-1,-1,-1
167,21,776.46,524.65,850.05,703.12,1,-1,-1,-1
167,35,1444.80,531.40,1518.31,697.60,1,-1,-1,-1
167,22,1720.89,494.06,1826.58,747.72,1,-1,-1,-1
167,50,-28.85,540.05,53.45,746.30,1,-1,-1,-1
168,11,1659.03,523.78,1757.11,731.97,1,-1,-1,-1
168,24,1190.84,496.84,1276.27,704.76,1,-1,-1,-1
168,19,472.01,530.46,547.99,700.16,1,-1,-1,-1
168,21,772.19,524.21,845.77,702.48,1,-1,-1,-1
168,35,1441.03,532.64,1513.32,695.28,1,-1,-1,-1
168,22,1722.00,494.15,1827.41,747.23,1,-1,-1,-1
168,50,-22.70,544.69,58.78,748.49,1,-1,-1,-1
168,51,-66.98,537.84,20.17,747.15,1,-1,-1,-1
169,11,1660.90,523.46,1758.78,731.24,1,-1,-1,-1
169,24,1191.07,497.03,1276.13,704.30,1,-1,-1,-1
169,19,471.49,529.54,547.92,700.14,1,-1,-1,-1
169,21,769.76,523.38,843.81,702.88,1,-1,-1,-1
169,35,1439.89,533.75,1511.22,693.72,1,-1,-1,-1
169,22,1726.61,494.83,1831.24,746.39,1,-1,-1,-1
169,50,-21.90,539.63,61.77,747.98,1,-1,-1,-1
169,51,-66.99,536.62,20.69,747.56,1,-1,-1,-1
170,11,1662.01,523.99,1759.40,730.31,1,-1,-1,-1
170,24,1191.37,497.10,1275.77,702.80,1,-1,-1,-1
170,19,471.28,529.19,547.89,700.13,1,-1,-1,-1
170,21,768.38,523.73,842.40,703.68,1,-1,-1,-1
170,35,1438.79,532.81,1510.57,693.82,1,-1,-1,-1
170,22,1729.39,496.40,1832.71,744.75,1,-1,-1,-1
170,50,-17.09,537.78,67.37,747.15,1,-1,-1,-1
170,51,-66.73,535.46,21.35,747.75,1,-1,-1,-1
171,11,1666.29,524.16,1763.49,730.64,1,-1,-1,-1
171,24,1192.05,497.77,1275.64,701.56,1,-1,-1,-1
171,19,471.07,528.40,548.02,700.11,1,-1,-1,-1
171,21,764.76,524.53,838.57,703.32,1,-1,-1,-1
171,35,1437.93,531.77,1510.22,693.86,1,-1,-1,-1
171,22,1734.76,496.97,1837.33,744.14,1,-1,-1,-1
171,50,-15.52,536.42,70.01,747.52,1,-1,-1,-1
171,51,-64.46,532.92,22.26,742.11,1,-1,-1,-1
172,11,1667.97,524.87,1764.71,730.78,1,-1,-1,-1
172,24,1192.51,498.68,1275.32,700.44,1,-1,-1,-1
172,19,470.99,528.10,548.06,700.10,1,-1,-1,-1
172,21,762.52,524.17,836.86,703.84,1,-1,-1,-1
172,35,1433.36,531.37,1506.50,694.55,1,-1,-1,-1
172,22,1736.50,496.50,1839.08,743.92,1,-1,-1,-1
172,50,-9.76,537.26,75.43,747.02,1,-1,-1,-1
172,51,-63.12,532.04,22.72,738.75,1,-1,-1,-1
173,11,1668.58,525.12,1765.62,731.50,1,-1,-1,-1
173,24,1192.29,498.35,1275.51,700.70,1,-1,-1,-1
173,19,471.09,528.65,547.94,700.09,1,-1,-1,-1
173,21,761.12,525.36,834.98,704.02,1,-1,-1,-1
173,35,1431.68,531.20,1505.16,694.81,1,-1,-1,-1
173,22,1737.54,496.97,1839.76,743.86,1,-1,-1,-1
173,50,-3.51,537.60,81.01,745.52,1,-1,-1,-1
173,51,-63.07,531.08,23.96,739.73,1,-1,-1,-1
174,11,1668.05,523.87,1766.51,733.11,1,-1,-1,-1
174,24,1192.31,497.55,1276.10,700.81,1,-1,-1,-1
174,19,471.24,528.86,547.78,699.42,1,-1,-1,-1
174,21,757.49,527.13,830.29,702.76,1,-1,-1,-1
174,35,1431.42,531.79,1504.41,694.25,1,-1,-1,-1
174,22,1737.51,496.46,1840.20,744.51,1,-1,-1,-1
174,50,2.62,537.75,86.94,744.98,1,-1,-1,-1
174,51,-63.70,530.08,24.33,740.15,1,-1,-1,-1
175,11,1672.29,524.05,1770.78,733.71,1,-1,-1,-1
175,24,1192.00,496.57,1276.58,701.52,1,-1,-1,-1
175,19,471.41,529.61,547.61,699.16,1,-1,-1,-1
175,21,754.89,527.13,827.96,702.94,1,-1,-1,-1
175,35,1430.84,531.35,1504.08,694.71,1,-1,-1,-1
175,22,1742.18,497.58,1844.07,744.10,1,-1,-1,-1
175,50,5.98,538.48,90.40,744.80,1,-1,-1,-1
175,51,-64.18,529.07,25.35,741.04,1,-1,-1,-1
176,11,1673.87,523.45,1772.91,734.60,1,-1,-1,-1
176,24,1192.18,497.52,1276.42,701.13,1,-1,-1,-1
176,19,471.06,528.56,547.95,699.72,1,-1,-1,-1
176,21,749.99,525.14,824.59,703.67,1,-1,-1,-1
176,35,1430.97,531.83,1503.71,694.22,1,-1,-1,-1
176,22,1744.05,497.99,1845.88,744.62,1,-1,-1,-1
176,50,9.59,536.11,96.27,747.41,1,-1,-1,-1
176,51,-65.63,526.06,26.95,743.42,1,-1,-1,-1
177,11,1675.24,523.87,1774.07,734.27,1,-1,-1,-1
177,24,1195.08,496.56,1280.11,702.98,1,-1,-1,-1
177,19,471.57,529.49,548.10,699.93,1,-1,-1,-1
177,21,747.73,524.38,823.26,704.59,1,-1,-1,-1
177,35,1430.05,531.35,1503.33,695.37,1,-1,-1,-1
177,22,1744.81,498.80,1846.30,744.16,1,-1,-1,-1
177,50,16.68,538.52,101.64,745.11,1,-1,-1,-1
177,51,-50.06,524.96,44.52,745.00,1,-1,-1,-1
178,11,1680.27,528.65,1777.72,736.78,1,-1,-1,-1
178,24,1196.53,496.19,1281.74,703.68,1,-1,-1,-1
178,19,472.03,530.50,547.90,699.35,1,-1,-1,-1
178,21,746.19,524.76,821.67,704.94,1,-1,-1,-1
178,35,1429.38,531.16,1502.94,696.46,1,-1,-1,-1
178,22,1749.28,499.08,1850.69,744.66,1,-1,-1,-1
178,50,19.51,538.14,105.14,745.57,1,-1,-1,-1
178,51,-40.65,523.27,55.59,746.27,1,-1,-1,-1
179,11,1682.55,531.10,1778.53,736.40,1,-1,-1,-1
179,25,1403.20,568.91,1459.65,700.00,1,-1,-1,-1
179,24,1196.51,495.39,1282.21,704.60,1,-1,-1,-1
179,19,472.18,530.89,547.83,699.12,1,-1,-1,-1
179,21,746.03,529.52,820.19,706.38,1,-1,-1,-1
179,35,1429.72,531.74,1502.28,695.55,1,-1,-1,-1
179,22,1751.19,499.17,1852.58,744.85,1,-1,-1,-1
179,50,24.31,537.34,110.97,747.07,1,-1,-1,-1
179,51,-37.32,522.02,60.51,747.42,1,-1,-1,-1
180,11,1682.65,526.01,1780.71,735.57,1,-1,-1,-1
180,25,1402.34,570.51,1458.16,700.13,1,-1,-1,-1
180,24,1196.57,494.44,1282.90,705.60,1,-1,-1,-1
180,19,471.94,531.02,547.44,699.04,1,-1,-1,-1
180,21,742.08,530.00,817.10,708.25,1,-1,-1,-1
180,35,1431.50,534.61,1501.80,693.87,1,-1,-1,-1
180,22,1752.71,504.48,1852.29,746.25,1,-1,-1,-1
180,50,25.77,535.72,113.85,748.31,1,-1,-1,-1
180,51,-36.12,521.59,62.85,747.86,1,-1,-1,-1
181,11,1688.10,530.68,1783.85,735.92,1,-1,-1,-1
181,24,1196.73,495.39,1282.97,706.62,1,-1,-1,-1
181,19,471.67,529.74,548.13,699.67,1,-1,-1,-1
181,21,740.71,530.16,816.00,708.93,1,-1,-1,-1
181,35,1431.61,535.68,1500.94,693.24,1,-1,-1,-1
181,22,1753.33,507.14,1851.90,746.78,1,-1,-1,-1
181,50,30.65,535.78,118.83,748.12,1,-1,-1,-1
181,51,-32.18,519.50,68.54,748.67,1,-1,-1,-1
182,11,1690.95,532.46,1785.40,735.37,1,-1,-1,-1
182,24,1197.70,500.37,1282.03,707.00,1,-1,-1,-1
182,19,474.71,530.57,550.52,699.91,1,-1,-1,-1
182,21,740.32,530.86,814.99,708.50,1,-1,-1,-1
182,35,1431.64,535.40,1501.35,694.35,1,-1,-1,-1
182,22,1753.41,508.09,1851.74,746.97,1,-1,-1,-1
182,50,36.49,535.15,124.95,748.05,1,-1,-1,-1
182,51,-26.74,518.74,75.05,749.63,1,-1,-1,-1
183,11,1696.02,533.10,1789.77,735.83,1,-1,-1,-1
183,25,1395.25,565.36,1455.83,705.81,1,-1,-1,-1
183,24,1198.56,503.60,1281.78,707.13,1,-1,-1,-1
183,19,475.84,530.89,551.45,700.66,1,-1,-1,-1
183,21,740.00,532.44,813.64,707.66,1,-1,-1,-1
183,35,1430.98,534.61,1501.57,696.08,1,-1,-1,-1
183,22,1758.09,508.40,1856.18,747.04,1,-1,-1,-1
183,50,40.26,536.91,127.35,746.04,1,-1,-1,-1
183,51,-24.91,517.85,78.18,750.64,1,-1,-1,-1
184,11,1698.39,533.30,1791.39,735.33,1,-1,-1,-1
184,25,1393.67,563.67,1455.82,708.35,1,-1,-1,-1
184,24,1198.38,504.12,1282.14,708.49,1,-1,-1,-1
184,19,476.38,530.35,552.31,701.59,1,-1,-1,-1
184,21,740.14,534.34,812.39,706.66,1,-1,-1,-1
184,35,1431.44,534.96,1501.64,696.08,1,-1,-1,-1
184,22,1760.29,508.48,1857.91,746.40,1,-1,-1,-1
184,50,45.57,537.59,132.61,746.61,1,-1,-1,-1
184,51,-25.15,516.89,80.04,752.98,1,-1,-1,-1
185,11,1699.69,534.01,1792.04,735.14,1,-1,-1,-1
185,25,1392.03,563.25,1454.93,709.69,1,-1,-1,-1
185,24,1198.11,503.63,1282.43,708.99,1,-1,-1,-1
185,19,476.88,534.09,551.66,703.26,1,-1,-1,-1
185,21,740.78,536.36,811.50,705.61,1,-1,-1,-1
185,35,1431.66,535.75,1501.01,695.41,1,-1,-1,-1
185,22,1764.91,507.80,1862.56,746.81,1,-1,-1,-1
185,50,52.10,538.51,138.31,745.50,1,-1,-1,-1
185,51,-20.27,517.88,84.69,752.55,1,-1,-1,-1
186,11,1704.08,534.25,1796.14,735.73,1,-1,-1,-1
186,24,1198.17,502.75,1283.67,710.48,1,-1,-1,-1
186,19,477.28,535.51,551.83,704.55,1,-1,-1,-1
186,21,737.90,539.09,807.08,704.54,1,-1,-1,-1
186,35,1428.48,536.03,1498.12,695.82,1,-1,-1,-1
186,22,1765.61,500.90,1865.84,746.97,1,-1,-1,-1
186,50,53.73,536.87,141.58,747.75,1,-1,-1,-1
186,51,-14.26,516.33,91.94,753.68,1,-1,-1,-1
187,11,1705.54,532.99,1798.33,736.61,1,-1,-1,-1
187,24,1197.68,501.75,1284.61,712.34,1,-1,-1,-1
187,19,477.20,535.36,552.09,705.67,1,-1,-1,-1
187,21,735.48,538.05,805.58,706.16,1,-1,-1,-1
187,35,1430.20,538.77,1499.45,697.95,1,-1,-1,-1
187,22,1767.00,502.89,1867.10,748.33,1,-1,-1,-1
187,50,58.51,536.25,146.90,748.59,1,-1,-1,-1
187,51,-6.93,517.09,98.55,752.77,1,-1,-1,-1
188,11,1706.47,533.15,1799.24,736.93,1,-1,-1,-1
188,25,1393.62,563.81,1455.36,708.55,1,-1,-1,-1
188,24,1197.52,502.01,1284.91,713.02,1,-1,-1,-1
188,19,476.60,534.63,552.08,706.74,1,-1,-1,-1
188,21,731.08,536.98,802.03,706.75,1,-1,-1,-1
188,35,1430.66,539.13,1500.20,699.41,1,-1,-1,-1
188,22,1771.92,505.63,1870.91,748.19,1,-1,-1,-1
188,50,60.73,539.98,149.48,752.85,1,-1,-1,-1
188,51,3.75,516.10,110.03,754.38,1,-1,-1,-1
189,11,1706.55,532.53,1800.32,738.37,1,-1,-1,-1
189,25,1392.76,563.61,1454.89,709.24,1,-1,-1,-1
189,24,1197.37,502.10,1285.07,713.25,1,-1,-1,-1
189,19,477.03,535.65,552.04,707.12,1,-1,-1,-1
189,21,728.55,536.54,800.39,708.29,1,-1,-1,-1
189,35,1430.65,539.24,1500.70,701.27,1,-1,-1,-1
189,22,1774.24,507.33,1873.03,748.79,1,-1,-1,-1
189,50,64.97,540.22,153.86,753.43,1,-1,-1,-1
189,51,8.43,516.41,114.73,754.97,1,-1,-1,-1
190,11,1710.13,531.63,1804.91,740.22,1,-1,-1,-1
190,24,1196.35,500.14,1286.07,715.29,1,-1,-1,-1
190,19,477.49,537.35,551.72,707.24,1,-1,-1,-1
190,21,727.13,535.70,799.73,709.52,1,-1,-1,-1
190,35,1427.47,539.26,1497.51,701.30,1,-1,-1,-1
190,22,1778.73,507.95,1877.30,749.01,1,-1,-1,-1
190,50,73.31,544.77,160.01,752.45,1,-1,-1,-1
190,51,14.17,516.56,120.74,755.83,1,-1,-1,-1
191,11,1712.39,535.22,1806.90,743.53,1,-1,-1,-1
191,25,1387.39,556.13,1449.84,704.05,1,-1,-1,-1
191,24,1199.01,498.09,1290.57,718.00,1,-1,-1,-1
191,19,476.55,535.32,552.02,708.59,1,-1,-1,-1
191,21,722.17,534.70,795.52,709.98,1,-1,-1,-1
191,35,1426.03,538.59,1496.56,701.94,1,-1,-1,-1
191,22,1782.03,514.79,1878.44,750.41,1,-1,-1,-1
191,50,75.55,544.46,163.21,753.64,1,-1,-1,-1
191,51,16.98,517.96,122.69,754.83,1,-1,-1,-1
192,11,1712.97,536.58,1807.75,745.44,1,-1,-1,-1
192,25,1387.42,556.41,1448.96,703.32,1,-1,-1,-1
192,24,1200.38,496.66,1293.20,719.66,1,-1,-1,-1
192,19,477.44,535.86,552.85,709.08,1,-1,-1,-1
192,21,719.38,533.65,792.99,709.48,1,-1,-1,-1
192,35,1425.63,538.98,1496.10,702.83,1,-1,-1,-1
192,22,1782.91,516.68,1878.98,750.92,1,-1,-1,-1
192,50,81.12,546.34,168.06,753.39,1,-1,-1,-1
192,51,22.64,519.17,127.69,754.42,1,-1,-1,-1
193,11,1717.37,537.73,1811.62,746.12,1,-1,-1,-1
193,25,1386.79,557.86,1449.32,707.06,1,-1,-1,-1
193,24,1201.39,496.11,1294.34,719.60,1,-1,-1,-1
193,19,477.78,536.06,553.15,709.23,1,-1,-1,-1
193,21,714.29,532.59,789.01,710.59,1,-1,-1,-1
193,35,1424.61,537.79,1496.18,704.46,1,-1,-1,-1
193,22,1787.58,518.00,1883.31,751.10,1,-1,-1,-1
193,50,87.48,547.02,173.90,752.61,1,-1,-1,-1
193,51,28.46,521.63,134.12,758.22,1,-1,-1,-1
194,11,1723.73,538.80,1816.80,745.69,1,-1,-1,-1
194,25,1386.07,555.78,1448.68,705.82,1,-1,-1,-1
194,24,1201.90,496.57,1294.60,719.54,1,-1,-1,-1
194,19,478.07,535.46,553.74,709.27,1,-1,-1,-1
194,21,711.85,532.84,786.86,711.00,1,-1,-1,-1
194,35,1423.79,537.34,1496.04,705.71,1,-1,-1,-1
194,22,1794.73,520.43,1888.65,749.16,1,-1,-1,-1
194,50,94.57,547.25,180.98,752.96,1,-1,-1,-1
194,51,30.92,523.88,136.59,759.63,1,-1,-1,-1
195,11,1727.09,539.84,1818.94,744.83,1,-1,-1,-1
195,25,1386.51,555.01,1448.46,704.01,1,-1,-1,-1
195,24,1202.31,497.42,1294.41,718.82,1,-1,-1,-1
195,19,477.60,535.22,553.21,709.27,1,-1,-1,-1
195,21,710.81,533.60,785.70,711.14,1,-1,-1,-1
195,35,1423.00,536.50,1495.85,706.81,1,-1,-1,-1
195,22,1797.70,521.29,1890.80,747.75,1,-1,-1,-1
195,50,96.82,545.32,185.02,755.07,1,-1,-1,-1
195,51,31.24,524.73,137.75,760.80,1,-1,-1,-1
196,11,1728.71,540.20,1819.82,744.47,1,-1,-1,-1
196,25,1386.43,557.40,1448.70,707.29,1,-1,-1,-1
196,24,1202.52,497.75,1294.21,718.52,1,-1,-1,-1
196,19,477.18,535.13,552.57,709.24,1,-1,-1,-1
196,21,707.14,534.54,781.47,710.52,1,-1,-1,-1
196,35,1419.66,536.83,1492.33,706.56,1,-1,-1,-1
196,22,1798.64,521.55,1891.52,747.22,1,-1,-1,-1
196,50,101.54,545.69,189.79,755.57,1,-1,-1,-1
196,51,35.36,525.03,142.43,761.21,1,-1,-1,-1
197,11,1727.90,533.68,1821.37,743.66,1,-1,-1,-1
197,25,1386.62,555.68,1447.95,703.91,1,-1,-1,-1
197,24,1203.09,499.20,1293.60,717.06,1,-1,-1,-1
197,19,477.08,535.09,552.25,709.22,1,-1,-1,-1
197,21,704.92,534.24,779.58,710.93,1,-1,-1,-1
197,35,1418.51,536.96,1490.89,705.77,1,-1,-1,-1
197,22,1798.18,516.94,1892.37,745.03,1,-1,-1,-1
197,51,36.30,525.14,144.49,762.00,1,-1,-1,-1
198,11,1728.33,531.90,1821.73,742.03,1,-1,-1,-1
198,25,1385.79,554.38,1447.31,703.27,1,-1,-1,-1
198,24,1203.33,499.09,1293.96,717.14,1,-1,-1,-1
198,19,477.38,535.06,552.45,709.20,1,-1,-1,-1
198,21,703.03,532.80,778.78,712.39,1,-1,-1,-1
198,35,1417.81,537.01,1490.02,705.44,1,-1,-1,-1
198,22,1803.56,517.17,1896.22,741.57,1,-1,-1,-1
198,51,40.88,523.84,149.98,761.60,1,-1,-1,-1
199,11,1732.17,531.87,1824.58,740.74,1,-1,-1,-1
199,25,1382.45,553.92,1443.55,701.72,1,-1,-1,-1
199,24,1202.30,496.40,1294.51,718.49,1,-1,-1,-1
199,19,477.24,535.05,552.11,709.17,1,-1,-1,-1
199,21,698.73,530.94,775.67,712.93,1,-1,-1,-1
199,35,1417.20,536.36,1489.45,704.64,1,-1,-1,-1
199,22,1806.22,517.90,1897.51,738.95,1,-1,-1,-1
199,51,42.39,523.34,152.64,762.09,1,-1,-1,-1
200,11,1734.19,532.53,1825.59,739.58,1,-1,-1,-1
200,25,1380.20,553.77,1441.83,702.46,1,-1,-1,-1
200,24,1201.72,495.39,1294.87,719.63,1,-1,-1,-1
200,19,476.87,533.73,552.29,709.81,1,-1,-1,-1
200,21,696.98,530.24,774.11,712.47,1,-1,-1,-1
200,35,1417.27,536.12,1489.66,704.32,1,-1,-1,-1
200,22,1811.66,518.15,1902.00,738.00,1,-1,-1,-1
200,51,47.69,523.15,157.84,760.93,1,-1,-1,-1
201,11,1735.32,532.79,1826.07,738.48,1,-1,-1,-1
201,25,1380.19,554.39,1441.08,701.43,1,-1,-1,-1
201,24,1201.59,495.02,1294.89,719.40,1,-1,-1,-1
201,19,476.77,533.88,551.66,709.39,1,-1,-1,-1
201,21,696.44,531.29,772.93,712.28,1,-1,-1,-1
201,35,1417.29,536.02,1489.82,704.19,1,-1,-1,-1
201,22,1813.96,517.55,1903.85,737.68,1,-1,-1,-1
201,51,54.69,523.73,164.42,760.46,1,-1,-1,-1
202,11,1735.84,532.23,1826.67,738.07,1,-1,-1,-1
202,25,1380.71,555.98,1440.37,700.38,1,-1,-1,-1
202,24,1201.74,495.55,1294.66,718.63,1,-1,-1,-1
202,19,476.73,532.62,552.08,709.87,1,-1,-1,-1
202,21,696.16,533.03,771.43,711.53,1,-1,-1,-1
202,35,1417.28,535.99,1489.95,704.13,1,-1,-1,-1
202,22,1815.19,517.98,1903.95,736.27,1,-1,-1,-1
202,51,58.93,523.84,168.76,760.80,1,-1,-1,-1
203,11,1735.83,531.36,1826.95,737.93,1,-1,-1,-1
203,25,1380.07,555.26,1439.68,700.00,1,-1,-1,-1
203,24,1201.96,496.42,1294.39,718.32,1,-1,-1,-1
203,19,476.79,532.81,552.16,710.70,1,-1,-1,-1
203,21,692.62,534.35,767.19,711.23,1,-1,-1,-1
203,35,1417.02,535.32,1490.31,704.76,1,-1,-1,-1
203,22,1818.01,518.36,1906.23,735.34,1,-1,-1,-1
203,51,73.87,519.31,183.24,756.35,1,-1,-1,-1
204,11,1739.60,531.04,1831.06,738.55,1,-1,-1,-1
204,25,1379.22,555.00,1438.78,699.62,1,-1,-1,-1
204,24,1202.20,498.08,1293.44,717.53,1,-1,-1,-1
204,19,477.00,532.89,552.00,710.35,1,-1,-1,-1
204,21,690.74,532.85,765.66,711.12,1,-1,-1,-1
204,35,1416.44,534.41,1490.31,704.99,1,-1,-1,-1
204,51,82.55,518.30,191.49,755.39,1,-1,-1,-1
205,11,1741.14,530.93,1833.04,739.45,1,-1,-1,-1
205,25,1378.85,553.38,1439.55,701.40,1,-1,-1,-1
205,24,1201.86,496.72,1293.49,717.89,1,-1,-1,-1
205,19,477.02,532.92,552.00,710.86,1,-1,-1,-1
205,21,686.50,531.63,761.52,710.41,1,-1,-1,-1
205,35,1416.15,531.44,1491.07,703.76,1,-1,-1,-1
205,51,91.42,519.94,198.38,753.72,1,-1,-1,-1
206,11,1741.81,530.24,1834.21,739.80,1,-1,-1,-1
206,25,1378.88,553.66,1439.43,701.75,1,-1,-1,-1
206,24,1202.04,496.88,1293.19,717.36,1,-1,-1,-1
206,19,477.20,532.94,551.83,710.39,1,-1,-1,-1
206,21,684.51,530.51,759.84,710.14,1,-1,-1,-1
206,35,1415.65,529.01,1491.79,703.28,1,-1,-1,-1
206,51,94.56,519.91,201.36,753.77,1,-1,-1,-1
207,11,1742.05,529.99,1835.19,740.59,1,-1,-1,-1
207,25,1375.55,554.43,1436.14,701.89,1,-1,-1,-1
207,24,1202.78,497.60,1293.06,716.49,1,-1,-1,-1
207,19,477.31,532.95,551.71,710.20,1,-1,-1,-1
207,21,684.04,531.41,758.46,709.38,1,-1,-1,-1
207,35,1415.62,528.76,1491.93,702.44,1,-1,-1,-1
207,51,98.81,517.92,206.93,755.13,1,-1,-1,-1
208,11,1746.39,530.56,1839.07,740.23,1,-1,-1,-1
208,25,1373.97,554.74,1434.62,701.94,1,-1,-1,-1
208,24,1203.10,497.87,1292.95,716.16,1,-1,-1,-1
208,19,477.39,532.96,551.63,710.12,1,-1,-1,-1
208,21,683.57,533.08,757.10,709.75,1,-1,-1,-1
208,35,1415.55,528.69,1492.07,701.46,1,-1,-1,-1
208,51,101.45,518.49,208.92,754.33,1,-1,-1,-1
209,11,1747.64,530.13,1840.81,740.75,1,-1,-1,-1
209,25,1374.10,555.52,1434.06,700.64,1,-1,-1,-1
209,24,1203.00,497.97,1292.46,715.37,1,-1,-1,-1
209,19,477.81,533.62,551.21,708.76,1,-1,-1,-1
209,21,679.96,535.04,752.23,708.57,1,-1,-1,-1
209,35,1415.98,530.01,1491.70,699.78,1,-1,-1,-1
209,51,102.05,522.70,209.60,757.34,1,-1,-1,-1
210,11,1748.18,529.31,1841.92,740.95,1,-1,-1,-1
210,25,1374.03,555.82,1434.05,700.82,1,-1,-1,-1
210,24,1202.73,496.68,1292.49,715.08,1,-1,-1,-1
210,19,478.46,533.88,551.22,707.58,1,-1,-1,-1
210,21,677.92,533.11,750.59,708.13,1,-1,-1,-1
210,35,1419.62,527.88,1496.74,700.47,1,-1,-1,-1
210,51,110.77,519.66,219.51,756.49,1,-1,-1,-1
211,11,1748.66,530.33,1841.92,740.36,1,-1,-1,-1
211,25,1374.20,557.26,1433.26,699.56,1,-1,-1,-1
211,24,1203.21,498.18,1291.91,714.31,1,-1,-1,-1
211,19,478.84,534.64,551.09,707.14,1,-1,-1,-1
211,21,676.87,533.05,749.11,707.31,1,-1,-1,-1
211,35,1421.34,527.10,1498.90,700.08,1,-1,-1,-1
211,51,113.74,522.47,222.55,758.15,1,-1,-1,-1
212,11,1753.00,530.06,1845.56,738.81,1,-1,-1,-1
212,25,1373.97,557.14,1432.66,698.43,1,-1,-1,-1
212,24,1203.60,497.43,1292.15,713.37,1,-1,-1,-1
212,19,479.50,534.92,551.18,705.66,1,-1,-1,-1
212,21,673.30,533.02,745.27,706.35,1,-1,-1,-1
212,35,1422.81,526.83,1500.21,699.29,1,-1,-1,-1
212,51,118.87,519.57,228.52,756.13,1,-1,-1,-1
213,11,1755.24,530.63,1846.86,737.56,1,-1,-1,-1
213,25,1373.73,557.75,1431.98,698.02,1,-1,-1,-1
213,24,1203.38,493.16,1292.60,711.70,1,-1,-1,-1
213,19,480.08,535.02,551.54,705.11,1,-1,-1,-1
213,21,671.49,532.35,743.81,706.66,1,-1,-1,-1
213,35,1426.25,525.43,1504.39,699.65,1,-1,-1,-1
213,51,121.57,519.80,230.31,752.73,1,-1,-1,-1
214,11,1754.90,524.88,1849.04,737.10,1,-1,-1,-1
214,25,1373.51,557.97,1431.26,697.22,1,-1,-1,-1
214,24,1203.07,490.91,1292.98,711.74,1,-1,-1,-1
214,19,480.39,535.05,551.57,704.25,1,-1,-1,-1
214,21,670.53,532.10,743.04,706.79,1,-1,-1,-1
214,35,1427.50,520.32,1507.94,699.80,1,-1,-1,-1
214,51,121.57,517.90,232.23,753.43,1,-1,-1,-1
215,11,1754.97,522.09,1850.22,736.28,1,-1,-1,-1
215,25,1373.23,557.39,1431.24,697.60,1,-1,-1,-1
215,24,1202.79,489.42,1293.29,712.43,1,-1,-1,-1
215,19,479.61,529.74,553.14,703.94,1,-1,-1,-1
215,21,670.41,532.67,742.03,705.53,1,-1,-1,-1
215,35,1431.41,518.41,1512.30,699.86,1,-1,-1,-1
215,51,131.03,517.86,240.99,751.07,1,-1,-1,-1
216,11,1759.46,522.37,1853.95,735.32,1,-1,-1,-1
216,25,1373.42,553.19,1431.64,695.10,1,-1,-1,-1
216,24,1202.65,488.22,1293.43,712.71,1,-1,-1,-1
216,19,479.37,528.43,553.66,703.84,1,-1,-1,-1
216,21,670.37,532.89,741.82,705.72,1,-1,-1,-1
216,35,1434.53,519.03,1514.26,698.59,1,-1,-1,-1
216,51,140.28,519.18,248.91,748.86,1,-1,-1,-1
217,11,1762.08,522.51,1855.65,733.65,1,-1,-1,-1
217,25,1374.37,552.27,1431.62,692.86,1,-1,-1,-1
217,24,1203.02,488.45,1293.05,711.51,1,-1,-1,-1
217,19,482.52,527.94,556.53,703.16,1,-1,-1,-1
217,21,670.12,533.63,740.77,705.15,1,-1,-1,-1
217,35,1436.45,519.32,1515.48,697.45,1,-1,-1,-1
217,51,152.03,517.03,259.86,745.39,1,-1,-1,-1
218,11,1763.05,522.60,1856.15,732.37,1,-1,-1,-1
218,25,1374.75,551.27,1431.64,692.03,1,-1,-1,-1
218,24,1207.46,488.57,1296.53,711.06,1,-1,-1,-1
218,19,483.93,527.12,558.05,702.92,1,-1,-1,-1
218,21,666.66,533.91,737.25,704.94,1,-1,-1,-1
218,35,1440.25,519.46,1518.70,697.03,1,-1,-1,-1
218,51,157.56,516.89,264.37,743.46,1,-1,-1,-1
219,11,1767.98,523.98,1859.58,730.59,1,-1,-1,-1
219,25,1375.93,551.58,1431.30,690.43,1,-1,-1,-1
219,24,1209.21,488.65,1297.76,711.57,1,-1,-1,-1
219,19,483.91,525.52,559.14,704.16,1,-1,-1,-1
219,21,664.98,533.35,735.78,704.88,1,-1,-1,-1
219,35,1441.47,518.89,1520.01,697.54,1,-1,-1,-1
219,51,167.77,515.53,274.75,743.44,1,-1,-1,-1
220,11,1770.45,524.53,1861.44,729.94,1,-1,-1,-1
220,25,1376.26,550.39,1431.31,689.85,1,-1,-1,-1
220,24,1210.05,488.69,1298.00,711.11,1,-1,-1,-1
220,19,484.30,524.93,559.77,703.98,1,-1,-1,-1
220,21,664.62,533.79,735.09,704.86,1,-1,-1,-1
220,35,1442.54,518.70,1521.09,697.75,1,-1,-1,-1
220,51,172.49,516.35,278.61,742.15,1,-1,-1,-1
221,11,1770.97,524.08,1862.38,730.40,1,-1,-1,-1
221,25,1377.14,550.62,1431.24,689.01,1,-1,-1,-1
221,24,1210.28,488.73,1297.47,710.28,1,-1,-1,-1
221,19,484.91,525.40,560.16,703.92,1,-1,-1,-1
221,21,663.98,533.30,734.81,705.53,1,-1,-1,-1
221,35,1443.21,518.00,1521.77,697.18,1,-1,-1,-1
221,51,178.70,517.35,283.75,741.04,1,-1,-1,-1
222,11,1771.45,525.25,1862.30,729.93,1,-1,-1,-1
222,25,1376.80,550.06,1431.23,690.05,1,-1,-1,-1
222,24,1210.12,487.44,1297.47,710.65,1,-1,-1,-1
222,19,485.53,525.60,560.54,703.25,1,-1,-1,-1
222,21,663.60,532.45,734.96,706.45,1,-1,-1,-1
222,35,1443.57,517.10,1522.44,696.97,1,-1,-1,-1
222,51,181.34,518.40,285.53,740.00,1,-1,-1,-1
223,11,1775.69,525.70,1866.03,729.78,1,-1,-1,-1
223,25,1376.60,548.55,1431.97,691.78,1,-1,-1,-1
223,24,1209.91,485.00,1298.26,712.11,1,-1,-1,-1
223,19,485.95,526.36,560.45,702.34,1,-1,-1,-1
223,21,662.11,527.52,735.16,706.14,1,-1,-1,-1
223,35,1443.85,516.79,1523.12,696.90,1,-1,-1,-1
223,51,186.47,518.80,290.24,738.99,1,-1,-1,-1
224,11,1777.90,526.54,1867.33,729.08,1,-1,-1,-1
224,25,1375.65,547.34,1431.83,693.11,1,-1,-1,-1
224,24,1209.69,484.75,1298.00,712.67,1,-1,-1,-1
224,19,486.20,526.00,560.95,702.01,1,-1,-1,-1
224,21,661.97,526.32,734.89,705.38,1,-1,-1,-1
224,35,1447.78,517.36,1526.03,695.57,1,-1,-1,-1
224,51,188.78,520.28,291.83,737.98,1,-1,-1,-1
225,11,1778.83,526.86,1867.55,728.17,1,-1,-1,-1
225,25,1375.51,546.25,1432.21,693.63,1,-1,-1,-1
225,24,1209.69,484.68,1297.79,712.89,1,-1,-1,-1
225,19,489.49,525.22,564.51,701.90,1,-1,-1,-1
225,21,658.80,526.54,731.43,704.43,1,-1,-1,-1
225,35,1449.46,516.28,1528.16,695.73,1,-1,-1,-1
225,51,189.77,525.50,291.84,738.99,1,-1,-1,-1
226,11,1780.00,527.64,1867.34,726.53,1,-1,-1,-1
226,25,1375.43,546.50,1431.74,693.18,1,-1,-1,-1
226,24,1210.11,483.37,1298.58,712.97,1,-1,-1,-1
226,19,491.00,524.94,566.20,701.86,1,-1,-1,-1
226,21,657.55,527.31,729.60,703.41,1,-1,-1,-1
226,35,1450.50,515.23,1529.76,695.81,1,-1,-1,-1
226,51,194.84,528.10,296.09,738.06,1,-1,-1,-1
226,61,1637.39,599.00,1667.41,656.20,1,-1,-1,-1
227,11,1780.69,528.59,1866.85,725.27,1,-1,-1,-1
227,25,1375.88,545.97,1432.41,693.67,1,-1,-1,-1
227,24,1209.98,479.60,1299.14,711.69,1,-1,-1,-1
227,19,491.80,524.85,567.21,701.86,1,-1,-1,-1
227,21,657.16,528.28,728.28,701.71,1,-1,-1,-1
227,35,1454.25,514.20,1534.14,696.50,1,-1,-1,-1
227,51,200.05,524.34,303.34,737.08,1,-1,-1,-1
227,61,1637.78,599.00,1667.53,655.69,1,-1,-1,-1
228,11,1785.40,529.61,1870.10,723.50,1,-1,-1,-1
228,25,1378.61,542.51,1435.36,691.89,1,-1,-1,-1
228,24,1210.21,478.86,1299.05,710.54,1,-1,-1,-1
228,19,492.02,524.83,567.60,701.87,1,-1,-1,-1
228,21,656.52,527.34,727.73,701.09,1,-1,-1,-1
228,35,1456.27,514.49,1535.74,696.12,1,-1,-1,-1
228,51,202.19,523.60,306.17,736.08,1,-1,-1,-1
228,61,1636.53,598.11,1666.79,655.91,1,-1,-1,-1
229,11,1788.91,532.65,1870.76,720.19,1,-1,-1,-1
229,25,1379.86,541.22,1436.26,690.57,1,-1,-1,-1
229,24,1210.77,479.93,1298.52,708.79,1,-1,-1,-1
229,19,492.72,524.83,568.38,701.23,1,-1,-1,-1
229,21,656.54,527.66,727.35,700.87,1,-1,-1,-1
229,35,1457.53,515.29,1536.37,695.32,1,-1,-1,-1
229,51,206.65,522.63,311.81,736.41,1,-1,-1,-1
229,61,1637.31,598.69,1666.46,654.43,1,-1,-1,-1
230,11,1790.46,532.42,1869.93,714.96,1,-1,-1,-1
230,25,1380.50,540.10,1437.09,690.73,1,-1,-1,-1
230,24,1211.09,480.38,1298.19,707.48,1,-1,-1,-1
230,19,496.32,524.19,571.89,700.99,1,-1,-1,-1
230,21,657.20,529.11,726.65,699.48,1,-1,-1,-1
230,35,1457.83,515.61,1536.64,695.03,1,-1,-1,-1
230,51,213.02,522.26,318.83,736.56,1,-1,-1,-1
230,61,1637.26,598.90,1665.95,653.96,1,-1,-1,-1
231,11,1792.73,535.69,1868.45,709.72,1,-1,-1,-1
231,25,1378.12,543.64,1434.09,692.77,1,-1,-1,-1
231,24,1211.15,479.91,1298.77,708.32,1,-1,-1,-1
231,19,497.63,523.95,573.19,700.91,1,-1,-1,-1
231,21,657.27,529.68,726.00,698.98,1,-1,-1,-1
231,35,1460.54,509.80,1541.96,695.59,1,-1,-1,-1
231,51,219.61,521.46,326.19,736.64,1,-1,-1,-1
231,61,1637.59,598.97,1666.13,653.82,1,-1,-1,-1
232,11,1793.08,536.86,1867.55,707.88,1,-1,-1,-1
232,25,1376.63,545.04,1432.83,694.88,1,-1,-1,-1
232,24,1215.46,481.08,1301.94,707.34,1,-1,-1,-1
232,19,498.75,523.88,574.29,700.89,1,-1,-1,-1
232,21,653.71,530.55,722.10,698.81,1,-1,-1,-1
232,35,1462.08,508.29,1543.98,695.15,1,-1,-1,-1
232,51,226.93,521.15,333.68,736.70,1,-1,-1,-1
232,61,1638.03,598.99,1666.57,653.79,1,-1,-1,-1
233,11,1793.91,538.61,1867.09,705.94,1,-1,-1,-1
233,25,1376.26,544.92,1432.83,695.68,1,-1,-1,-1
233,24,1217.34,480.89,1303.53,706.98,1,-1,-1,-1
233,19,499.43,523.86,575.02,700.89,1,-1,-1,-1
233,21,652.00,529.55,720.44,698.10,1,-1,-1,-1
233,35,1463.66,509.06,1544.93,693.67,1,-1,-1,-1
233,51,234.49,521.04,341.23,736.74,1,-1,-1,-1
233,61,1637.87,599.00,1666.36,653.81,1,-1,-1,-1
234,11,1794.37,540.56,1865.99,703.96,1,-1,-1,-1
234,25,1375.83,544.89,1432.47,695.97,1,-1,-1,-1
234,24,1218.15,480.17,1304.64,707.52,1,-1,-1,-1
234,19,499.64,523.87,575.26,700.90,1,-1,-1,-1
234,21,650.98,528.51,720.29,699.18,1,-1,-1,-1
234,35,1465.28,514.69,1544.12,693.12,1,-1,-1,-1
234,51,245.47,520.33,351.40,736.11,1,-1,-1,-1
234,61,1637.82,599.00,1666.27,653.83,1,-1,-1,-1
235,11,1794.02,541.23,1865.32,703.33,1,-1,-1,-1
235,25,1375.87,544.88,1432.79,696.73,1,-1,-1,-1
235,24,1218.69,480.57,1304.76,707.07,1,-1,-1,-1
235,19,499.78,523.88,575.20,700.25,1,-1,-1,-1
235,21,650.12,526.80,720.14,699.61,1,-1,-1,-1
235,35,1470.11,516.86,1548.13,693.59,1,-1,-1,-1
235,51,254.20,519.41,360.13,737.21,1,-1,-1,-1
235,61,1637.80,598.33,1666.91,654.52,1,-1,-1,-1
236,11,1792.47,550.21,1858.34,700.48,1,-1,-1,-1
236,25,1375.62,544.89,1432.53,696.35,1,-1,-1,-1
236,23,1810.51,527.00,1891.46,716.01,1,-1,-1,-1
236,24,1218.69,480.08,1304.96,706.92,1,-1,-1,-1
236,19,500.06,523.89,575.54,700.01,1,-1,-1,-1
236,21,649.60,526.16,719.71,699.78,1,-1,-1,-1
236,35,1471.62,517.66,1549.75,694.44,1,-1,-1,-1
236,51,258.00,519.07,363.78,737.64,1,-1,-1,-1
236,61,1636.45,594.11,1667.16,653.46,1,-1,-1,-1
237,11,1793.46,552.30,1857.54,698.49,1,-1,-1,-1
237,25,1375.71,545.56,1432.26,695.54,1,-1,-1,-1
237,23,1798.08,547.47,1863.82,702.81,1,-1,-1,-1
237,24,1218.33,479.25,1305.33,707.53,1,-1,-1,-1
237,19,501.96,517.95,580.42,701.25,1,-1,-1,-1
237,21,645.85,525.93,715.93,699.19,1,-1,-1,-1
237,35,1472.25,517.95,1550.81,695.43,1,-1,-1,-1
237,51,259.25,518.29,365.53,738.47,1,-1,-1,-1
237,61,1635.96,592.53,1667.24,653.07,1,-1,-1,-1
238,25,1378.37,540.52,1436.16,693.90,1,-1,-1,-1
238,23,1793.71,553.18,1855.50,699.41,1,-1,-1,-1
238,24,1218.24,479.60,1305.39,707.77,1,-1,-1,-1
238,19,502.72,515.09,582.79,702.37,1,-1,-1,-1
238,21,644.68,526.52,714.34,698.32,1,-1,-1,-1
238,35,1472.04,517.39,1551.52,696.47,1,-1,-1,-1
238,51,263.52,518.66,369.20,738.13,1,-1,-1,-1
238,61,1636.51,593.24,1667.18,652.27,1,-1,-1,-1
239,25,1376.40,541.93,1434.69,695.90,1,-1,-1,-1
239,23,1793.20,555.49,1853.23,697.75,1,-1,-1,-1
239,24,1218.30,479.09,1305.93,707.87,1,-1,-1,-1
239,19,504.99,520.53,582.30,701.50,1,-1,-1,-1
239,21,643.85,526.76,713.58,698.66,1,-1,-1,-1
239,35,1475.73,516.52,1555.81,697.52,1,-1,-1,-1
239,51,266.14,520.13,371.12,737.35,1,-1,-1,-1
239,61,1637.60,596.88,1666.96,653.30,1,-1,-1,-1
240,11,1821.02,529.70,1901.36,715.82,1,-1,-1,-1
240,25,1375.88,543.80,1433.87,696.02,1,-1,-1,-1
240,23,1796.60,556.04,1855.86,698.06,1,-1,-1,-1
240,24,1218.42,478.26,1306.66,707.92,1,-1,-1,-1
240,19,506.13,522.72,582.39,701.16,1,-1,-1,-1
240,21,643.69,527.51,713.23,698.80,1,-1,-1,-1
240,35,1477.29,515.52,1557.80,697.91,1,-1,-1,-1
240,51,266.69,520.03,372.51,738.38,1,-1,-1,-1
240,61,1638.00,598.27,1666.88,653.71,1,-1,-1,-1
241,11,1824.28,526.96,1905.92,718.66,1,-1,-1,-1
241,25,1379.03,545.86,1436.15,695.39,1,-1,-1,-1
241,23,1797.82,553.25,1856.90,696.13,1,-1,-1,-1
241,24,1218.06,477.29,1307.30,708.60,1,-1,-1,-1
241,19,506.79,523.54,582.78,701.03,1,-1,-1,-1
241,21,643.32,526.48,713.51,699.53,1,-1,-1,-1
241,35,1478.31,515.15,1559.31,698.71,1,-1,-1,-1
241,51,271.62,521.32,376.54,737.45,1,-1,-1,-1
241,61,1637.83,598.11,1667.16,654.53,1,-1,-1,-1
242,11,1826.06,525.88,1907.59,719.81,1,-1,-1,-1
242,25,1379.87,545.98,1437.36,695.82,1,-1,-1,-1
242,23,1799.01,555.64,1857.32,696.92,1,-1,-1,-1
242,24,1220.71,474.31,1311.96,711.49,1,-1,-1,-1
242,19,510.79,523.18,587.04,701.65,1,-1,-1,-1
242,21,643.18,526.76,713.04,699.15,1,-1,-1,-1
242,35,1482.39,515.01,1563.28,699.00,1,-1,-1,-1
242,51,277.33,521.14,382.46,737.77,1,-1,-1,-1
242,61,1637.49,597.39,1667.54,655.50,1,-1,-1,-1
243,11,1829.46,524.61,1911.89,720.67,1,-1,-1,-1
243,25,1380.48,546.02,1438.16,695.97,1,-1,-1,-1
243,23,1800.22,555.73,1858.88,697.98,1,-1,-1,-1
243,24,1221.99,474.51,1313.41,711.93,1,-1,-1,-1
243,19,512.54,523.71,588.32,701.22,1,-1,-1,-1
243,21,642.47,526.21,712.94,700.33,1,-1,-1,-1
243,35,1483.90,514.30,1565.36,699.76,1,-1,-1,-1
243,51,284.08,521.07,388.99,737.23,1,-1,-1,-1
243,61,1636.59,596.47,1667.80,657.17,1,-1,-1,-1
243,69,1444.24,549.11,1506.74,689.21,1,-1,-1,-1
244,25,1380.18,545.37,1438.30,696.03,1,-1,-1,-1
244,23,1800.56,555.02,1859.58,698.40,1,-1,-1,-1
244,24,1221.91,473.30,1314.47,713.39,1,-1,-1,-1
244,19,512.91,523.25,588.97,701.72,1,-1,-1,-1
244,21,642.58,526.67,712.59,700.12,1,-1,-1,-1
244,35,1484.66,514.69,1565.80,699.38,1,-1,-1,-1
244,51,287.00,520.38,392.69,737.69,1,-1,-1,-1
244,61,1636.80,595.47,1668.64,657.81,1,-1,-1,-1
244,69,1443.50,543.90,1508.23,688.97,1,-1,-1,-1
245,25,1380.49,545.78,1438.57,696.04,1,-1,-1,-1
245,23,1800.98,554.70,1860.24,698.59,1,-1,-1,-1
245,24,1222.15,473.52,1314.55,712.63,1,-1,-1,-1
245,19,512.76,518.45,590.73,701.91,1,-1,-1,-1
245,21,642.72,526.85,712.44,700.04,1,-1,-1,-1
245,35,1490.02,516.83,1569.32,697.90,1,-1,-1,-1
245,51,292.17,518.80,398.24,737.21,1,-1,-1,-1
245,61,1636.95,595.08,1668.90,658.04,1,-1,-1,-1
245,69,1443.06,542.22,1508.18,688.18,1,-1,-1,-1
