3,14,695.73,266.54,805.28,546.22,1,-1,-1,-1
3,15,570.72,356.00,657.71,557.24,1,-1,-1,-1
3,16,252.05,96.89,466.95,648.89,1,-1,-1,-1
3,17,659.35,362.41,727.67,539.61,1,-1,-1,-1
3,18,1228.74,266.39,1326.01,535.69,1,-1,-1,-1
4,14,699.82,260.87,811.19,545.21,1,-1,-1,-1
4,15,565.07,355.24,652.91,558.55,1,-1,-1,-1
4,16,251.33,95.19,467.67,650.84,1,-1,-1,-1
4,17,658.88,366.32,727.57,544.28,1,-1,-1,-1
4,18,1225.41,265.36,1322.71,534.75,1,-1,-1,-1
5,14,701.40,259.19,813.21,544.65,1,-1,-1,-1
5,15,562.84,354.97,650.96,558.92,1,-1,-1,-1
5,16,252.17,96.17,467.56,649.18,1,-1,-1,-1
5,17,658.28,368.71,726.36,545.10,1,-1,-1,-1
6,16,253.90,106.59,464.65,647.82,1,-1,-1,-1
7,16,254.15,108.42,464.29,648.07,1,-1,-1,-1
7,23,657.76,371.60,727.00,544.22,1,-1,-1,-1
7,25,558.11,356.34,642.92,559.22,1,-1,-1,-1
7,24,710.83,261.58,816.41,542.44,1,-1,-1,-1
8,16,233.66,81.17,462.12,667.03,1,-1,-1,-1
8,23,658.03,372.14,726.95,543.98,1,-1,-1,-1
8,25,558.52,357.84,642.68,558.98,1,-1,-1,-1
8,24,706.84,267.47,810.96,543.49,1,-1,-1,-1
9,16,229.07,74.64,462.20,671.50,1,-1,-1,-1
9,23,658.19,373.00,726.85,543.92,1,-1,-1,-1
9,25,558.91,359.74,641.74,557.43,1,-1,-1,-1
9,24,704.54,267.04,810.31,546.10,1,-1,-1,-1
10,16,234.05,93.60,455.68,660.41,1,-1,-1,-1
10,23,657.71,376.84,726.62,548.24,1,-1,-1,-1
10,25,559.26,364.65,641.29,560.57,1,-1,-1,-1
10,24,704.71,268.94,810.03,545.51,1,-1,-1,-1
11,16,235.35,99.09,454.06,657.95,1,-1,-1,-1
11,23,657.84,378.82,726.24,549.02,1,-1,-1,-1
11,25,553.85,364.83,636.81,563.07,1,-1,-1,-1
11,24,707.60,266.69,815.03,548.09,1,-1,-1,-1
12,16,235.15,100.43,453.59,657.68,1,-1,-1,-1
12,23,652.64,371.82,723.72,548.57,1,-1,-1,-1
12,25,550.58,359.29,635.30,561.86,1,-1,-1,-1
12,24,708.01,265.15,817.48,551.04,1,-1,-1,-1
13,16,235.04,100.91,453.57,657.54,1,-1,-1,-1
13,23,650.96,369.96,722.67,547.71,1,-1,-1,-1
13,25,546.54,362.64,630.28,562.75,1,-1,-1,-1
13,24,708.25,264.55,818.97,552.75,1,-1,-1,-1
14,16,236.34,103.75,453.01,654.78,1,-1,-1,-1
14,23,650.05,368.58,722.62,548.03,1,-1,-1,-1
14,25,545.49,365.90,627.42,561.70,1,-1,-1,-1
14,24,708.46,264.97,819.41,552.67,1,-1,-1,-1
15,16,237.36,106.80,451.70,651.71,1,-1,-1,-1
15,23,649.52,368.08,722.19,547.47,1,-1,-1,-1
15,25,544.58,362.98,626.42,558.58,1,-1,-1,-1
15,24,713.25,265.11,824.22,552.58,1,-1,-1,-1
16,16,233.46,107.24,447.56,650.55,1,-1,-1,-1
16,23,649.32,367.90,722.09,547.24,1,-1,-1,-1
16,25,544.06,361.20,626.39,558.11,1,-1,-1,-1
16,24,715.12,265.82,825.91,552.50,1,-1,-1,-1
17,16,232.33,108.12,446.02,650.36,1,-1,-1,-1
17,18,1175.31,275.87,1275.74,550.85,1,-1,-1,-1
17,23,649.25,367.85,722.11,547.14,1,-1,-1,-1
17,25,542.53,361.56,624.59,557.84,1,-1,-1,-1
17,24,716.05,266.07,826.92,552.44,1,-1,-1,-1
18,16,230.96,107.43,445.75,650.82,1,-1,-1,-1
18,18,1171.56,276.44,1272.14,551.80,1,-1,-1,-1
18,23,649.16,368.51,721.57,546.44,1,-1,-1,-1
18,24,716.38,270.81,826.57,554.38,1,-1,-1,-1
19,16,227.87,101.25,448.21,657.01,1,-1,-1,-1
19,23,649.86,370.10,721.34,545.50,1,-1,-1,-1
19,25,539.60,363.75,619.61,555.34,1,-1,-1,-1
19,24,716.46,273.24,826.40,555.07,1,-1,-1,-1
19,28,671.45,375.30,738.70,540.22,1,-1,-1,-1
20,16,228.56,103.69,447.33,654.57,1,-1,-1,-1
20,23,650.24,371.37,721.19,545.14,1,-1,-1,-1
20,25,539.43,368.94,617.18,555.65,1,-1,-1,-1
20,24,716.30,272.77,827.14,555.97,1,-1,-1,-1
20,28,707.63,377.41,772.20,535.57,1,-1,-1,-1
21,16,227.50,103.89,446.29,654.84,1,-1,-1,-1
21,23,650.60,372.51,720.95,544.35,1,-1,-1,-1
21,25,535.35,370.00,613.00,556.43,1,-1,-1,-1
21,24,715.99,272.56,827.60,556.93,1,-1,-1,-1
21,28,719.28,377.06,783.92,535.35,1,-1,-1,-1
22,17,709.60,368.13,774.00,534.08,1,-1,-1,-1
22,23,651.02,373.60,720.61,543.39,1,-1,-1,-1
22,25,533.87,371.02,610.93,556.06,1,-1,-1,-1
22,24,716.53,274.44,827.08,555.28,1,-1,-1,-1
22,28,754.65,379.19,816.76,531.28,1,-1,-1,-1
22,19,228.99,106.69,447.43,653.12,1,-1,-1,-1
23,17,710.39,368.10,775.16,534.53,1,-1,-1,-1
23,23,651.16,373.99,720.52,543.04,1,-1,-1,-1
23,25,532.60,370.69,609.70,555.93,1,-1,-1,-1
23,24,716.40,274.45,827.16,555.28,1,-1,-1,-1
23,19,228.62,105.50,447.55,653.18,1,-1,-1,-1
24,17,710.59,368.09,775.57,534.70,1,-1,-1,-1
24,23,650.97,373.46,720.75,543.58,1,-1,-1,-1
24,25,532.37,372.53,608.48,555.89,1,-1,-1,-1
24,24,716.50,275.08,827.01,554.60,1,-1,-1,-1
24,19,228.18,104.38,448.03,654.56,1,-1,-1,-1
25,17,709.99,366.09,776.22,535.44,1,-1,-1,-1
25,18,1211.38,278.11,1305.80,536.04,1,-1,-1,-1
25,23,650.91,373.24,720.85,543.80,1,-1,-1,-1
25,25,528.64,371.84,605.15,555.89,1,-1,-1,-1
25,24,716.23,275.29,827.21,554.99,1,-1,-1,-1
25,19,228.78,106.05,447.52,653.67,1,-1,-1,-1
26,17,709.75,365.99,776.32,535.73,1,-1,-1,-1
26,18,1212.80,278.50,1306.78,535.25,1,-1,-1,-1
26,23,650.89,373.15,720.90,543.89,1,-1,-1,-1
26,25,526.90,372.64,603.00,555.69,1,-1,-1,-1
26,24,715.72,274.67,827.01,554.46,1,-1,-1,-1
26,28,539.84,372.52,613.92,553.67,1,-1,-1,-1
26,19,227.82,103.95,448.57,656.73,1,-1,-1,-1
27,17,709.54,365.96,776.32,535.85,1,-1,-1,-1
27,23,651.06,373.11,721.41,544.59,1,-1,-1,-1
27,24,715.96,275.08,827.14,553.58,1,-1,-1,-1
27,28,523.10,372.83,597.91,554.99,1,-1,-1,-1
27,19,231.16,115.31,445.32,652.44,1,-1,-1,-1
28,17,709.52,365.95,776.79,536.56,1,-1,-1,-1
28,23,650.95,373.09,721.13,544.19,1,-1,-1,-1
28,24,716.03,275.87,827.18,553.24,1,-1,-1,-1
28,28,516.01,372.31,591.94,556.75,1,-1,-1,-1
28,19,236.09,117.56,449.32,653.51,1,-1,-1,-1
29,17,710.28,371.90,776.10,538.16,1,-1,-1,-1
29,23,650.80,372.41,721.15,544.04,1,-1,-1,-1
29,24,720.20,276.15,831.00,553.11,1,-1,-1,-1
29,28,513.43,372.76,589.23,556.73,1,-1,-1,-1
29,19,234.62,121.02,445.30,651.20,1,-1,-1,-1
30,17,710.38,374.83,775.22,538.10,1,-1,-1,-1
30,23,650.53,371.49,721.38,544.65,1,-1,-1,-1
30,24,722.14,277.56,832.03,552.39,1,-1,-1,-1
30,28,508.35,370.96,586.13,558.63,1,-1,-1,-1
30,19,233.46,120.89,444.41,652.36,1,-1,-1,-1
31,17,711.56,375.68,776.10,538.21,1,-1,-1,-1
31,23,650.29,371.81,720.94,544.88,1,-1,-1,-1
31,25,696.44,376.98,763.70,539.07,1,-1,-1,-1
31,24,723.69,279.39,832.21,550.79,1,-1,-1,-1
31,28,506.42,370.94,584.37,558.67,1,-1,-1,-1
31,19,233.03,121.45,443.42,652.12,1,-1,-1,-1
32,23,649.88,371.93,720.45,544.97,1,-1,-1,-1
32,25,709.72,377.95,775.90,537.13,1,-1,-1,-1
32,24,725.41,282.72,831.74,548.20,1,-1,-1,-1
32,28,505.95,371.59,583.69,558.63,1,-1,-1,-1
32,19,233.16,122.27,442.78,651.37,1,-1,-1,-1
33,15,465.84,348.00,552.31,553.03,1,-1,-1,-1
33,23,651.02,377.92,719.64,546.32,1,-1,-1,-1
33,25,714.45,378.93,780.01,536.53,1,-1,-1,-1
33,24,729.71,282.59,835.87,548.58,1,-1,-1,-1
33,28,506.38,372.50,583.62,558.57,1,-1,-1,-1
33,19,233.95,123.19,442.49,650.42,1,-1,-1,-1
34,15,470.19,349.35,553.66,552.24,1,-1,-1,-1
34,18,1100.89,278.11,1203.72,553.21,1,-1,-1,-1
34,23,650.75,379.52,719.38,548.17,1,-1,-1,-1
34,25,715.32,378.58,781.41,537.71,1,-1,-1,-1
34,24,731.32,281.84,837.98,549.40,1,-1,-1,-1
34,28,506.08,371.53,584.11,559.82,1,-1,-1,-1
34,19,233.51,122.15,442.48,651.40,1,-1,-1,-1
35,15,472.28,351.12,553.22,550.63,1,-1,-1,-1
35,18,1093.31,274.74,1199.72,556.10,1,-1,-1,-1
35,23,650.61,378.77,720.00,549.51,1,-1,-1,-1
35,25,714.89,377.09,781.83,538.20,1,-1,-1,-1
35,24,731.87,280.87,839.40,550.38,1,-1,-1,-1
35,28,506.32,371.82,583.82,559.61,1,-1,-1,-1
35,19,233.98,123.04,441.85,650.45,1,-1,-1,-1
36,15,470.07,351.29,550.75,550.17,1,-1,-1,-1
36,18,1085.92,272.88,1195.28,558.42,1,-1,-1,-1
36,23,650.47,378.46,720.33,550.65,1,-1,-1,-1
36,25,714.09,376.51,781.84,539.08,1,-1,-1,-1
36,24,731.73,282.46,840.84,555.38,1,-1,-1,-1
36,28,502.74,371.27,580.74,559.49,1,-1,-1,-1
36,19,234.28,124.00,441.52,650.09,1,-1,-1,-1
37,15,473.40,351.09,554.63,551.54,1,-1,-1,-1
37,18,1082.10,270.88,1193.13,560.57,1,-1,-1,-1
37,23,650.45,378.32,720.42,551.07,1,-1,-1,-1
37,25,712.85,375.61,781.38,540.12,1,-1,-1,-1
37,24,736.15,281.06,844.73,553.32,1,-1,-1,-1
37,28,500.99,371.07,579.14,559.42,1,-1,-1,-1
37,19,234.52,124.33,441.28,649.97,1,-1,-1,-1
38,15,477.32,353.13,560.71,557.28,1,-1,-1,-1
38,18,1077.65,272.73,1187.35,558.74,1,-1,-1,-1
38,23,650.82,378.91,720.09,549.89,1,-1,-1,-1
38,25,712.32,375.92,780.69,539.87,1,-1,-1,-1
38,24,737.81,279.84,846.79,553.17,1,-1,-1,-1
38,28,494.99,370.97,573.44,560.06,1,-1,-1,-1
38,19,236.93,133.03,438.88,648.60,1,-1,-1,-1
39,15,478.56,353.83,563.01,559.28,1,-1,-1,-1
39,18,1076.21,273.47,1184.80,557.31,1,-1,-1,-1
39,23,650.96,379.12,719.97,549.42,1,-1,-1,-1
39,25,712.03,376.70,779.91,539.13,1,-1,-1,-1
39,24,738.30,282.67,847.61,556.41,1,-1,-1,-1
39,19,236.67,133.60,439.17,651.43,1,-1,-1,-1
40,15,478.92,354.75,564.02,560.01,1,-1,-1,-1
40,18,1069.70,273.28,1178.68,558.15,1,-1,-1,-1
40,23,649.85,373.22,720.43,547.24,1,-1,-1,-1
40,25,710.88,375.65,779.48,539.54,1,-1,-1,-1
40,24,738.66,283.73,848.28,557.63,1,-1,-1,-1
40,19,236.75,133.76,439.10,652.49,1,-1,-1,-1
41,15,480.89,363.05,563.27,560.26,1,-1,-1,-1
41,23,650.58,371.66,721.43,545.77,1,-1,-1,-1
41,25,710.98,376.58,779.11,539.05,1,-1,-1,-1
41,24,741.85,281.47,853.30,560.05,1,-1,-1,-1
41,19,237.01,133.75,438.87,652.88,1,-1,-1,-1
42,15,481.63,367.52,563.01,560.98,1,-1,-1,-1
42,23,649.99,369.76,722.02,545.86,1,-1,-1,-1
42,25,711.18,376.92,779.06,538.21,1,-1,-1,-1
42,24,743.74,282.57,855.05,560.28,1,-1,-1,-1
42,19,237.17,133.69,438.72,653.02,1,-1,-1,-1
42,21,1068.20,274.56,1174.65,554.66,1,-1,-1,-1
43,15,482.79,369.77,563.38,560.55,1,-1,-1,-1
43,23,650.07,369.06,722.61,545.25,1,-1,-1,-1
43,25,710.79,376.38,779.18,538.58,1,-1,-1,-1
43,24,744.65,282.98,856.07,559.68,1,-1,-1,-1
43,19,237.59,134.95,437.65,651.74,1,-1,-1,-1
43,21,1065.22,272.74,1172.89,556.24,1,-1,-1,-1
44,15,483.20,371.20,562.87,559.02,1,-1,-1,-1
44,23,654.34,370.13,726.48,545.02,1,-1,-1,-1
44,25,710.35,375.51,779.26,538.73,1,-1,-1,-1
44,24,750.22,281.80,859.68,553.48,1,-1,-1,-1
44,19,237.84,134.71,437.82,651.92,1,-1,-1,-1
44,21,1059.71,272.87,1167.58,556.78,1,-1,-1,-1
45,15,483.48,372.32,562.55,558.43,1,-1,-1,-1
45,23,657.94,377.84,727.95,545.60,1,-1,-1,-1
45,25,710.08,374.52,779.81,539.46,1,-1,-1,-1
45,24,753.10,283.33,860.80,549.78,1,-1,-1,-1
45,19,238.04,135.90,437.13,651.32,1,-1,-1,-1
45,21,1053.77,274.36,1160.80,555.53,1,-1,-1,-1
46,15,483.20,372.00,562.81,558.88,1,-1,-1,-1
46,23,662.51,379.44,733.31,547.85,1,-1,-1,-1
46,25,710.19,374.80,779.61,539.09,1,-1,-1,-1
46,24,757.29,281.22,865.96,550.41,1,-1,-1,-1
46,19,239.20,137.64,436.45,648.45,1,-1,-1,-1
46,21,1045.57,272.77,1153.64,555.80,1,-1,-1,-1
47,15,483.41,371.82,563.26,559.03,1,-1,-1,-1
47,23,664.70,380.01,736.02,548.00,1,-1,-1,-1
47,25,712.57,374.75,781.93,538.88,1,-1,-1,-1
47,24,759.84,281.76,868.06,549.34,1,-1,-1,-1
47,19,241.05,142.24,434.79,644.04,1,-1,-1,-1
47,21,1037.84,272.89,1146.65,556.59,1,-1,-1,-1
48,15,483.06,371.70,563.20,559.75,1,-1,-1,-1
48,23,669.03,379.54,741.41,548.72,1,-1,-1,-1
48,24,765.15,282.62,872.29,548.28,1,-1,-1,-1
48,19,234.18,132.56,432.40,645.08,1,-1,-1,-1
48,21,1035.12,274.30,1143.74,556.20,1,-1,-1,-1
49,15,482.89,372.27,562.55,559.34,1,-1,-1,-1
49,23,674.37,377.36,748.85,550.30,1,-1,-1,-1
49,24,767.37,282.28,874.80,548.57,1,-1,-1,-1
49,19,238.06,137.53,434.33,644.82,1,-1,-1,-1
49,21,1030.72,277.54,1137.73,554.02,1,-1,-1,-1
50,15,482.67,373.10,561.79,559.18,1,-1,-1,-1
50,23,676.74,377.84,751.83,550.23,1,-1,-1,-1
50,24,772.96,282.80,879.40,548.04,1,-1,-1,-1
50,19,233.96,137.43,431.41,646.74,1,-1,-1,-1
50,21,1028.99,278.72,1135.38,552.54,1,-1,-1,-1
51,15,483.16,373.37,562.27,559.78,1,-1,-1,-1
51,23,678.19,379.33,752.89,548.87,1,-1,-1,-1
51,24,775.30,283.66,881.36,548.52,1,-1,-1,-1
51,19,232.96,138.69,429.81,645.50,1,-1,-1,-1
51,21,1023.26,277.78,1131.24,554.04,1,-1,-1,-1
52,15,484.44,379.41,561.36,560.66,1,-1,-1,-1
52,23,683.05,379.23,758.09,548.34,1,-1,-1,-1
52,24,777.26,287.95,882.13,549.38,1,-1,-1,-1
52,19,232.39,139.14,429.44,645.70,1,-1,-1,-1
52,21,1020.98,276.75,1130.21,555.27,1,-1,-1,-1
53,15,484.62,381.64,560.64,560.98,1,-1,-1,-1
53,23,688.02,373.21,764.66,546.81,1,-1,-1,-1
53,24,782.13,290.22,886.05,549.72,1,-1,-1,-1
53,19,232.12,139.28,429.41,645.79,1,-1,-1,-1
53,21,1016.38,277.01,1125.27,553.08,1,-1,-1,-1
54,15,484.83,383.08,560.24,561.09,1,-1,-1,-1
54,23,690.65,371.62,766.84,544.93,1,-1,-1,-1
54,24,784.17,291.04,887.75,549.85,1,-1,-1,-1
54,19,230.98,136.66,430.47,648.48,1,-1,-1,-1
54,21,1013.63,276.42,1123.46,554.26,1,-1,-1,-1
55,15,485.00,383.55,559.99,561.12,1,-1,-1,-1
55,23,691.93,371.69,767.82,544.21,1,-1,-1,-1
55,24,788.80,291.31,892.27,550.57,1,-1,-1,-1
55,19,230.66,136.32,430.81,648.84,1,-1,-1,-1
55,21,1012.96,276.86,1122.72,554.71,1,-1,-1,-1
56,15,485.12,383.67,559.85,561.12,1,-1,-1,-1
56,23,692.08,370.41,768.96,545.28,1,-1,-1,-1
56,24,791.06,291.38,894.57,551.51,1,-1,-1,-1
56,19,230.67,136.84,430.84,648.32,1,-1,-1,-1
56,21,1014.69,284.98,1120.12,552.23,1,-1,-1,-1
57,15,484.93,383.65,559.38,561.11,1,-1,-1,-1
57,23,695.11,367.98,773.48,547.00,1,-1,-1,-1
57,24,792.28,292.04,895.50,551.20,1,-1,-1,-1
57,19,230.36,136.36,431.20,648.78,1,-1,-1,-1
57,21,1011.11,287.38,1115.66,551.96,1,-1,-1,-1
58,15,485.04,383.60,559.01,560.43,1,-1,-1,-1
58,23,696.40,367.73,774.89,547.66,1,-1,-1,-1
58,24,796.55,291.59,899.78,551.74,1,-1,-1,-1
58,19,230.07,135.52,431.54,648.95,1,-1,-1,-1
58,21,1008.95,282.86,1115.12,551.88,1,-1,-1,-1
59,15,485.18,382.87,559.45,560.84,1,-1,-1,-1
59,23,698.66,367.02,777.51,547.74,1,-1,-1,-1
59,24,938.85,286.77,1042.86,549.30,1,-1,-1,-1
59,19,235.70,137.83,435.20,646.37,1,-1,-1,-1
59,21,1006.04,283.43,1111.86,551.58,1,-1,-1,-1
60,15,485.16,382.57,559.69,561.65,1,-1,-1,-1
60,18,808.34,294.78,905.13,549.22,1,-1,-1,-1
60,23,694.53,373.03,767.91,542.54,1,-1,-1,-1
60,24,988.24,290.87,1090.58,549.04,1,-1,-1,-1
60,19,237.74,138.71,436.69,646.05,1,-1,-1,-1
61,15,485.20,382.42,559.74,561.95,1,-1,-1,-1
61,18,805.08,295.95,900.46,547.48,1,-1,-1,-1
61,23,696.13,373.00,769.33,542.09,1,-1,-1,-1
61,25,694.62,376.96,762.92,539.94,1,-1,-1,-1
61,24,1006.05,291.77,1108.05,549.61,1,-1,-1,-1
61,19,236.58,130.41,439.16,646.61,1,-1,-1,-1
62,15,485.27,383.01,559.65,562.16,1,-1,-1,-1
62,18,803.61,294.94,899.37,546.98,1,-1,-1,-1
62,23,722.39,380.16,793.47,545.11,1,-1,-1,-1
62,25,689.66,377.02,758.11,540.68,1,-1,-1,-1
62,24,1006.44,290.10,1110.66,553.15,1,-1,-1,-1
62,19,235.13,124.68,441.08,648.79,1,-1,-1,-1
63,15,484.55,381.57,559.65,562.86,1,-1,-1,-1
63,18,804.34,296.58,899.31,544.79,1,-1,-1,-1
63,23,728.56,381.65,798.85,545.70,1,-1,-1,-1
63,25,686.92,376.38,755.65,541.59,1,-1,-1,-1
63,24,1000.72,286.84,1107.71,556.44,1,-1,-1,-1
63,19,234.77,122.52,442.23,649.62,1,-1,-1,-1
64,15,484.52,381.94,559.58,563.12,1,-1,-1,-1
64,18,804.73,297.15,900.26,544.00,1,-1,-1,-1
64,23,730.46,382.16,800.14,545.23,1,-1,-1,-1
64,25,681.15,375.48,750.96,542.58,1,-1,-1,-1
64,24,994.06,293.43,1100.05,558.33,1,-1,-1,-1
64,19,234.66,122.40,442.63,649.94,1,-1,-1,-1
65,18,809.25,293.25,905.09,541.04,1,-1,-1,-1
65,23,730.97,380.98,801.17,545.72,1,-1,-1,-1
65,25,674.75,374.48,745.59,542.95,1,-1,-1,-1
65,24,989.07,287.38,1097.85,559.03,1,-1,-1,-1
65,19,234.46,123.06,442.24,649.39,1,-1,-1,-1
66,18,811.34,291.80,907.68,539.99,1,-1,-1,-1
66,23,731.72,381.84,801.40,545.25,1,-1,-1,-1
66,25,672.49,374.30,743.52,543.24,1,-1,-1,-1
66,24,983.69,292.97,1091.39,559.92,1,-1,-1,-1
66,28,669.80,372.98,740.24,542.16,1,-1,-1,-1
66,19,235.49,125.99,440.95,645.88,1,-1,-1,-1
67,18,812.44,291.25,909.46,540.31,1,-1,-1,-1
67,23,735.05,382.43,804.46,545.20,1,-1,-1,-1
67,25,721.09,380.25,790.42,545.45,1,-1,-1,-1
67,24,977.88,284.54,1090.12,562.88,1,-1,-1,-1
67,28,669.43,380.49,737.47,542.60,1,-1,-1,-1
67,19,235.60,126.48,440.73,645.21,1,-1,-1,-1
68,18,812.66,289.71,911.34,541.13,1,-1,-1,-1
68,25,732.46,380.91,801.83,545.98,1,-1,-1,-1
68,24,977.16,287.26,1087.22,560.06,1,-1,-1,-1
68,28,668.73,377.63,737.75,541.30,1,-1,-1,-1
68,19,236.11,127.34,440.82,644.30,1,-1,-1,-1
69,18,815.43,286.49,916.94,544.79,1,-1,-1,-1
69,25,735.27,379.81,806.20,548.15,1,-1,-1,-1
69,24,972.96,288.36,1081.79,557.58,1,-1,-1,-1
69,28,668.63,382.09,735.93,541.55,1,-1,-1,-1
69,19,236.20,127.68,440.93,644.64,1,-1,-1,-1
70,18,812.91,285.86,914.60,544.62,1,-1,-1,-1
70,25,736.54,379.38,808.02,548.29,1,-1,-1,-1
70,24,871.76,286.13,978.68,550.00,1,-1,-1,-1
70,28,667.53,379.58,735.01,540.30,1,-1,-1,-1
70,19,241.70,131.13,443.42,640.81,1,-1,-1,-1
71,25,737.52,380.53,808.55,547.65,1,-1,-1,-1
71,24,833.19,283.96,940.71,548.48,1,-1,-1,-1
71,28,662.99,377.96,731.06,539.88,1,-1,-1,-1
71,19,243.90,132.44,444.23,639.38,1,-1,-1,-1
71,21,967.35,287.06,1072.72,554.87,1,-1,-1,-1
72,25,737.55,380.29,808.78,547.38,1,-1,-1,-1
72,24,819.86,285.15,926.74,546.61,1,-1,-1,-1
72,28,660.66,376.00,729.32,539.75,1,-1,-1,-1
72,19,243.69,130.26,445.52,641.52,1,-1,-1,-1
72,21,965.69,285.76,1071.63,555.69,1,-1,-1,-1
73,25,737.28,380.19,808.91,547.27,1,-1,-1,-1
73,24,814.74,284.95,922.35,546.60,1,-1,-1,-1
73,28,655.04,373.27,725.25,540.40,1,-1,-1,-1
73,19,244.07,130.76,445.48,641.03,1,-1,-1,-1
73,21,961.30,285.99,1066.48,555.30,1,-1,-1,-1
74,25,737.11,376.18,809.46,544.56,1,-1,-1,-1
74,24,813.50,285.55,921.37,545.96,1,-1,-1,-1
74,28,653.16,374.24,722.76,540.00,1,-1,-1,-1
74,19,244.69,130.95,445.60,640.20,1,-1,-1,-1
74,21,953.53,278.79,1061.64,557.13,1,-1,-1,-1
75,25,736.91,374.66,809.61,543.54,1,-1,-1,-1
75,24,817.76,290.44,924.30,547.07,1,-1,-1,-1
75,28,652.25,373.97,721.26,539.20,1,-1,-1,-1
75,19,244.52,131.02,445.34,640.56,1,-1,-1,-1
75,21,948.53,284.59,1053.60,555.20,1,-1,-1,-1
76,23,737.38,374.39,809.11,542.08,1,-1,-1,-1
76,25,739.00,374.28,811.82,543.43,1,-1,-1,-1
76,24,820.78,293.61,926.00,546.19,1,-1,-1,-1
76,28,651.39,375.21,719.21,538.92,1,-1,-1,-1
76,19,238.81,123.10,442.90,640.06,1,-1,-1,-1
76,21,939.59,277.57,1047.87,556.43,1,-1,-1,-1
77,23,740.71,374.68,811.75,541.95,1,-1,-1,-1
77,24,825.90,289.43,932.55,545.88,1,-1,-1,-1
77,28,648.88,376.36,715.28,537.49,1,-1,-1,-1
77,19,241.51,121.45,445.66,638.57,1,-1,-1,-1
77,21,935.81,273.03,1045.78,557.53,1,-1,-1,-1
78,23,741.75,374.12,812.76,542.56,1,-1,-1,-1
78,24,828.69,289.86,934.38,543.80,1,-1,-1,-1
78,28,648.32,378.13,712.78,535.65,1,-1,-1,-1
78,19,241.91,119.53,447.34,639.33,1,-1,-1,-1
78,21,931.18,275.23,1039.98,555.98,1,-1,-1,-1
79,23,742.77,375.24,812.40,541.49,1,-1,-1,-1
79,24,834.72,290.68,939.14,542.37,1,-1,-1,-1
79,28,648.02,380.13,710.63,534.31,1,-1,-1,-1
79,19,242.42,119.50,447.59,638.32,1,-1,-1,-1
79,21,928.76,275.48,1037.43,556.03,1,-1,-1,-1
79,38,1785.34,315.25,1873.87,514.97,1,-1,-1,-1
80,23,739.57,375.02,809.77,541.74,1,-1,-1,-1
80,24,836.70,288.98,942.15,543.19,1,-1,-1,-1
80,28,647.92,380.86,708.53,531.83,1,-1,-1,-1
80,19,243.02,120.84,447.25,636.64,1,-1,-1,-1
80,21,924.32,276.91,1031.73,554.07,1,-1,-1,-1
80,38,1778.14,311.24,1870.12,518.73,1,-1,-1,-1
81,23,742.47,376.26,811.20,540.53,1,-1,-1,-1
81,24,838.37,289.66,943.16,542.20,1,-1,-1,-1
81,28,644.50,377.74,704.46,528.25,1,-1,-1,-1
81,19,243.06,121.39,447.28,636.68,1,-1,-1,-1
81,21,918.39,278.81,1024.88,551.99,1,-1,-1,-1
81,38,1769.49,302.72,1865.15,518.50,1,-1,-1,-1
82,23,743.58,377.41,810.99,539.41,1,-1,-1,-1
82,24,843.74,289.92,947.61,541.19,1,-1,-1,-1
82,28,643.69,377.77,703.13,526.95,1,-1,-1,-1
82,19,243.64,122.94,446.69,635.39,1,-1,-1,-1
82,21,911.97,281.54,1017.53,549.89,1,-1,-1,-1
82,38,1767.60,301.90,1862.48,516.28,1,-1,-1,-1
83,23,739.93,376.50,808.24,540.34,1,-1,-1,-1
83,24,847.04,291.34,949.43,539.50,1,-1,-1,-1
83,19,244.46,125.53,445.19,632.28,1,-1,-1,-1
83,21,908.93,281.89,1014.45,549.12,1,-1,-1,-1
83,38,1762.26,300.42,1857.54,516.11,1,-1,-1,-1
84,23,738.50,376.17,807.24,540.69,1,-1,-1,-1
84,24,852.77,291.87,953.70,538.24,1,-1,-1,-1
84,19,239.37,123.19,442.02,634.46,1,-1,-1,-1
84,21,902.78,279.36,1010.68,551.51,1,-1,-1,-1
84,38,1754.53,297.96,1851.59,517.41,1,-1,-1,-1
85,23,737.87,376.70,806.26,540.18,1,-1,-1,-1
85,24,855.94,292.72,954.94,535.80,1,-1,-1,-1
85,19,242.95,124.96,443.94,632.65,1,-1,-1,-1
85,21,900.54,278.42,1008.85,551.76,1,-1,-1,-1
85,38,1751.62,296.48,1849.76,518.56,1,-1,-1,-1
86,23,737.43,376.90,805.40,539.32,1,-1,-1,-1
86,24,856.71,291.69,955.82,536.26,1,-1,-1,-1
86,19,244.16,124.98,444.84,632.65,1,-1,-1,-1
86,21,895.66,278.72,1003.97,551.86,1,-1,-1,-1
86,38,1746.31,297.37,1843.63,517.65,1,-1,-1,-1
87,23,737.37,376.98,804.96,538.35,1,-1,-1,-1
87,24,857.71,291.96,956.06,535.80,1,-1,-1,-1
87,19,244.62,125.65,444.50,632.02,1,-1,-1,-1
87,21,894.92,281.49,1001.35,550.58,1,-1,-1,-1
87,38,1741.78,295.43,1840.05,517.85,1,-1,-1,-1
88,23,736.82,376.34,804.65,538.00,1,-1,-1,-1
88,24,860.22,288.07,961.29,539.64,1,-1,-1,-1
88,19,245.69,127.23,444.13,630.48,1,-1,-1,-1
88,21,887.35,275.23,998.06,555.43,1,-1,-1,-1
89,23,732.42,376.10,800.79,537.88,1,-1,-1,-1
89,24,857.29,285.97,959.86,541.09,1,-1,-1,-1
89,19,245.57,125.83,444.49,631.25,1,-1,-1,-1
89,21,882.98,274.67,994.03,555.74,1,-1,-1,-1
90,23,730.96,376.68,799.14,537.18,1,-1,-1,-1
90,24,859.43,282.55,964.51,544.28,1,-1,-1,-1
90,19,245.56,124.64,445.24,632.88,1,-1,-1,-1
91,23,730.69,377.56,798.28,536.27,1,-1,-1,-1
91,24,859.82,280.62,967.33,547.45,1,-1,-1,-1
91,19,246.12,126.17,444.29,631.54,1,-1,-1,-1
92,23,730.80,378.55,797.80,535.28,1,-1,-1,-1
92,24,865.16,281.86,972.28,547.35,1,-1,-1,-1
92,19,250.44,125.42,448.41,631.70,1,-1,-1,-1
93,23,731.01,379.59,797.49,534.93,1,-1,-1,-1
93,24,866.40,280.40,974.28,548.60,1,-1,-1,-1
93,19,252.08,125.14,449.92,632.44,1,-1,-1,-1
94,23,730.68,379.96,797.16,535.48,1,-1,-1,-1
94,24,865.76,277.91,975.41,551.68,1,-1,-1,-1
94,19,252.35,123.06,451.46,634.71,1,-1,-1,-1
95,23,730.59,380.09,797.04,535.70,1,-1,-1,-1
95,24,865.78,276.34,976.14,552.83,1,-1,-1,-1
95,19,249.49,125.56,446.38,632.28,1,-1,-1,-1
96,23,731.20,381.46,797.05,535.80,1,-1,-1,-1
96,24,865.12,274.46,976.34,554.55,1,-1,-1,-1
96,19,247.10,123.88,445.03,634.01,1,-1,-1,-1
97,23,731.06,381.96,796.79,536.52,1,-1,-1,-1
97,24,863.76,271.83,976.80,557.78,1,-1,-1,-1
97,19,251.48,123.91,449.13,634.00,1,-1,-1,-1
98,23,732.05,386.11,796.34,537.45,1,-1,-1,-1
98,24,863.89,272.15,976.26,557.69,1,-1,-1,-1
98,19,252.08,121.94,451.08,635.98,1,-1,-1,-1
99,23,731.97,383.64,796.66,536.48,1,-1,-1,-1
99,24,860.09,272.33,972.62,558.91,1,-1,-1,-1
99,19,253.20,123.84,450.88,634.75,1,-1,-1,-1
99,38,1774.80,305.27,1867.71,511.20,1,-1,-1,-1
100,23,731.86,383.37,796.20,535.46,1,-1,-1,-1
100,24,857.98,271.13,971.20,560.65,1,-1,-1,-1
100,19,253.26,122.60,451.79,636.25,1,-1,-1,-1
100,38,1775.86,305.43,1868.54,510.83,1,-1,-1,-1
101,23,731.31,381.93,795.90,535.08,1,-1,-1,-1
101,24,856.95,270.70,969.56,560.62,1,-1,-1,-1
101,19,252.79,120.81,452.59,638.14,1,-1,-1,-1
102,23,730.39,378.73,797.17,537.59,1,-1,-1,-1
102,24,853.77,275.82,964.50,561.87,1,-1,-1,-1
102,19,257.70,122.12,456.32,637.52,1,-1,-1,-1
103,23,731.16,379.49,797.85,537.23,1,-1,-1,-1
103,24,852.68,278.48,962.44,562.31,1,-1,-1,-1
103,19,260.74,125.27,456.53,633.97,1,-1,-1,-1
104,23,731.97,385.07,797.63,539.06,1,-1,-1,-1
104,24,851.73,278.83,961.59,563.10,1,-1,-1,-1
104,19,261.56,124.48,457.52,633.95,1,-1,-1,-1
105,23,732.72,387.86,797.11,537.76,1,-1,-1,-1
105,24,851.03,278.30,960.99,563.36,1,-1,-1,-1
105,19,267.07,126.83,461.22,631.96,1,-1,-1,-1
106,23,736.46,388.20,800.83,537.94,1,-1,-1,-1
106,24,851.49,280.73,960.09,562.76,1,-1,-1,-1
106,19,264.28,127.05,458.11,631.87,1,-1,-1,-1
107,23,737.68,388.31,802.33,538.66,1,-1,-1,-1
107,24,852.20,283.65,959.26,561.18,1,-1,-1,-1
107,19,268.52,129.10,460.84,629.87,1,-1,-1,-1
107,38,1689.63,315.66,1778.46,515.72,1,-1,-1,-1
108,23,737.75,387.66,803.25,540.26,1,-1,-1,-1
108,24,850.58,278.08,960.88,564.54,1,-1,-1,-1
108,19,269.66,129.20,462.25,629.79,1,-1,-1,-1
108,21,907.74,292.72,1002.42,537.23,1,-1,-1,-1
108,38,1682.89,316.57,1771.43,515.97,1,-1,-1,-1
109,23,738.07,387.39,803.93,540.85,1,-1,-1,-1
109,24,851.87,281.90,959.63,561.85,1,-1,-1,-1
109,19,270.00,127.90,463.44,630.44,1,-1,-1,-1
109,21,908.76,292.41,1003.06,537.57,1,-1,-1,-1
110,23,737.72,385.95,804.63,541.72,1,-1,-1,-1
110,24,847.08,280.07,955.83,562.09,1,-1,-1,-1
110,19,269.42,126.07,464.51,632.02,1,-1,-1,-1
110,21,914.56,293.73,1006.62,535.58,1,-1,-1,-1
111,23,737.43,385.40,805.01,542.70,1,-1,-1,-1
111,24,844.68,279.38,954.41,562.82,1,-1,-1,-1
111,19,269.17,125.37,464.86,632.63,1,-1,-1,-1
111,21,915.85,292.81,1008.68,536.93,1,-1,-1,-1
112,23,737.88,386.49,804.56,541.74,1,-1,-1,-1
112,24,843.69,278.46,954.03,563.09,1,-1,-1,-1
112,28,527.60,358.03,603.65,543.91,1,-1,-1,-1
112,19,269.07,124.45,465.58,633.52,1,-1,-1,-1
112,21,916.68,292.44,1010.33,537.46,1,-1,-1,-1
113,23,738.19,387.57,804.22,540.69,1,-1,-1,-1
113,24,895.12,286.68,995.73,546.04,1,-1,-1,-1
113,28,525.44,358.90,601.39,543.07,1,-1,-1,-1
113,19,269.91,126.08,464.89,631.22,1,-1,-1,-1
113,21,918.11,292.87,1011.43,537.02,1,-1,-1,-1
114,18,832.23,264.99,951.38,566.96,1,-1,-1,-1
114,23,738.94,388.63,804.08,539.62,1,-1,-1,-1
114,24,915.38,290.57,1012.51,540.06,1,-1,-1,-1
114,28,519.95,358.11,597.96,544.51,1,-1,-1,-1
114,19,274.23,126.04,469.18,631.67,1,-1,-1,-1
115,18,828.12,266.21,947.82,565.85,1,-1,-1,-1
115,23,739.32,389.01,803.91,538.55,1,-1,-1,-1
115,24,921.20,289.87,1018.74,539.37,1,-1,-1,-1
115,28,517.84,359.11,595.54,543.77,1,-1,-1,-1
115,19,275.70,126.03,470.21,631.19,1,-1,-1,-1
116,18,825.78,264.64,946.69,566.77,1,-1,-1,-1
116,23,740.18,390.47,803.77,537.49,1,-1,-1,-1
116,24,928.10,290.26,1025.21,538.51,1,-1,-1,-1
116,28,518.21,361.48,593.73,541.50,1,-1,-1,-1
116,19,276.48,126.68,470.29,631.01,1,-1,-1,-1
117,18,819.22,263.40,942.52,569.11,1,-1,-1,-1
117,23,740.05,390.33,803.47,537.09,1,-1,-1,-1
117,24,930.56,291.04,1027.87,538.94,1,-1,-1,-1
117,28,518.83,362.41,592.85,540.61,1,-1,-1,-1
117,19,277.21,126.92,470.45,630.95,1,-1,-1,-1
118,18,818.59,262.85,942.42,569.89,1,-1,-1,-1
118,23,740.47,391.59,802.88,536.29,1,-1,-1,-1
118,24,931.18,289.95,1029.34,539.16,1,-1,-1,-1
118,28,519.05,366.72,592.10,543.56,1,-1,-1,-1
118,19,277.40,127.67,469.86,630.27,1,-1,-1,-1
118,21,818.94,270.55,934.99,569.79,1,-1,-1,-1
119,23,746.51,396.72,804.76,532.66,1,-1,-1,-1
119,24,930.47,288.19,1030.43,540.63,1,-1,-1,-1
119,28,516.28,367.06,589.38,544.02,1,-1,-1,-1
119,19,277.76,127.29,469.93,630.02,1,-1,-1,-1
119,21,810.24,264.42,929.95,570.95,1,-1,-1,-1
120,23,747.54,397.79,805.03,531.97,1,-1,-1,-1
120,24,935.24,290.16,1033.39,537.91,1,-1,-1,-1
120,19,277.86,127.14,469.93,629.94,1,-1,-1,-1
120,21,803.09,267.83,923.24,571.96,1,-1,-1,-1
121,24,937.53,292.23,1034.28,536.26,1,-1,-1,-1
121,19,277.68,126.42,470.08,630.57,1,-1,-1,-1
121,21,800.65,269.26,921.51,572.88,1,-1,-1,-1
122,23,740.41,386.19,801.67,530.94,1,-1,-1,-1
122,24,937.93,291.64,1035.37,536.36,1,-1,-1,-1
122,19,273.19,126.14,465.92,630.82,1,-1,-1,-1
122,21,799.77,269.87,920.64,573.16,1,-1,-1,-1
123,23,735.95,383.91,798.03,530.77,1,-1,-1,-1
123,24,941.50,290.73,1039.40,536.43,1,-1,-1,-1
123,19,271.16,126.04,463.98,630.92,1,-1,-1,-1
123,21,794.50,268.21,917.25,575.13,1,-1,-1,-1
124,23,734.33,383.09,796.68,530.71,1,-1,-1,-1
124,24,943.29,289.71,1042.16,537.16,1,-1,-1,-1
124,19,275.25,127.32,466.98,630.29,1,-1,-1,-1
124,21,792.14,266.31,916.07,576.46,1,-1,-1,-1
125,23,732.87,382.14,795.75,531.37,1,-1,-1,-1
125,24,944.21,290.64,1042.68,536.15,1,-1,-1,-1
125,19,276.14,125.82,468.77,632.05,1,-1,-1,-1
125,21,785.75,259.12,912.42,576.25,1,-1,-1,-1
126,23,731.64,380.50,795.46,532.30,1,-1,-1,-1
126,24,944.25,290.31,1043.55,536.46,1,-1,-1,-1
126,19,276.40,125.92,468.84,632.05,1,-1,-1,-1
126,21,779.31,257.71,906.30,575.45,1,-1,-1,-1
127,23,731.19,380.55,794.72,532.01,1,-1,-1,-1
127,24,947.71,285.55,1048.15,534.61,1,-1,-1,-1
127,19,276.60,125.95,469.39,632.71,1,-1,-1,-1
127,21,772.98,257.89,899.74,573.76,1,-1,-1,-1
128,23,727.37,379.94,791.56,532.57,1,-1,-1,-1
128,24,949.52,284.41,1049.82,532.63,1,-1,-1,-1
128,19,276.83,125.97,469.41,632.29,1,-1,-1,-1
128,21,771.11,258.69,897.12,571.74,1,-1,-1,-1
129,23,725.82,381.05,789.22,531.47,1,-1,-1,-1
129,24,954.33,284.00,1054.02,530.58,1,-1,-1,-1
129,19,277.35,127.30,468.96,630.81,1,-1,-1,-1
129,21,770.17,258.40,896.14,570.92,1,-1,-1,-1
130,23,725.42,382.17,788.87,531.73,1,-1,-1,-1
130,24,956.55,283.86,1056.29,530.51,1,-1,-1,-1
130,19,277.14,125.82,469.83,632.23,1,-1,-1,-1
130,21,770.85,262.29,893.80,567.29,1,-1,-1,-1
131,23,725.02,382.60,788.41,531.83,1,-1,-1,-1
131,24,961.94,284.48,1060.96,529.86,1,-1,-1,-1
131,19,277.00,125.92,469.55,632.11,1,-1,-1,-1
131,21,766.68,261.18,890.50,567.20,1,-1,-1,-1
132,23,723.98,382.12,787.87,532.54,1,-1,-1,-1
132,24,964.18,284.73,1062.94,529.65,1,-1,-1,-1
132,19,276.51,124.64,469.84,633.38,1,-1,-1,-1
132,21,764.47,259.47,890.21,569.79,1,-1,-1,-1
133,23,723.02,381.29,787.65,533.47,1,-1,-1,-1
133,24,968.99,284.84,1067.42,529.61,1,-1,-1,-1
133,19,276.96,124.81,469.96,633.19,1,-1,-1,-1
133,21,762.42,256.22,890.31,572.07,1,-1,-1,-1
134,23,722.80,380.98,787.48,533.17,1,-1,-1,-1
134,24,969.93,282.23,1070.40,532.27,1,-1,-1,-1
134,19,277.07,124.23,470.05,633.12,1,-1,-1,-1
134,21,762.15,256.33,890.12,572.27,1,-1,-1,-1
135,23,719.88,381.54,784.40,532.39,1,-1,-1,-1
135,24,970.85,281.27,1072.06,533.28,1,-1,-1,-1
135,19,276.74,122.69,470.45,634.40,1,-1,-1,-1
135,21,757.33,255.11,886.53,573.63,1,-1,-1,-1
136,23,718.79,381.76,783.27,532.10,1,-1,-1,-1
136,24,970.25,278.95,1073.40,535.00,1,-1,-1,-1
136,19,276.55,120.80,471.30,636.20,1,-1,-1,-1
136,21,749.65,252.71,881.41,576.09,1,-1,-1,-1
137,23,717.88,381.86,782.77,532.66,1,-1,-1,-1
137,24,974.08,278.74,1077.52,535.65,1,-1,-1,-1
137,19,276.19,120.10,471.24,636.87,1,-1,-1,-1
137,21,746.92,252.49,879.52,577.00,1,-1,-1,-1
138,23,717.03,379.92,783.16,533.53,1,-1,-1,-1
138,24,975.02,278.03,1079.41,537.22,1,-1,-1,-1
138,19,276.01,119.20,471.25,637.11,1,-1,-1,-1
138,21,742.74,255.73,873.69,574.69,1,-1,-1,-1
139,23,716.86,379.85,783.23,533.86,1,-1,-1,-1
139,24,975.01,276.47,1080.95,539.12,1,-1,-1,-1
139,19,275.80,118.87,471.38,637.84,1,-1,-1,-1
139,21,741.73,258.34,871.20,572.44,1,-1,-1,-1
140,23,716.81,379.84,783.30,533.98,1,-1,-1,-1
140,24,975.24,277.21,1081.13,538.53,1,-1,-1,-1
140,19,276.26,120.09,470.88,636.78,1,-1,-1,-1
140,21,740.65,258.68,870.60,572.90,1,-1,-1,-1
141,23,716.51,379.19,783.02,534.02,1,-1,-1,-1
141,24,975.82,278.19,1081.16,536.97,1,-1,-1,-1
141,19,276.56,120.57,470.55,636.37,1,-1,-1,-1
141,21,743.92,255.51,876.20,575.71,1,-1,-1,-1
142,23,716.58,380.27,782.13,533.38,1,-1,-1,-1
142,24,975.77,279.24,1081.27,536.36,1,-1,-1,-1
142,19,276.75,120.77,470.35,636.20,1,-1,-1,-1
142,21,745.94,255.65,877.69,575.44,1,-1,-1,-1
143,23,716.13,380.69,781.00,533.13,1,-1,-1,-1
143,24,980.57,280.97,1084.93,534.15,1,-1,-1,-1
143,19,276.75,119.53,471.00,637.45,1,-1,-1,-1
143,21,747.30,256.38,877.23,573.34,1,-1,-1,-1
144,23,713.49,381.52,777.80,532.38,1,-1,-1,-1
144,24,981.85,280.31,1086.69,533.31,1,-1,-1,-1
144,19,274.44,109.18,473.54,639.89,1,-1,-1,-1
144,21,748.88,259.32,876.14,570.53,1,-1,-1,-1
145,23,712.45,382.50,776.03,531.43,1,-1,-1,-1
145,24,986.40,275.43,1092.41,530.36,1,-1,-1,-1
145,19,272.94,103.34,475.13,642.11,1,-1,-1,-1
145,21,744.46,258.45,872.24,571.47,1,-1,-1,-1
145,38,1549.70,333.02,1626.97,510.02,1,-1,-1,-1
146,23,711.77,382.20,775.08,531.08,1,-1,-1,-1
146,24,988.52,275.58,1094.00,527.94,1,-1,-1,-1
146,19,272.98,103.12,475.11,641.63,1,-1,-1,-1
146,21,742.56,257.46,870.49,571.15,1,-1,-1,-1
146,38,1546.50,333.41,1623.51,509.81,1,-1,-1,-1
147,23,711.33,382.09,774.31,530.95,1,-1,-1,-1
147,24,989.01,274.34,1095.37,527.72,1,-1,-1,-1
147,19,275.30,109.68,472.13,634.84,1,-1,-1,-1
147,21,738.25,258.42,864.97,569.72,1,-1,-1,-1
148,23,710.12,382.04,773.15,531.58,1,-1,-1,-1
148,24,994.10,275.22,1099.42,526.34,1,-1,-1,-1
148,19,274.19,106.95,472.98,637.54,1,-1,-1,-1
148,21,735.93,258.12,863.06,570.50,1,-1,-1,-1
149,23,707.43,380.04,769.07,526.53,1,-1,-1,-1
149,24,996.24,275.58,1101.22,525.84,1,-1,-1,-1
149,19,274.12,106.62,472.96,637.23,1,-1,-1,-1
149,21,734.92,257.35,862.63,571.46,1,-1,-1,-1
150,23,705.24,377.95,767.45,525.96,1,-1,-1,-1
150,24,1002.66,279.05,1104.71,523.04,1,-1,-1,-1
150,19,273.81,106.54,472.57,637.10,1,-1,-1,-1
150,21,729.98,256.41,858.61,572.49,1,-1,-1,-1
151,23,703.94,377.18,766.09,525.10,1,-1,-1,-1
151,24,1005.88,281.04,1105.68,520.68,1,-1,-1,-1
151,19,275.37,111.16,470.74,633.09,1,-1,-1,-1
151,21,722.87,252.10,852.60,569.58,1,-1,-1,-1
151,38,1529.27,328.40,1604.88,505.20,1,-1,-1,-1
152,23,699.31,376.91,761.87,525.47,1,-1,-1,-1
152,24,1007.07,281.77,1105.82,519.84,1,-1,-1,-1
152,19,275.63,112.29,469.72,631.57,1,-1,-1,-1
152,21,720.47,255.09,850.20,571.11,1,-1,-1,-1
152,38,1525.87,328.08,1601.37,504.63,1,-1,-1,-1
153,23,697.92,377.48,760.04,524.97,1,-1,-1,-1
153,24,1007.68,282.04,1106.19,520.24,1,-1,-1,-1
153,19,270.27,109.40,466.84,635.00,1,-1,-1,-1
153,21,719.33,256.26,849.08,571.69,1,-1,-1,-1
154,23,696.56,377.05,758.99,525.47,1,-1,-1,-1
154,24,1008.50,282.79,1106.22,519.77,1,-1,-1,-1
154,19,269.71,112.28,463.68,631.68,1,-1,-1,-1
154,21,716.53,260.67,843.29,568.61,1,-1,-1,-1
155,23,690.64,374.26,755.54,528.31,1,-1,-1,-1
155,24,1008.65,283.72,1105.56,518.96,1,-1,-1,-1
155,19,264.83,112.74,458.55,631.08,1,-1,-1,-1
155,21,713.08,257.68,842.38,571.44,1,-1,-1,-1
156,23,688.01,373.23,753.45,528.73,1,-1,-1,-1
156,24,1008.38,282.05,1106.15,518.70,1,-1,-1,-1
156,19,262.15,110.26,457.54,632.86,1,-1,-1,-1
156,21,707.66,257.23,837.79,571.83,1,-1,-1,-1
156,38,1459.58,341.72,1528.05,498.34,1,-1,-1,-1
157,23,683.28,373.51,748.65,528.90,1,-1,-1,-1
157,24,1011.93,281.42,1109.90,518.63,1,-1,-1,-1
157,19,256.98,111.31,452.18,632.23,1,-1,-1,-1
157,21,704.68,254.42,836.51,573.30,1,-1,-1,-1
157,38,1451.26,342.81,1518.84,497.39,1,-1,-1,-1
158,23,677.15,373.64,742.75,528.97,1,-1,-1,-1
158,24,1012.47,279.85,1111.32,519.29,1,-1,-1,-1
158,19,254.67,111.06,449.94,631.99,1,-1,-1,-1
158,21,697.52,250.08,833.07,577.79,1,-1,-1,-1
159,23,673.33,371.74,740.20,529.65,1,-1,-1,-1
159,24,1007.38,272.66,1109.76,520.23,1,-1,-1,-1
159,19,247.84,107.00,446.58,635.88,1,-1,-1,-1
159,21,692.16,252.36,826.11,575.56,1,-1,-1,-1
160,23,668.52,371.69,735.58,529.25,1,-1,-1,-1
160,24,1005.73,273.88,1108.83,521.90,1,-1,-1,-1
160,19,245.65,107.46,444.41,635.37,1,-1,-1,-1
160,21,690.53,251.96,821.93,568.72,1,-1,-1,-1
161,23,665.71,372.36,732.38,529.10,1,-1,-1,-1
161,24,1008.45,269.79,1112.90,521.91,1,-1,-1,-1
161,19,244.93,108.32,442.98,634.51,1,-1,-1,-1
161,21,684.52,248.51,817.41,568.78,1,-1,-1,-1
161,38,1416.70,339.55,1488.90,502.37,1,-1,-1,-1
162,23,661.31,374.61,726.80,527.72,1,-1,-1,-1
162,24,1005.28,268.92,1110.08,521.26,1,-1,-1,-1
162,19,240.53,108.66,438.15,633.52,1,-1,-1,-1
162,21,677.25,244.61,812.41,570.13,1,-1,-1,-1
162,38,1408.88,339.29,1482.01,502.77,1,-1,-1,-1
163,23,654.77,372.82,721.84,528.52,1,-1,-1,-1
163,24,1004.20,268.63,1108.77,519.70,1,-1,-1,-1
163,19,233.78,107.48,432.32,634.47,1,-1,-1,-1
163,21,673.86,241.86,810.75,571.96,1,-1,-1,-1
163,38,1402.66,339.85,1475.36,501.59,1,-1,-1,-1
164,23,651.98,372.82,719.24,528.82,1,-1,-1,-1
164,24,1002.79,266.58,1109.22,521.10,1,-1,-1,-1
164,19,232.23,109.68,429.30,632.85,1,-1,-1,-1
164,21,669.12,243.46,804.67,569.39,1,-1,-1,-1
164,38,1394.61,340.15,1467.10,501.44,1,-1,-1,-1
165,23,646.24,371.52,714.63,529.60,1,-1,-1,-1
165,24,1001.84,264.53,1110.44,523.60,1,-1,-1,-1
165,19,225.68,107.22,425.07,635.55,1,-1,-1,-1
165,21,667.43,244.80,801.88,567.74,1,-1,-1,-1
166,23,643.04,370.38,712.18,530.55,1,-1,-1,-1
166,24,1006.18,265.09,1114.00,522.60,1,-1,-1,-1
166,19,223.67,104.33,422.57,630.63,1,-1,-1,-1
166,21,663.93,248.65,795.38,563.82,1,-1,-1,-1
166,38,1381.34,336.73,1453.60,497.63,1,-1,-1,-1
167,23,642.28,370.62,710.40,529.60,1,-1,-1,-1
167,24,1008.24,266.01,1114.96,520.89,1,-1,-1,-1
167,19,217.36,99.93,418.82,632.06,1,-1,-1,-1
167,21,660.66,240.80,795.22,565.02,1,-1,-1,-1
167,38,1374.08,334.83,1447.04,497.04,1,-1,-1,-1
168,23,638.74,371.39,706.01,528.56,1,-1,-1,-1
168,24,1009.49,267.06,1115.46,520.24,1,-1,-1,-1
168,19,214.89,97.65,417.71,632.61,1,-1,-1,-1
168,21,658.44,235.31,795.68,567.45,1,-1,-1,-1
168,38,1366.37,334.53,1439.24,496.53,1,-1,-1,-1
168,22,1407.05,330.88,1477.80,500.12,1,-1,-1,-1
169,23,637.27,371.70,704.07,528.17,1,-1,-1,-1
169,24,1010.00,266.83,1116.21,520.67,1,-1,-1,-1
169,19,214.88,100.11,415.94,629.54,1,-1,-1,-1
169,21,654.75,236.52,790.46,565.13,1,-1,-1,-1
169,22,1404.28,332.19,1473.94,498.81,1,-1,-1,-1
170,23,632.73,371.82,699.64,528.03,1,-1,-1,-1
170,24,1010.23,266.10,1117.04,520.83,1,-1,-1,-1
170,19,210.15,100.44,411.64,629.70,1,-1,-1,-1
170,21,652.50,235.74,788.26,564.90,1,-1,-1,-1
170,38,1358.03,333.99,1432.13,498.46,1,-1,-1,-1
170,22,1398.20,332.71,1467.38,498.29,1,-1,-1,-1
171,23,630.55,371.22,698.02,528.64,1,-1,-1,-1
171,24,1014.10,265.84,1120.77,520.90,1,-1,-1,-1
171,19,207.38,97.28,411.22,632.42,1,-1,-1,-1
171,21,651.13,233.51,788.20,566.80,1,-1,-1,-1
171,38,1347.26,332.55,1422.01,498.08,1,-1,-1,-1
171,22,1390.58,331.47,1460.44,498.82,1,-1,-1,-1
172,23,629.48,372.31,695.92,527.55,1,-1,-1,-1
172,24,1016.41,266.43,1122.59,520.27,1,-1,-1,-1
172,19,207.81,104.67,409.13,633.45,1,-1,-1,-1
172,21,651.18,234.03,787.82,566.88,1,-1,-1,-1
172,38,1342.77,332.71,1418.04,499.93,1,-1,-1,-1
172,22,1383.30,331.74,1453.35,499.69,1,-1,-1,-1
173,23,630.16,374.73,694.31,525.15,1,-1,-1,-1
173,24,1019.25,270.63,1121.89,515.41,1,-1,-1,-1
173,19,201.98,98.25,405.97,633.84,1,-1,-1,-1
173,21,650.27,231.64,788.85,569.55,1,-1,-1,-1
173,38,1338.85,339.35,1410.70,499.31,1,-1,-1,-1
173,22,1375.24,329.79,1447.11,502.06,1,-1,-1,-1
174,23,631.32,377.66,693.07,522.91,1,-1,-1,-1
174,24,1024.04,271.58,1125.84,515.58,1,-1,-1,-1
174,19,201.00,101.13,402.43,629.38,1,-1,-1,-1
174,21,649.49,228.82,789.84,571.87,1,-1,-1,-1
174,38,1336.73,341.26,1407.93,500.42,1,-1,-1,-1
174,22,1368.55,330.44,1440.27,502.24,1,-1,-1,-1
175,23,626.51,374.68,690.67,525.47,1,-1,-1,-1
175,24,1026.16,271.93,1127.50,515.67,1,-1,-1,-1
175,19,195.38,99.60,397.96,630.33,1,-1,-1,-1
175,21,649.67,229.75,789.26,571.44,1,-1,-1,-1
175,38,1326.97,340.61,1399.02,502.15,1,-1,-1,-1
175,22,1361.86,331.38,1433.03,501.60,1,-1,-1,-1
176,23,624.25,373.61,689.11,526.40,1,-1,-1,-1
176,24,1026.92,270.72,1128.71,516.38,1,-1,-1,-1
176,19,193.97,101.03,395.79,628.71,1,-1,-1,-1
176,21,646.50,231.48,785.23,569.94,1,-1,-1,-1
176,38,1322.81,340.35,1395.32,503.45,1,-1,-1,-1
176,22,1354.17,330.40,1426.00,502.00,1,-1,-1,-1
177,23,619.26,372.53,684.94,526.76,1,-1,-1,-1
177,24,1026.85,270.26,1128.73,516.67,1,-1,-1,-1
177,19,193.66,102.25,394.99,628.11,1,-1,-1,-1
177,21,646.38,234.83,782.76,566.72,1,-1,-1,-1
177,38,1316.77,340.24,1389.00,503.28,1,-1,-1,-1
177,22,1347.28,330.71,1419.23,502.14,1,-1,-1,-1
178,23,617.00,372.13,683.25,527.56,1,-1,-1,-1
178,24,1026.88,269.42,1129.24,517.45,1,-1,-1,-1
178,19,194.05,104.04,393.73,625.25,1,-1,-1,-1
178,21,645.43,233.47,782.91,567.49,1,-1,-1,-1
178,38,1311.07,340.18,1382.60,502.54,1,-1,-1,-1
178,22,1345.91,337.50,1414.65,501.51,1,-1,-1,-1
179,23,615.55,371.32,682.09,527.87,1,-1,-1,-1
179,24,1025.85,267.79,1129.70,519.08,1,-1,-1,-1
179,19,187.35,98.08,391.68,630.83,1,-1,-1,-1
179,21,644.85,231.66,783.32,567.78,1,-1,-1,-1
179,38,1305.36,341.47,1374.98,500.26,1,-1,-1,-1
179,22,1335.24,333.99,1405.52,501.25,1,-1,-1,-1
180,23,612.08,373.00,677.53,526.67,1,-1,-1,-1
180,24,1025.50,267.18,1129.76,519.04,1,-1,-1,-1
180,19,177.64,85.36,389.09,635.54,1,-1,-1,-1
180,21,644.30,226.38,783.94,565.92,1,-1,-1,-1
180,38,1297.41,336.61,1368.45,499.39,1,-1,-1,-1
180,22,1331.23,333.38,1401.35,500.48,1,-1,-1,-1
181,23,611.13,374.98,674.97,524.88,1,-1,-1,-1
181,24,1025.79,268.27,1129.93,519.02,1,-1,-1,-1
181,19,173.99,79.90,388.88,637.98,1,-1,-1,-1
181,21,643.29,223.10,784.45,566.54,1,-1,-1,-1
181,38,1289.59,332.85,1362.73,501.05,1,-1,-1,-1
181,22,1320.93,331.82,1391.83,500.85,1,-1,-1,-1
182,23,609.97,375.05,673.70,524.88,1,-1,-1,-1
182,24,1025.80,269.36,1130.02,519.01,1,-1,-1,-1
182,19,173.68,81.14,387.28,635.64,1,-1,-1,-1
182,21,642.26,220.58,784.73,567.43,1,-1,-1,-1
182,38,1287.40,336.64,1358.87,501.68,1,-1,-1,-1
182,22,1317.35,331.89,1387.78,500.33,1,-1,-1,-1
183,23,605.18,373.74,670.46,526.21,1,-1,-1,-1
183,24,1029.32,268.45,1134.41,520.33,1,-1,-1,-1
183,19,170.56,79.22,385.06,636.06,1,-1,-1,-1
183,21,640.99,216.40,786.47,571.06,1,-1,-1,-1
183,38,1282.45,338.82,1352.88,501.92,1,-1,-1,-1
183,22,1311.69,331.92,1381.81,500.12,1,-1,-1,-1
184,23,603.84,375.23,668.30,526.06,1,-1,-1,-1
184,24,1026.63,268.77,1132.12,520.17,1,-1,-1,-1
184,21,640.47,214.20,787.24,573.09,1,-1,-1,-1
184,38,1276.46,340.30,1345.94,502.01,1,-1,-1,-1
184,22,1309.17,331.94,1379.12,500.71,1,-1,-1,-1
185,23,602.93,375.80,666.78,525.34,1,-1,-1,-1
185,24,1028.94,266.92,1135.75,522.08,1,-1,-1,-1
185,21,639.73,212.12,787.51,574.51,1,-1,-1,-1
185,38,1270.18,340.85,1339.22,502.04,1,-1,-1,-1
185,22,1304.50,331.95,1374.36,500.93,1,-1,-1,-1
186,23,600.66,376.00,664.36,525.21,1,-1,-1,-1
186,24,1026.79,268.85,1132.21,519.51,1,-1,-1,-1
186,21,640.05,212.70,787.08,574.38,1,-1,-1,-1
186,38,1262.02,338.40,1333.02,504.70,1,-1,-1,-1
186,22,1297.43,330.64,1368.41,502.99,1,-1,-1,-1
187,23,597.20,376.05,660.53,525.02,1,-1,-1,-1
187,24,1025.41,268.28,1131.31,519.84,1,-1,-1,-1
187,21,636.81,218.90,781.81,576.28,1,-1,-1,-1
187,38,1254.27,337.48,1326.60,507.64,1,-1,-1,-1
187,22,1292.01,336.70,1360.11,502.45,1,-1,-1,-1
188,23,594.78,376.24,657.97,524.88,1,-1,-1,-1
188,24,1025.09,268.72,1130.74,519.30,1,-1,-1,-1
188,21,634.04,213.41,780.75,576.98,1,-1,-1,-1
188,38,1247.25,338.43,1318.85,507.45,1,-1,-1,-1
188,22,1286.29,341.07,1351.80,500.88,1,-1,-1,-1
189,24,1028.45,266.91,1134.96,521.08,1,-1,-1,-1
189,21,633.77,212.04,780.31,576.57,1,-1,-1,-1
189,38,1239.78,338.80,1311.31,508.01,1,-1,-1,-1
189,22,1279.54,342.67,1344.45,500.97,1,-1,-1,-1
190,24,1030.16,266.24,1136.73,521.75,1,-1,-1,-1
190,21,632.33,222.72,773.03,573.10,1,-1,-1,-1
190,38,1233.22,343.55,1303.44,509.51,1,-1,-1,-1
190,22,1272.06,342.55,1337.16,501.67,1,-1,-1,-1
191,24,1030.40,265.33,1137.10,522.65,1,-1,-1,-1
191,21,630.57,225.57,770.22,573.08,1,-1,-1,-1
191,38,1221.80,344.03,1292.70,511.39,1,-1,-1,-1
191,22,1265.57,344.47,1329.31,500.59,1,-1,-1,-1
192,24,1031.24,265.65,1137.09,522.33,1,-1,-1,-1
192,21,629.07,220.63,769.48,571.07,1,-1,-1,-1
192,38,1212.75,344.19,1284.04,512.07,1,-1,-1,-1
192,22,1258.37,345.15,1321.64,500.18,1,-1,-1,-1
193,24,1033.10,267.77,1136.15,518.89,1,-1,-1,-1
193,21,622.63,215.48,765.93,573.62,1,-1,-1,-1
193,38,1205.27,344.89,1276.13,511.63,1,-1,-1,-1
193,22,1250.31,343.36,1314.67,501.37,1,-1,-1,-1
194,24,1033.60,268.58,1135.27,518.25,1,-1,-1,-1
194,21,616.78,219.46,759.62,576.55,1,-1,-1,-1
194,38,1198.30,345.14,1268.59,510.77,1,-1,-1,-1
194,22,1238.53,342.01,1304.12,503.13,1,-1,-1,-1
195,24,1034.03,270.21,1133.98,517.35,1,-1,-1,-1
195,28,527.55,329.02,602.30,516.02,1,-1,-1,-1
195,21,614.44,221.02,756.78,577.67,1,-1,-1,-1
195,38,1191.78,347.20,1260.29,509.10,1,-1,-1,-1
195,22,1229.67,342.14,1295.16,503.14,1,-1,-1,-1
196,24,1030.84,272.15,1128.83,515.02,1,-1,-1,-1
196,28,528.66,328.24,603.46,515.38,1,-1,-1,-1
196,21,607.86,213.70,753.01,578.07,1,-1,-1,-1
196,38,1184.85,347.95,1252.27,507.78,1,-1,-1,-1
196,22,1222.20,342.17,1287.17,501.81,1,-1,-1,-1
197,24,1030.01,273.53,1126.50,513.50,1,-1,-1,-1
197,21,602.18,214.24,745.78,574.28,1,-1,-1,-1
197,38,1176.17,342.20,1245.96,507.95,1,-1,-1,-1
197,22,1213.91,340.18,1279.62,501.96,1,-1,-1,-1
198,24,1024.39,272.69,1121.61,513.62,1,-1,-1,-1
198,21,600.45,215.81,742.13,571.47,1,-1,-1,-1
198,38,1169.44,342.70,1237.68,505.39,1,-1,-1,-1
198,22,1205.46,334.16,1273.41,502.01,1,-1,-1,-1
199,24,1021.35,271.04,1120.11,515.68,1,-1,-1,-1
199,28,514.40,328.74,588.91,515.78,1,-1,-1,-1
199,21,594.84,214.44,737.34,572.40,1,-1,-1,-1
199,38,1158.00,340.24,1227.46,506.39,1,-1,-1,-1
199,22,1193.62,331.90,1262.57,502.03,1,-1,-1,-1
200,24,1020.77,271.06,1119.06,515.15,1,-1,-1,-1
200,28,508.46,326.69,583.99,517.25,1,-1,-1,-1
200,21,591.43,211.31,735.75,574.74,1,-1,-1,-1
200,38,1149.84,341.30,1218.16,505.45,1,-1,-1,-1
200,22,1189.04,331.05,1258.31,502.03,1,-1,-1,-1
201,24,1020.97,271.73,1118.32,514.29,1,-1,-1,-1
201,28,506.47,328.04,581.07,517.06,1,-1,-1,-1
201,21,586.93,212.77,730.06,572.99,1,-1,-1,-1
201,38,1142.79,341.72,1210.61,505.09,1,-1,-1,-1
201,22,1184.28,335.99,1251.77,502.69,1,-1,-1,-1
202,24,1016.39,271.31,1114.15,514.65,1,-1,-1,-1
202,28,501.22,328.57,575.91,516.99,1,-1,-1,-1
202,21,584.49,211.39,728.21,573.64,1,-1,-1,-1
202,38,1141.93,350.49,1204.60,502.32,1,-1,-1,-1
202,22,1178.85,339.91,1244.28,501.61,1,-1,-1,-1
203,24,1014.60,271.81,1112.06,514.79,1,-1,-1,-1
203,28,498.07,327.44,573.35,517.64,1,-1,-1,-1
203,21,579.38,210.23,724.04,574.55,1,-1,-1,-1
203,38,1136.38,351.81,1198.99,503.99,1,-1,-1,-1
203,22,1171.30,339.38,1237.60,503.20,1,-1,-1,-1
204,24,1013.94,271.99,1110.70,514.19,1,-1,-1,-1
204,28,493.49,327.70,568.68,517.22,1,-1,-1,-1
204,21,575.32,201.92,723.51,576.20,1,-1,-1,-1
204,38,1124.87,350.25,1188.82,505.93,1,-1,-1,-1
204,22,1164.53,339.85,1230.30,502.47,1,-1,-1,-1
205,24,1013.45,272.06,1109.88,514.64,1,-1,-1,-1
205,28,490.48,325.81,566.41,517.73,1,-1,-1,-1
205,21,570.30,200.77,718.52,574.21,1,-1,-1,-1
205,38,1116.22,350.31,1180.64,507.31,1,-1,-1,-1
205,22,1156.71,339.35,1223.45,504.17,1,-1,-1,-1
206,24,1009.11,270.75,1106.54,516.14,1,-1,-1,-1
206,28,485.30,325.11,561.87,518.58,1,-1,-1,-1
206,21,567.60,198.43,716.99,574.75,1,-1,-1,-1
206,38,1108.59,351.62,1172.58,507.83,1,-1,-1,-1
206,22,1149.82,340.48,1216.09,504.15,1,-1,-1,-1
207,24,1007.72,271.57,1104.48,515.39,1,-1,-1,-1
207,28,477.73,322.23,556.74,521.54,1,-1,-1,-1
207,21,562.06,196.94,712.63,575.60,1,-1,-1,-1
207,38,1101.17,351.43,1165.42,508.69,1,-1,-1,-1
207,22,1142.15,340.24,1209.03,505.45,1,-1,-1,-1
208,24,1007.14,271.22,1103.88,515.77,1,-1,-1,-1
208,28,474.46,320.51,554.75,523.30,1,-1,-1,-1
208,21,558.87,194.46,711.64,578.55,1,-1,-1,-1
208,38,1093.79,351.34,1157.97,509.00,1,-1,-1,-1
208,22,1134.36,338.82,1202.55,507.25,1,-1,-1,-1
209,24,1007.15,271.09,1103.53,515.91,1,-1,-1,-1
209,28,474.28,323.79,552.52,521.35,1,-1,-1,-1
209,21,557.98,197.50,711.18,582.93,1,-1,-1,-1
209,38,1086.18,349.96,1151.32,510.42,1,-1,-1,-1
209,22,1126.40,336.98,1196.42,509.88,1,-1,-1,-1
210,24,1007.05,271.70,1102.96,516.63,1,-1,-1,-1
210,28,469.91,325.11,547.66,521.23,1,-1,-1,-1
210,21,560.21,204.63,708.70,578.69,1,-1,-1,-1
210,38,1079.04,350.09,1144.40,510.95,1,-1,-1,-1
210,22,1120.14,342.13,1188.67,511.51,1,-1,-1,-1
211,24,1003.49,273.25,1098.43,515.58,1,-1,-1,-1
211,28,468.80,331.58,544.21,521.83,1,-1,-1,-1
211,21,559.56,204.10,708.89,581.01,1,-1,-1,-1
211,38,1071.50,350.36,1136.92,511.39,1,-1,-1,-1
211,22,1109.24,344.81,1176.98,511.45,1,-1,-1,-1
212,24,1001.40,276.48,1096.24,518.49,1,-1,-1,-1
212,28,463.87,332.69,539.71,524.05,1,-1,-1,-1
212,21,554.62,203.25,705.24,583.17,1,-1,-1,-1
212,22,1104.33,345.14,1172.65,513.39,1,-1,-1,-1
213,24,1001.14,280.33,1094.34,518.26,1,-1,-1,-1
213,28,462.31,334.41,537.33,524.20,1,-1,-1,-1
213,19,61.10,81.76,275.13,633.06,1,-1,-1,-1
213,21,553.62,205.58,702.51,581.34,1,-1,-1,-1
213,22,1098.53,345.25,1166.90,513.43,1,-1,-1,-1
214,23,307.85,347.13,395.75,553.88,1,-1,-1,-1
214,24,996.40,280.42,1090.42,519.49,1,-1,-1,-1
214,28,459.19,335.12,534.12,524.68,1,-1,-1,-1
214,19,57.42,82.08,271.27,632.90,1,-1,-1,-1
214,21,552.38,203.83,702.57,583.92,1,-1,-1,-1
214,22,1093.43,349.22,1158.95,510.11,1,-1,-1,-1
215,23,299.12,347.80,387.04,553.20,1,-1,-1,-1
215,24,993.87,279.77,1089.17,521.27,1,-1,-1,-1
215,28,455.51,335.18,530.71,525.82,1,-1,-1,-1
215,21,547.38,202.53,698.74,585.52,1,-1,-1,-1
215,22,1086.74,350.04,1151.36,508.80,1,-1,-1,-1
216,23,291.86,348.19,380.04,552.81,1,-1,-1,-1
216,24,992.95,280.81,1088.15,521.26,1,-1,-1,-1
216,28,449.99,333.23,526.57,527.47,1,-1,-1,-1
216,21,545.80,202.70,697.14,584.79,1,-1,-1,-1
216,22,1080.09,350.98,1143.90,507.64,1,-1,-1,-1
217,23,289.03,347.74,377.49,552.61,1,-1,-1,-1
217,24,992.44,281.84,1087.41,520.57,1,-1,-1,-1
217,28,447.92,332.54,524.65,527.39,1,-1,-1,-1
217,21,544.80,201.46,697.14,585.14,1,-1,-1,-1
217,22,1073.21,351.88,1136.66,507.63,1,-1,-1,-1
218,23,278.84,346.84,368.06,553.45,1,-1,-1,-1
218,24,988.06,280.87,1084.16,520.96,1,-1,-1,-1
218,28,444.62,332.77,521.49,527.99,1,-1,-1,-1
218,19,42.51,93.25,250.88,623.65,1,-1,-1,-1
218,21,544.59,202.33,696.50,583.93,1,-1,-1,-1
218,58,1717.94,283.42,1877.13,663.40,1,-1,-1,-1
219,23,282.81,347.52,371.06,551.77,1,-1,-1,-1
219,24,986.25,281.15,1082.57,521.10,1,-1,-1,-1
219,28,440.95,330.67,518.97,528.91,1,-1,-1,-1
219,19,38.95,94.61,246.36,622.58,1,-1,-1,-1
219,21,543.73,200.69,697.21,585.43,1,-1,-1,-1
219,22,1063.48,347.13,1130.42,511.35,1,-1,-1,-1
219,58,1695.08,273.99,1860.67,668.91,1,-1,-1,-1
220,23,281.76,346.92,370.57,552.79,1,-1,-1,-1
220,24,986.40,282.55,1081.95,519.81,1,-1,-1,-1
220,28,439.50,332.23,516.34,527.84,1,-1,-1,-1
220,19,36.44,83.03,253.57,633.25,1,-1,-1,-1
220,21,543.01,199.43,697.36,585.98,1,-1,-1,-1
220,22,1057.03,347.33,1124.04,511.74,1,-1,-1,-1
220,58,1680.00,277.55,1842.54,664.27,1,-1,-1,-1
221,23,281.39,346.06,370.55,553.15,1,-1,-1,-1
221,24,984.83,281.07,1081.50,520.64,1,-1,-1,-1
221,28,434.85,331.47,512.38,528.76,1,-1,-1,-1
221,19,33.06,82.83,250.41,633.60,1,-1,-1,-1
221,21,539.36,200.28,693.69,584.86,1,-1,-1,-1
221,58,1664.88,278.46,1827.36,663.98,1,-1,-1,-1
221,60,1479.16,98.22,1718.48,647.54,1,-1,-1,-1
222,23,277.62,346.42,366.84,553.27,1,-1,-1,-1
222,24,979.74,281.15,1077.37,520.95,1,-1,-1,-1
222,28,432.17,330.52,510.07,529.09,1,-1,-1,-1
222,21,536.47,197.98,693.28,587.05,1,-1,-1,-1
222,58,1657.12,283.80,1815.28,658.30,1,-1,-1,-1
222,60,1473.48,111.65,1705.04,643.31,1,-1,-1,-1
223,23,276.35,347.89,364.49,551.97,1,-1,-1,-1
223,24,982.76,281.17,1080.23,520.40,1,-1,-1,-1
223,28,427.16,327.53,506.85,530.51,1,-1,-1,-1
223,21,535.16,193.19,692.81,584.58,1,-1,-1,-1
223,58,1646.34,293.50,1800.86,658.38,1,-1,-1,-1
223,60,1453.67,112.31,1686.76,646.95,1,-1,-1,-1
224,23,269.95,347.47,358.43,552.35,1,-1,-1,-1
224,24,984.02,282.49,1080.68,519.52,1,-1,-1,-1
224,28,424.48,326.40,505.31,532.34,1,-1,-1,-1
224,21,534.46,194.68,692.97,587.56,1,-1,-1,-1
224,58,1627.43,294.89,1782.92,661.24,1,-1,-1,-1
224,60,1440.60,117.36,1669.55,642.35,1,-1,-1,-1
225,24,984.53,282.97,1080.92,519.18,1,-1,-1,-1
225,28,423.85,327.94,503.91,532.37,1,-1,-1,-1
225,21,529.77,191.34,689.04,585.40,1,-1,-1,-1
225,58,1617.00,297.39,1770.94,659.57,1,-1,-1,-1
225,60,1430.96,118.93,1658.59,640.68,1,-1,-1,-1
226,24,985.38,284.46,1080.45,518.39,1,-1,-1,-1
226,28,420.77,327.70,501.17,533.01,1,-1,-1,-1
226,21,527.70,190.10,687.30,584.56,1,-1,-1,-1
226,35,419.43,327.98,500.26,532.91,1,-1,-1,-1
226,58,1610.21,301.65,1760.57,656.26,1,-1,-1,-1
226,60,1422.31,117.22,1651.38,642.19,1,-1,-1,-1
227,24,985.16,283.01,1080.88,519.43,1,-1,-1,-1
227,21,526.80,192.30,687.56,588.84,1,-1,-1,-1
227,35,417.37,326.52,499.36,534.52,1,-1,-1,-1
227,58,1594.35,303.14,1743.47,655.08,1,-1,-1,-1
227,60,1415.11,111.69,1644.98,638.64,1,-1,-1,-1
228,24,984.77,281.13,1081.40,519.81,1,-1,-1,-1
228,21,526.38,193.83,687.22,590.45,1,-1,-1,-1
228,35,415.95,326.70,497.76,534.39,1,-1,-1,-1
228,58,1585.14,305.65,1731.55,652.66,1,-1,-1,-1
228,60,1402.74,108.89,1633.67,638.02,1,-1,-1,-1
229,23,262.62,347.81,350.71,552.16,1,-1,-1,-1
229,24,985.24,281.07,1082.35,519.96,1,-1,-1,-1
229,21,526.34,189.83,687.10,587.75,1,-1,-1,-1
229,35,412.29,328.10,493.22,533.66,1,-1,-1,-1
229,58,1573.13,307.51,1718.24,651.43,1,-1,-1,-1
229,60,1393.14,107.81,1624.64,638.49,1,-1,-1,-1
230,23,258.30,347.60,346.56,552.36,1,-1,-1,-1
230,24,985.38,282.37,1082.15,520.01,1,-1,-1,-1
230,21,527.46,194.26,686.03,587.36,1,-1,-1,-1
230,38,960.68,372.85,1020.80,515.04,1,-1,-1,-1
230,35,409.99,331.31,490.65,536.02,1,-1,-1,-1
230,60,1383.86,113.41,1609.78,631.99,1,-1,-1,-1
231,24,985.81,282.85,1081.73,519.37,1,-1,-1,-1
231,21,523.14,195.32,681.89,588.53,1,-1,-1,-1
231,38,952.72,371.80,1014.92,516.53,1,-1,-1,-1
231,35,405.68,333.84,485.39,535.55,1,-1,-1,-1
231,60,1370.18,118.20,1595.89,635.64,1,-1,-1,-1
232,24,986.36,284.35,1080.55,517.80,1,-1,-1,-1
232,21,521.40,195.06,680.55,589.61,1,-1,-1,-1
232,38,941.45,372.23,1004.22,516.28,1,-1,-1,-1
232,35,402.89,333.45,483.47,537.35,1,-1,-1,-1
232,60,1357.87,125.26,1579.44,632.34,1,-1,-1,-1
233,23,250.13,346.11,339.59,553.89,1,-1,-1,-1
233,24,982.13,284.91,1075.93,517.87,1,-1,-1,-1
233,21,521.49,196.29,679.42,588.69,1,-1,-1,-1
233,38,934.76,373.06,997.29,516.55,1,-1,-1,-1
233,35,401.96,333.29,482.85,538.00,1,-1,-1,-1
233,60,1347.62,125.14,1570.56,634.49,1,-1,-1,-1
234,23,246.24,345.81,335.95,554.17,1,-1,-1,-1
234,24,981.11,285.76,1074.35,517.91,1,-1,-1,-1
234,21,515.87,190.80,674.84,587.00,1,-1,-1,-1
234,35,396.38,332.55,478.16,539.54,1,-1,-1,-1
234,60,1329.73,123.69,1554.18,635.98,1,-1,-1,-1
235,24,981.81,288.06,1072.74,515.27,1,-1,-1,-1
235,21,514.27,189.41,672.72,585.70,1,-1,-1,-1
235,35,391.36,333.58,472.25,538.13,1,-1,-1,-1
235,60,1315.75,132.38,1536.96,636.55,1,-1,-1,-1
236,24,981.56,287.57,1072.06,514.95,1,-1,-1,-1
236,21,513.65,187.58,672.08,585.87,1,-1,-1,-1
236,35,388.79,333.96,469.59,538.22,1,-1,-1,-1
236,60,1303.23,138.93,1520.09,632.77,1,-1,-1,-1
237,24,977.82,289.36,1066.88,513.52,1,-1,-1,-1
237,21,508.67,186.26,667.49,586.59,1,-1,-1,-1
237,38,915.23,370.48,980.31,517.97,1,-1,-1,-1
237,35,383.08,333.43,464.31,538.89,1,-1,-1,-1
237,60,1296.66,152.00,1506.72,630.71,1,-1,-1,-1
238,24,975.35,288.67,1064.73,515.00,1,-1,-1,-1
238,21,502.68,188.43,660.12,584.89,1,-1,-1,-1
238,38,907.82,368.85,974.74,519.45,1,-1,-1,-1
238,35,376.72,333.22,458.19,539.13,1,-1,-1,-1
238,60,1280.50,151.97,1488.28,625.92,1,-1,-1,-1
239,24,974.50,287.74,1063.96,515.57,1,-1,-1,-1
239,21,499.77,187.30,658.11,586.23,1,-1,-1,-1
239,38,900.50,366.98,969.07,520.62,1,-1,-1,-1
239,35,373.87,333.13,455.26,539.20,1,-1,-1,-1
239,60,1270.12,150.48,1477.56,624.21,1,-1,-1,-1
239,66,1513.60,140.30,1721.81,604.10,1,-1,-1,-1
240,24,969.95,288.03,1058.73,515.13,1,-1,-1,-1
240,21,499.13,187.55,657.09,585.42,1,-1,-1,-1
240,38,893.00,366.93,962.22,521.04,1,-1,-1,-1
240,22,937.06,357.95,1001.82,515.04,1,-1,-1,-1
240,35,368.04,332.43,449.95,539.87,1,-1,-1,-1
240,60,1258.10,150.47,1464.70,622.29,1,-1,-1,-1
240,66,1500.89,140.89,1708.70,604.43,1,-1,-1,-1
241,24,968.65,289.45,1055.79,513.64,1,-1,-1,-1
241,21,493.64,190.98,652.90,590.40,1,-1,-1,-1
241,38,886.19,367.57,955.49,520.53,1,-1,-1,-1
241,22,930.68,358.13,996.24,515.06,1,-1,-1,-1
241,35,361.50,330.85,444.65,540.77,1,-1,-1,-1
241,60,1241.90,140.33,1453.96,624.30,1,-1,-1,-1
241,66,1487.88,141.62,1694.15,602.39,1,-1,-1,-1
242,24,964.32,291.30,1050.01,511.76,1,-1,-1,-1
242,21,486.19,186.35,647.65,590.29,1,-1,-1,-1
242,38,879.34,368.49,948.43,519.65,1,-1,-1,-1
242,22,928.53,360.22,993.13,514.40,1,-1,-1,-1
242,35,358.87,331.56,441.76,540.43,1,-1,-1,-1
242,60,1234.73,147.73,1442.01,621.12,1,-1,-1,-1
242,66,1472.75,140.29,1679.36,602.49,1,-1,-1,-1
243,24,961.60,289.30,1048.43,513.75,1,-1,-1,-1
243,21,484.56,187.24,644.67,587.61,1,-1,-1,-1
243,38,872.22,368.17,941.53,519.31,1,-1,-1,-1
243,22,921.91,358.27,988.22,516.17,1,-1,-1,-1
243,35,353.61,330.52,437.33,540.95,1,-1,-1,-1
243,60,1220.46,139.82,1430.88,621.30,1,-1,-1,-1
243,66,1464.79,139.74,1668.13,595.54,1,-1,-1,-1
244,24,957.90,291.85,1042.76,511.19,1,-1,-1,-1
244,21,484.48,188.26,643.25,585.25,1,-1,-1,-1
244,38,864.97,367.39,934.72,519.17,1,-1,-1,-1
244,22,916.29,359.53,981.33,514.16,1,-1,-1,-1
244,35,350.55,326.18,435.04,538.49,1,-1,-1,-1
244,60,1208.08,140.17,1416.78,618.75,1,-1,-1,-1
244,66,1455.15,142.97,1653.27,588.25,1,-1,-1,-1
245,24,955.78,292.81,1040.16,511.56,1,-1,-1,-1
245,21,478.40,184.69,639.72,587.67,1,-1,-1,-1
245,38,857.71,365.78,928.56,519.77,1,-1,-1,-1
245,22,909.33,359.32,974.03,513.38,1,-1,-1,-1
245,35,345.81,328.48,430.16,540.18,1,-1,-1,-1
245,60,1193.39,138.28,1403.25,620.49,1,-1,-1,-1
245,66,1439.55,139.23,1640.40,591.99,1,-1,-1,-1
