3,10,1216.91,279.98,1322.72,520.78,1,-1,-1,-1
3,11,708.85,271.02,819.93,541.98,1,-1,-1,-1
3,12,656.60,364.34,730.18,536.64,1,-1,-1,-1
4,10,1207.45,275.38,1317.75,526.35,1,-1,-1,-1
4,11,708.96,271.81,819.30,541.19,1,-1,-1,-1
4,12,657.51,366.62,729.51,535.11,1,-1,-1,-1
5,10,1202.73,273.67,1314.72,528.49,1,-1,-1,-1
5,11,709.13,272.21,819.15,540.79,1,-1,-1,-1
5,12,658.29,368.01,729.54,534.71,1,-1,-1,-1
6,12,658.30,369.12,729.05,534.64,1,-1,-1,-1
7,12,658.69,374.39,727.76,536.08,1,-1,-1,-1
7,13,707.64,264.95,821.36,548.82,1,-1,-1,-1
7,15,1198.25,271.06,1310.75,529.95,1,-1,-1,-1
8,12,659.00,376.16,727.84,537.33,1,-1,-1,-1
8,13,707.24,264.10,821.76,549.93,1,-1,-1,-1
8,15,1197.94,271.99,1310.29,530.59,1,-1,-1,-1
9,12,659.49,378.24,727.41,537.28,1,-1,-1,-1
9,13,707.26,264.58,821.74,550.23,1,-1,-1,-1
9,15,1193.11,272.97,1304.53,529.35,1,-1,-1,-1
10,13,706.15,261.93,822.85,553.14,1,-1,-1,-1
10,15,1189.16,283.34,1295.60,528.23,1,-1,-1,-1
11,13,705.79,261.02,823.21,554.12,1,-1,-1,-1
11,15,1188.91,291.16,1290.18,524.29,1,-1,-1,-1
12,13,704.75,258.68,824.25,557.15,1,-1,-1,-1
12,15,1182.92,289.36,1285.98,526.55,1,-1,-1,-1
13,13,709.67,261.22,827.40,555.53,1,-1,-1,-1
13,15,1182.08,292.79,1282.15,523.21,1,-1,-1,-1
14,13,710.97,259.54,829.82,556.86,1,-1,-1,-1
14,15,1175.75,289.71,1278.14,525.50,1,-1,-1,-1
15,13,711.90,260.27,830.22,556.65,1,-1,-1,-1
15,15,1174.91,291.93,1275.51,523.63,1,-1,-1,-1
16,13,711.72,259.24,830.82,557.85,1,-1,-1,-1
16,15,1169.66,291.97,1270.31,523.64,1,-1,-1,-1
17,13,712.27,259.54,831.04,557.61,1,-1,-1,-1
17,15,1164.26,294.60,1262.03,519.63,1,-1,-1,-1
18,13,710.89,256.36,831.99,560.79,1,-1,-1,-1
18,15,1162.62,296.84,1258.27,516.81,1,-1,-1,-1
19,13,711.67,261.10,831.67,563.27,1,-1,-1,-1
19,15,1156.61,294.19,1254.50,519.23,1,-1,-1,-1
20,13,712.01,262.96,831.45,564.18,1,-1,-1,-1
20,15,1154.22,293.18,1252.89,520.13,1,-1,-1,-1
21,13,716.13,259.70,835.94,561.82,1,-1,-1,-1
21,15,1149.58,293.42,1247.70,519.17,1,-1,-1,-1
22,13,718.97,265.07,836.31,560.89,1,-1,-1,-1
22,15,1142.93,294.13,1240.96,519.51,1,-1,-1,-1
23,13,719.62,261.80,837.46,559.17,1,-1,-1,-1
23,15,1139.78,293.69,1238.09,519.65,1,-1,-1,-1
24,13,719.80,261.24,837.22,557.85,1,-1,-1,-1
24,15,1134.17,292.16,1233.79,521.06,1,-1,-1,-1
25,13,720.86,263.68,836.06,554.69,1,-1,-1,-1
25,15,1128.31,292.89,1227.64,520.94,1,-1,-1,-1
26,13,721.77,265.94,835.04,552.16,1,-1,-1,-1
26,15,1126.79,295.13,1224.29,518.91,1,-1,-1,-1
27,13,721.86,266.11,834.84,551.89,1,-1,-1,-1
27,15,1123.19,298.62,1217.75,515.49,1,-1,-1,-1
28,13,721.96,265.49,835.33,552.47,1,-1,-1,-1
28,15,1122.32,301.91,1214.55,513.56,1,-1,-1,-1
29,13,722.75,270.55,834.71,554.03,1,-1,-1,-1
29,15,1117.70,304.41,1208.58,512.89,1,-1,-1,-1
30,13,722.86,273.12,833.95,554.64,1,-1,-1,-1
30,15,1115.05,305.28,1205.65,513.35,1,-1,-1,-1
31,13,728.51,276.04,838.02,553.54,1,-1,-1,-1
31,15,1110.16,304.88,1201.42,514.22,1,-1,-1,-1
32,13,730.48,277.09,839.64,553.79,1,-1,-1,-1
32,15,1108.69,310.01,1197.81,514.56,1,-1,-1,-1
33,13,731.08,277.43,840.31,553.89,1,-1,-1,-1
33,15,1103.47,310.54,1193.44,516.73,1,-1,-1,-1
34,13,737.53,282.83,842.89,549.95,1,-1,-1,-1
34,15,1102.66,314.67,1190.32,515.54,1,-1,-1,-1
35,13,740.81,289.53,843.59,549.81,1,-1,-1,-1
35,15,1097.44,314.81,1185.03,515.77,1,-1,-1,-1
36,13,741.36,290.57,844.39,551.13,1,-1,-1,-1
36,15,1089.10,310.14,1180.45,519.87,1,-1,-1,-1
37,13,741.63,290.87,845.19,552.29,1,-1,-1,-1
37,15,1081.15,307.73,1175.31,523.34,1,-1,-1,-1
38,13,746.47,292.91,848.63,550.73,1,-1,-1,-1
38,15,1078.03,306.78,1173.06,524.00,1,-1,-1,-1
39,13,748.05,292.25,850.73,551.49,1,-1,-1,-1
39,15,1070.75,303.11,1169.47,528.17,1,-1,-1,-1
40,13,748.63,291.28,852.05,552.45,1,-1,-1,-1
40,15,1066.10,303.03,1165.30,529.20,1,-1,-1,-1
41,13,753.31,292.19,855.91,550.82,1,-1,-1,-1
42,13,755.19,291.81,858.46,551.54,1,-1,-1,-1
42,15,1060.87,300.48,1161.45,529.38,1,-1,-1,-1
43,13,755.92,290.97,859.90,551.81,1,-1,-1,-1
43,15,1055.73,301.41,1155.66,528.05,1,-1,-1,-1
44,13,760.90,292.59,863.54,549.27,1,-1,-1,-1
44,15,1052.03,298.43,1154.31,530.22,1,-1,-1,-1
45,13,761.70,287.18,865.84,547.65,1,-1,-1,-1
45,15,1047.45,298.64,1150.02,530.36,1,-1,-1,-1
46,13,762.10,284.49,867.12,547.06,1,-1,-1,-1
46,15,1045.88,300.05,1147.86,529.72,1,-1,-1,-1
47,13,767.38,285.45,870.90,544.21,1,-1,-1,-1
47,15,1039.20,295.99,1144.86,534.06,1,-1,-1,-1
48,13,769.46,285.15,872.75,543.16,1,-1,-1,-1
48,15,1036.38,295.13,1142.95,535.67,1,-1,-1,-1
49,13,773.51,279.74,878.64,542.13,1,-1,-1,-1
49,15,1031.34,295.48,1137.98,536.25,1,-1,-1,-1
50,13,775.47,282.32,880.25,543.74,1,-1,-1,-1
50,15,1029.27,296.29,1135.20,535.78,1,-1,-1,-1
51,13,774.98,280.69,881.89,547.69,1,-1,-1,-1
51,15,1023.70,295.30,1130.01,536.22,1,-1,-1,-1
52,13,775.25,280.75,882.57,549.19,1,-1,-1,-1
52,15,1017.77,294.95,1124.26,536.35,1,-1,-1,-1
53,13,778.99,279.47,887.56,551.07,1,-1,-1,-1
53,15,1015.49,295.48,1121.07,535.06,1,-1,-1,-1
54,13,786.54,286.21,893.01,551.79,1,-1,-1,-1
54,15,1009.77,294.39,1116.47,536.52,1,-1,-1,-1
55,13,790.75,292.14,894.23,549.39,1,-1,-1,-1
55,15,1005.44,293.96,1112.61,537.14,1,-1,-1,-1
56,13,792.13,294.35,894.66,548.48,1,-1,-1,-1
57,13,798.51,299.14,897.43,544.13,1,-1,-1,-1
57,15,1010.32,303.10,1110.12,529.66,1,-1,-1,-1
58,13,801.03,301.55,898.76,543.19,1,-1,-1,-1
58,15,1006.32,303.90,1104.90,527.72,1,-1,-1,-1
59,13,804.12,303.14,900.96,542.59,1,-1,-1,-1
59,15,863.78,300.12,968.88,540.54,1,-1,-1,-1
60,15,812.98,298.12,920.21,545.12,1,-1,-1,-1
61,15,799.12,300.59,904.43,544.27,1,-1,-1,-1
61,37,990.63,296.74,1092.11,534.03,1,-1,-1,-1
62,15,794.31,298.92,900.59,545.85,1,-1,-1,-1
62,37,989.38,295.40,1092.14,535.62,1,-1,-1,-1
63,15,795.06,288.47,905.76,547.71,1,-1,-1,-1
63,37,983.38,292.78,1088.38,538.30,1,-1,-1,-1
64,15,796.78,284.53,908.42,547.73,1,-1,-1,-1
64,37,979.82,289.80,1087.32,541.30,1,-1,-1,-1
64,39,737.27,385.42,802.95,542.56,1,-1,-1,-1
65,15,798.50,283.68,909.26,546.39,1,-1,-1,-1
65,37,973.12,286.03,1083.63,545.05,1,-1,-1,-1
65,39,732.13,383.35,799.57,544.60,1,-1,-1,-1
66,15,800.16,282.75,910.53,545.82,1,-1,-1,-1
66,37,974.37,295.48,1080.08,543.00,1,-1,-1,-1
66,39,729.48,380.55,798.69,545.95,1,-1,-1,-1
67,15,801.26,281.80,912.20,547.53,1,-1,-1,-1
67,37,970.66,288.25,1080.55,546.19,1,-1,-1,-1
67,39,729.43,381.04,798.35,545.66,1,-1,-1,-1
68,15,807.68,284.09,916.14,544.89,1,-1,-1,-1
68,37,964.68,283.05,1077.52,548.62,1,-1,-1,-1
68,39,733.49,381.32,802.65,546.18,1,-1,-1,-1
69,15,811.42,285.69,918.06,542.51,1,-1,-1,-1
69,37,962.15,281.11,1075.48,548.82,1,-1,-1,-1
69,39,725.46,376.01,796.06,544.28,1,-1,-1,-1
70,15,818.83,288.98,922.12,538.94,1,-1,-1,-1
70,37,961.94,281.10,1074.82,548.82,1,-1,-1,-1
70,39,721.80,372.76,793.72,544.22,1,-1,-1,-1
71,15,822.17,291.59,923.12,536.92,1,-1,-1,-1
71,37,957.30,279.19,1071.42,550.07,1,-1,-1,-1
71,39,731.44,379.59,800.55,544.19,1,-1,-1,-1
72,13,957.36,281.54,1065.44,547.83,1,-1,-1,-1
72,15,824.39,293.23,923.69,535.51,1,-1,-1,-1
72,37,954.14,277.59,1069.50,551.45,1,-1,-1,-1
72,39,730.89,378.84,800.43,544.47,1,-1,-1,-1
73,13,956.41,278.90,1066.26,549.30,1,-1,-1,-1
73,15,825.53,294.50,924.01,535.67,1,-1,-1,-1
74,13,952.99,280.49,1061.13,546.63,1,-1,-1,-1
74,15,825.09,292.30,925.34,538.41,1,-1,-1,-1
75,13,951.03,282.48,1057.58,544.92,1,-1,-1,-1
75,15,826.77,298.72,924.89,538.78,1,-1,-1,-1
76,13,945.81,284.58,1050.85,542.96,1,-1,-1,-1
76,15,828.39,287.81,933.47,545.61,1,-1,-1,-1
77,13,943.01,282.09,1047.28,538.91,1,-1,-1,-1
77,15,834.42,286.45,939.56,545.50,1,-1,-1,-1
78,13,937.70,281.17,1041.86,537.41,1,-1,-1,-1
78,15,837.21,285.93,942.45,546.06,1,-1,-1,-1
79,13,935.44,281.51,1039.07,536.21,1,-1,-1,-1
79,15,837.32,282.48,944.61,548.22,1,-1,-1,-1
80,13,928.94,278.35,1034.76,538.44,1,-1,-1,-1
80,15,838.83,283.80,944.66,546.41,1,-1,-1,-1
81,13,931.07,277.54,1037.01,537.95,1,-1,-1,-1
81,15,840.30,286.33,943.85,543.04,1,-1,-1,-1
82,15,845.40,288.65,947.01,540.41,1,-1,-1,-1
83,15,847.19,288.86,948.33,539.42,1,-1,-1,-1
84,15,845.73,280.31,950.94,541.05,1,-1,-1,-1
85,15,846.29,278.46,952.09,540.35,1,-1,-1,-1
86,15,845.82,275.81,953.21,541.40,1,-1,-1,-1
87,15,850.68,276.81,957.08,539.84,1,-1,-1,-1
88,13,857.43,277.71,963.29,537.84,1,-1,-1,-1
88,15,851.27,275.79,958.03,539.69,1,-1,-1,-1
89,13,854.70,281.96,957.09,533.02,1,-1,-1,-1
90,13,852.05,279.33,956.83,535.48,1,-1,-1,-1
91,13,854.71,275.74,962.53,538.35,1,-1,-1,-1
92,13,854.58,271.12,966.75,543.37,1,-1,-1,-1
93,13,855.10,271.32,968.00,543.99,1,-1,-1,-1
94,13,860.97,274.73,971.59,541.58,1,-1,-1,-1
95,13,859.23,275.42,969.22,539.96,1,-1,-1,-1
96,13,857.90,275.69,967.80,539.35,1,-1,-1,-1
97,13,857.44,275.14,968.01,539.78,1,-1,-1,-1
98,13,852.98,275.61,963.26,539.28,1,-1,-1,-1
99,13,851.09,275.13,961.78,539.75,1,-1,-1,-1
100,13,851.01,276.28,960.73,538.61,1,-1,-1,-1
101,13,849.90,274.08,961.55,541.49,1,-1,-1,-1
102,13,849.35,272.60,962.09,543.22,1,-1,-1,-1
103,13,848.64,271.40,962.26,545.18,1,-1,-1,-1
104,13,847.86,269.64,962.92,547.88,1,-1,-1,-1
105,13,849.71,278.14,960.46,546.27,1,-1,-1,-1
106,13,849.50,278.81,960.55,548.27,1,-1,-1,-1
107,13,848.83,277.73,961.22,550.97,1,-1,-1,-1
108,13,844.39,276.66,957.85,553.28,1,-1,-1,-1
109,13,847.44,278.21,959.75,552.15,1,-1,-1,-1
110,13,845.40,280.78,955.87,550.35,1,-1,-1,-1
110,39,737.27,381.93,805.64,544.03,1,-1,-1,-1
111,13,843.54,279.75,954.22,550.30,1,-1,-1,-1
111,39,743.79,387.30,808.32,538.73,1,-1,-1,-1
112,13,842.03,277.37,954.49,552.91,1,-1,-1,-1
112,39,745.64,390.18,808.26,535.87,1,-1,-1,-1
113,13,836.09,272.54,952.17,557.15,1,-1,-1,-1
113,39,740.19,386.16,806.45,539.90,1,-1,-1,-1
114,13,833.39,270.05,951.14,559.39,1,-1,-1,-1
114,39,740.17,386.36,806.31,539.80,1,-1,-1,-1
115,13,826.49,260.64,948.23,561.52,1,-1,-1,-1
116,13,823.24,256.42,946.53,562.94,1,-1,-1,-1
117,13,819.41,261.97,940.14,563.45,1,-1,-1,-1
117,37,1631.22,320.74,1713.29,510.23,1,-1,-1,-1
118,13,816.15,260.94,938.93,568.18,1,-1,-1,-1
118,37,1651.54,322.43,1732.20,508.66,1,-1,-1,-1
119,13,810.62,261.23,933.78,569.92,1,-1,-1,-1
120,13,803.10,258.77,928.21,572.49,1,-1,-1,-1
121,13,800.89,259.17,925.59,572.12,1,-1,-1,-1
122,13,799.72,259.37,924.48,572.56,1,-1,-1,-1
122,15,942.95,289.86,1040.71,529.02,1,-1,-1,-1
123,13,795.35,260.14,919.00,570.70,1,-1,-1,-1
123,15,944.66,292.36,1040.70,525.19,1,-1,-1,-1
123,37,1606.51,327.07,1689.43,514.76,1,-1,-1,-1
124,13,791.19,263.76,911.72,566.64,1,-1,-1,-1
124,15,950.85,295.16,1044.89,521.35,1,-1,-1,-1
124,37,1608.01,328.26,1690.50,514.99,1,-1,-1,-1
125,13,790.09,267.16,907.41,562.40,1,-1,-1,-1
125,15,957.32,296.10,1050.21,520.02,1,-1,-1,-1
126,13,786.71,271.78,900.35,557.45,1,-1,-1,-1
126,15,959.26,295.00,1052.17,519.61,1,-1,-1,-1
127,13,785.38,273.49,897.40,554.94,1,-1,-1,-1
127,15,959.14,292.51,1053.39,520.88,1,-1,-1,-1
128,13,783.09,279.46,890.33,548.68,1,-1,-1,-1
128,15,959.06,290.90,1054.30,522.06,1,-1,-1,-1
129,13,782.92,283.00,887.34,545.03,1,-1,-1,-1
129,15,959.38,291.63,1054.05,521.19,1,-1,-1,-1
130,13,782.49,284.22,885.54,543.09,1,-1,-1,-1
130,15,960.04,291.90,1054.53,520.89,1,-1,-1,-1
131,13,781.79,283.25,885.67,544.48,1,-1,-1,-1
131,15,962.24,284.65,1060.60,522.80,1,-1,-1,-1
132,13,780.51,280.17,886.93,548.38,1,-1,-1,-1
132,15,963.70,285.91,1062.75,525.48,1,-1,-1,-1
133,13,774.01,271.73,884.34,550.53,1,-1,-1,-1
133,15,964.20,285.78,1064.10,527.19,1,-1,-1,-1
133,37,1561.64,328.22,1645.72,516.02,1,-1,-1,-1
134,13,772.32,274.40,882.09,551.36,1,-1,-1,-1
134,15,967.65,283.77,1069.09,529.80,1,-1,-1,-1
134,37,1558.42,328.56,1642.41,516.17,1,-1,-1,-1
134,39,722.64,391.99,779.57,523.08,1,-1,-1,-1
135,13,767.89,276.12,877.31,551.70,1,-1,-1,-1
135,15,968.25,281.07,1072.20,534.05,1,-1,-1,-1
135,39,722.44,392.80,779.03,522.08,1,-1,-1,-1
136,13,765.55,276.10,875.71,553.16,1,-1,-1,-1
136,15,970.85,274.85,1079.97,540.86,1,-1,-1,-1
136,39,721.85,393.04,778.68,521.76,1,-1,-1,-1
137,13,764.55,276.09,874.75,553.06,1,-1,-1,-1
137,15,968.16,273.14,1078.17,542.15,1,-1,-1,-1
137,39,721.44,393.80,778.15,521.68,1,-1,-1,-1
138,13,763.97,274.76,875.46,555.00,1,-1,-1,-1
138,15,969.39,267.99,1083.38,547.14,1,-1,-1,-1
138,39,720.74,393.38,777.90,521.69,1,-1,-1,-1
139,13,763.78,274.91,875.19,555.07,1,-1,-1,-1
139,15,976.28,271.84,1087.20,543.86,1,-1,-1,-1
139,39,720.10,391.87,778.27,522.39,1,-1,-1,-1
140,13,763.31,274.31,875.00,555.09,1,-1,-1,-1
140,15,979.03,272.82,1089.12,543.11,1,-1,-1,-1
140,39,719.24,390.63,778.42,523.33,1,-1,-1,-1
141,13,759.21,273.43,871.75,555.75,1,-1,-1,-1
141,15,979.71,272.57,1090.04,543.44,1,-1,-1,-1
141,39,718.59,390.50,777.74,523.12,1,-1,-1,-1
142,13,757.18,272.44,870.47,555.99,1,-1,-1,-1
142,15,986.83,278.41,1092.54,537.63,1,-1,-1,-1
143,13,755.91,268.12,869.98,553.44,1,-1,-1,-1
143,15,989.11,280.05,1093.72,535.99,1,-1,-1,-1
144,13,751.00,265.18,866.47,553.78,1,-1,-1,-1
144,15,990.65,281.33,1093.95,533.39,1,-1,-1,-1
145,13,748.63,264.09,864.47,553.26,1,-1,-1,-1
145,15,999.95,292.47,1093.77,521.74,1,-1,-1,-1
146,13,747.94,264.37,863.00,551.75,1,-1,-1,-1
146,15,1002.93,294.64,1094.64,519.38,1,-1,-1,-1
147,13,748.61,265.83,862.34,549.85,1,-1,-1,-1
147,15,1004.24,295.36,1095.21,518.61,1,-1,-1,-1
148,13,743.77,263.76,859.38,551.80,1,-1,-1,-1
148,15,1004.52,294.89,1095.43,518.39,1,-1,-1,-1
149,13,741.41,263.01,857.64,551.88,1,-1,-1,-1
149,15,1007.08,287.96,1100.93,519.70,1,-1,-1,-1
150,13,740.08,261.44,857.56,552.57,1,-1,-1,-1
150,15,1007.20,283.41,1103.67,522.20,1,-1,-1,-1
151,13,740.00,261.52,857.25,551.53,1,-1,-1,-1
151,15,1007.53,282.33,1104.26,522.52,1,-1,-1,-1
152,13,735.20,260.27,853.47,552.45,1,-1,-1,-1
152,15,1008.16,281.94,1104.46,521.36,1,-1,-1,-1
153,13,733.31,259.83,852.26,553.46,1,-1,-1,-1
153,15,1008.69,283.13,1104.08,520.27,1,-1,-1,-1
154,13,732.38,260.34,851.50,553.84,1,-1,-1,-1
154,15,1008.84,283.60,1103.85,519.22,1,-1,-1,-1
155,13,728.08,261.89,846.74,552.67,1,-1,-1,-1
155,15,1008.54,283.12,1104.00,519.52,1,-1,-1,-1
156,13,721.31,261.83,840.29,552.88,1,-1,-1,-1
156,15,1009.87,282.87,1105.20,518.96,1,-1,-1,-1
157,13,718.19,261.17,837.95,553.62,1,-1,-1,-1
158,13,711.11,257.63,833.93,556.53,1,-1,-1,-1
159,13,702.62,253.04,829.24,560.25,1,-1,-1,-1
160,13,693.47,244.16,824.45,561.65,1,-1,-1,-1
161,13,682.76,245.31,811.89,557.63,1,-1,-1,-1
162,13,678.53,245.87,806.69,555.36,1,-1,-1,-1
162,15,1013.72,281.96,1110.62,520.71,1,-1,-1,-1
163,13,672.38,244.82,801.05,555.14,1,-1,-1,-1
163,15,1013.16,279.86,1112.28,522.93,1,-1,-1,-1
164,13,671.26,247.75,797.37,551.77,1,-1,-1,-1
164,15,1018.14,281.79,1115.57,519.72,1,-1,-1,-1
165,13,669.39,242.30,797.18,550.49,1,-1,-1,-1
165,15,1021.21,284.54,1116.23,515.84,1,-1,-1,-1
166,13,665.13,240.96,793.03,549.36,1,-1,-1,-1
166,15,1021.88,284.90,1116.84,515.06,1,-1,-1,-1
167,13,663.41,240.51,791.21,548.29,1,-1,-1,-1
167,15,1022.19,281.04,1118.24,512.80,1,-1,-1,-1
168,13,658.14,239.73,786.21,547.91,1,-1,-1,-1
168,15,1028.73,284.89,1120.20,506.03,1,-1,-1,-1
168,39,642.11,383.01,701.33,516.00,1,-1,-1,-1
169,13,656.34,240.81,783.76,547.12,1,-1,-1,-1
169,15,1031.37,287.73,1119.98,502.14,1,-1,-1,-1
169,39,640.73,382.23,699.88,515.92,1,-1,-1,-1
170,13,658.51,251.18,780.30,544.20,1,-1,-1,-1
170,15,1033.06,288.75,1120.40,500.11,1,-1,-1,-1
170,39,637.90,381.89,697.09,515.67,1,-1,-1,-1
171,13,654.71,253.16,775.94,545.14,1,-1,-1,-1
171,15,1032.87,287.76,1120.57,500.11,1,-1,-1,-1
171,37,1351.09,332.02,1426.23,500.04,1,-1,-1,-1
172,13,653.46,253.88,774.43,545.50,1,-1,-1,-1
172,15,1033.21,288.71,1120.12,498.83,1,-1,-1,-1
172,37,1344.68,332.02,1418.93,499.15,1,-1,-1,-1
173,13,653.21,254.79,773.24,544.33,1,-1,-1,-1
173,15,1032.55,287.04,1120.64,499.77,1,-1,-1,-1
173,37,1336.28,327.24,1414.79,503.65,1,-1,-1,-1
174,13,651.44,251.11,774.73,548.58,1,-1,-1,-1
174,15,1032.84,287.08,1120.88,499.50,1,-1,-1,-1
174,37,1327.91,324.18,1409.65,507.95,1,-1,-1,-1
175,13,651.19,250.40,775.04,549.50,1,-1,-1,-1
175,15,1032.66,286.42,1121.18,499.45,1,-1,-1,-1
175,37,1320.36,322.38,1403.31,508.93,1,-1,-1,-1
176,13,648.31,239.58,778.16,553.15,1,-1,-1,-1
176,15,1032.42,285.50,1122.06,500.80,1,-1,-1,-1
176,37,1313.53,321.20,1397.39,509.80,1,-1,-1,-1
177,13,649.89,231.65,785.20,558.40,1,-1,-1,-1
177,15,1036.59,284.50,1126.66,500.68,1,-1,-1,-1
178,13,651.17,228.61,788.03,559.13,1,-1,-1,-1
178,15,1038.02,284.12,1128.49,500.66,1,-1,-1,-1
179,13,652.31,228.80,788.62,558.08,1,-1,-1,-1
179,15,1038.78,284.64,1128.87,500.02,1,-1,-1,-1
179,37,1301.74,336.54,1376.53,505.85,1,-1,-1,-1
180,13,652.90,229.61,788.13,556.32,1,-1,-1,-1
180,15,1040.12,286.84,1129.19,499.14,1,-1,-1,-1
180,37,1297.28,342.14,1367.29,501.68,1,-1,-1,-1
181,13,653.23,229.33,788.57,556.28,1,-1,-1,-1
181,15,1039.69,285.67,1130.15,500.83,1,-1,-1,-1
181,37,1286.80,329.30,1363.89,505.96,1,-1,-1,-1
182,13,651.87,226.00,789.60,558.88,1,-1,-1,-1
182,15,1044.42,287.87,1133.47,499.49,1,-1,-1,-1
182,37,1281.63,336.02,1355.12,504.15,1,-1,-1,-1
183,13,652.64,228.05,788.76,557.23,1,-1,-1,-1
183,15,1046.04,288.71,1134.82,499.67,1,-1,-1,-1
183,37,1276.62,339.48,1348.05,502.72,1,-1,-1,-1
183,39,606.65,381.93,666.18,516.93,1,-1,-1,-1
184,13,652.79,228.25,788.63,556.57,1,-1,-1,-1
184,15,1047.03,288.34,1136.17,499.75,1,-1,-1,-1
184,37,1273.84,340.05,1344.92,502.86,1,-1,-1,-1
184,39,604.16,381.87,663.73,516.96,1,-1,-1,-1
185,13,649.21,230.35,783.69,554.98,1,-1,-1,-1
185,15,1047.25,288.86,1136.06,499.13,1,-1,-1,-1
185,37,1268.66,340.91,1339.67,503.59,1,-1,-1,-1
186,13,647.32,231.19,781.73,555.69,1,-1,-1,-1
186,15,1046.93,287.05,1136.98,500.24,1,-1,-1,-1
186,37,1260.85,337.87,1334.71,507.20,1,-1,-1,-1
186,39,598.59,381.11,658.56,517.86,1,-1,-1,-1
187,13,641.95,230.21,777.15,557.28,1,-1,-1,-1
187,15,1046.95,287.69,1136.44,499.35,1,-1,-1,-1
187,37,1252.87,334.76,1329.75,511.15,1,-1,-1,-1
187,39,596.02,380.99,656.10,517.97,1,-1,-1,-1
188,13,640.36,230.52,775.05,557.21,1,-1,-1,-1
188,15,1047.35,288.59,1135.76,497.69,1,-1,-1,-1
188,37,1246.70,334.62,1324.01,512.00,1,-1,-1,-1
188,39,585.59,377.81,648.01,521.96,1,-1,-1,-1
189,13,639.92,230.66,774.21,557.17,1,-1,-1,-1
189,15,1047.67,288.93,1135.26,496.42,1,-1,-1,-1
189,39,582.52,375.80,645.86,523.49,1,-1,-1,-1
189,52,1279.33,346.58,1346.71,496.98,1,-1,-1,-1
190,13,635.70,232.71,768.16,555.16,1,-1,-1,-1
190,15,1047.36,289.71,1134.10,495.30,1,-1,-1,-1
190,37,1225.26,335.73,1301.62,510.60,1,-1,-1,-1
190,39,579.10,375.19,642.97,524.11,1,-1,-1,-1
190,52,1272.02,347.87,1338.46,496.18,1,-1,-1,-1
191,13,627.69,228.20,763.77,559.70,1,-1,-1,-1
191,15,1043.52,289.99,1130.02,494.90,1,-1,-1,-1
191,37,1215.64,332.49,1294.63,513.10,1,-1,-1,-1
191,52,1264.44,346.73,1332.66,498.93,1,-1,-1,-1
192,13,624.58,227.19,761.07,560.07,1,-1,-1,-1
192,15,1039.40,280.12,1131.81,499.42,1,-1,-1,-1
192,37,1207.92,332.70,1286.82,513.29,1,-1,-1,-1
192,52,1257.59,349.16,1323.43,496.28,1,-1,-1,-1
193,13,618.84,226.83,755.57,560.19,1,-1,-1,-1
193,15,1139.76,312.65,1222.95,509.48,1,-1,-1,-1
193,37,1200.58,332.42,1279.90,513.99,1,-1,-1,-1
193,52,1250.83,349.29,1315.97,495.30,1,-1,-1,-1
194,13,618.36,231.32,751.29,555.61,1,-1,-1,-1
194,15,1179.78,326.06,1259.35,513.60,1,-1,-1,-1
194,52,1244.07,350.70,1308.58,495.67,1,-1,-1,-1
195,13,618.01,232.41,750.09,554.51,1,-1,-1,-1
195,15,1193.62,329.96,1272.14,515.02,1,-1,-1,-1
195,52,1237.86,351.53,1301.89,495.43,1,-1,-1,-1
196,13,612.90,230.82,746.17,556.10,1,-1,-1,-1
196,15,1071.69,290.81,1160.62,501.70,1,-1,-1,-1
197,13,605.60,227.59,741.04,558.01,1,-1,-1,-1
197,15,1046.34,289.85,1133.54,497.23,1,-1,-1,-1
198,13,601.91,220.46,740.22,558.08,1,-1,-1,-1
198,15,1035.92,289.54,1122.29,495.49,1,-1,-1,-1
199,13,591.71,221.70,730.61,560.71,1,-1,-1,-1
199,15,1027.60,288.14,1114.89,496.19,1,-1,-1,-1
200,13,587.58,218.28,727.37,559.75,1,-1,-1,-1
200,15,1023.36,285.03,1112.94,498.45,1,-1,-1,-1
201,13,588.60,226.86,723.17,555.43,1,-1,-1,-1
201,15,1022.03,284.54,1112.26,499.32,1,-1,-1,-1
201,52,1191.51,338.73,1259.94,493.04,1,-1,-1,-1
202,13,587.87,224.22,722.39,553.08,1,-1,-1,-1
202,15,1017.48,285.06,1107.32,499.02,1,-1,-1,-1
202,52,1186.43,345.99,1251.41,492.90,1,-1,-1,-1
203,13,582.37,220.61,718.93,554.87,1,-1,-1,-1
203,15,1015.11,283.99,1105.79,500.23,1,-1,-1,-1
203,52,1179.95,350.69,1242.02,491.52,1,-1,-1,-1
204,13,582.13,222.56,716.03,550.95,1,-1,-1,-1
204,15,1013.96,282.31,1105.79,501.35,1,-1,-1,-1
204,52,1174.47,355.10,1233.48,488.33,1,-1,-1,-1
205,13,577.44,222.02,711.19,550.79,1,-1,-1,-1
205,15,1014.37,283.68,1105.25,500.47,1,-1,-1,-1
205,52,1162.74,353.28,1223.71,491.28,1,-1,-1,-1
206,13,568.44,216.54,706.94,556.70,1,-1,-1,-1
206,15,1014.73,284.25,1105.22,500.14,1,-1,-1,-1
206,52,1156.95,352.63,1219.49,494.31,1,-1,-1,-1
207,13,562.14,217.12,699.99,556.31,1,-1,-1,-1
207,15,1010.86,283.18,1102.22,501.33,1,-1,-1,-1
207,52,1149.81,353.08,1212.20,494.42,1,-1,-1,-1
208,13,560.23,219.37,696.44,554.83,1,-1,-1,-1
208,15,1009.38,283.45,1100.69,501.78,1,-1,-1,-1
208,37,1086.30,337.85,1165.93,521.05,1,-1,-1,-1
209,13,562.41,230.85,692.52,550.95,1,-1,-1,-1
209,15,1008.51,282.93,1100.67,503.93,1,-1,-1,-1
209,37,1078.71,338.11,1158.45,521.56,1,-1,-1,-1
210,13,562.77,228.51,692.58,548.14,1,-1,-1,-1
210,15,1008.32,283.41,1100.08,504.08,1,-1,-1,-1
210,37,1072.52,338.07,1151.90,522.01,1,-1,-1,-1
210,52,1130.70,359.37,1190.94,495.86,1,-1,-1,-1
210,19,1713.11,170.31,1880.73,564.39,1,-1,-1,-1
211,13,562.11,224.97,693.59,549.13,1,-1,-1,-1
211,15,1007.08,282.30,1099.93,506.76,1,-1,-1,-1
211,37,1065.05,338.30,1144.55,522.51,1,-1,-1,-1
211,52,1120.82,361.48,1180.06,496.02,1,-1,-1,-1
211,19,1696.72,164.54,1867.71,566.90,1,-1,-1,-1
212,13,561.16,222.99,694.20,551.51,1,-1,-1,-1
212,15,1003.69,286.48,1095.11,508.41,1,-1,-1,-1
212,52,1113.57,362.53,1172.45,496.24,1,-1,-1,-1
212,19,1676.90,163.46,1848.16,567.03,1,-1,-1,-1
213,13,563.59,233.44,691.18,548.47,1,-1,-1,-1
213,15,1002.44,288.78,1092.76,509.02,1,-1,-1,-1
213,19,1653.74,147.55,1838.29,582.75,1,-1,-1,-1
214,13,563.29,234.12,691.53,550.67,1,-1,-1,-1
214,15,1002.69,292.29,1090.69,507.91,1,-1,-1,-1
214,19,1631.82,140.74,1821.67,588.85,1,-1,-1,-1
215,13,563.23,234.34,691.73,551.48,1,-1,-1,-1
215,15,999.31,294.27,1086.27,507.46,1,-1,-1,-1
215,19,1612.57,145.76,1798.13,584.31,1,-1,-1,-1
216,13,560.27,237.04,686.93,550.47,1,-1,-1,-1
216,15,997.54,294.33,1084.65,507.94,1,-1,-1,-1
216,19,1594.00,152.76,1773.64,577.58,1,-1,-1,-1
217,13,557.64,235.36,685.45,552.09,1,-1,-1,-1
217,15,996.48,293.66,1083.96,508.11,1,-1,-1,-1
217,19,1581.25,151.48,1761.77,579.01,1,-1,-1,-1
218,13,556.98,234.70,684.72,552.04,1,-1,-1,-1
218,15,995.55,292.72,1083.75,508.82,1,-1,-1,-1
218,19,1571.71,153.77,1754.05,585.50,1,-1,-1,-1
219,13,554.22,224.51,687.10,555.32,1,-1,-1,-1
219,15,995.65,292.35,1084.04,509.07,1,-1,-1,-1
219,19,1564.96,172.63,1736.97,579.24,1,-1,-1,-1
220,13,553.85,222.00,687.41,555.24,1,-1,-1,-1
220,15,994.72,288.90,1085.94,512.45,1,-1,-1,-1
220,19,1553.82,182.05,1720.47,575.33,1,-1,-1,-1
221,13,552.97,233.51,679.89,549.95,1,-1,-1,-1
221,15,992.99,288.74,1084.57,513.16,1,-1,-1,-1
221,19,1537.78,177.25,1709.37,581.35,1,-1,-1,-1
222,13,551.16,233.99,678.63,551.24,1,-1,-1,-1
222,19,1528.00,177.47,1700.11,582.17,1,-1,-1,-1
223,13,544.89,232.82,673.93,553.70,1,-1,-1,-1
223,19,1514.88,186.82,1679.34,572.45,1,-1,-1,-1
224,13,541.35,229.08,673.48,557.26,1,-1,-1,-1
224,19,1492.78,171.33,1670.49,587.68,1,-1,-1,-1
225,13,1326.50,208.67,1468.40,559.25,1,-1,-1,-1
225,19,1476.94,167.18,1657.94,591.08,1,-1,-1,-1
226,13,1605.24,192.00,1758.93,570.25,1,-1,-1,-1
226,19,1468.33,165.55,1646.93,584.50,1,-1,-1,-1
227,13,1703.25,186.17,1861.57,573.27,1,-1,-1,-1
227,19,1461.60,166.93,1637.51,579.88,1,-1,-1,-1
228,13,1805.37,182.20,1966.08,575.14,1,-1,-1,-1
228,19,1448.48,178.76,1617.81,575.44,1,-1,-1,-1
228,56,525.96,205.27,674.03,572.92,1,-1,-1,-1
229,15,994.99,287.98,1086.78,513.24,1,-1,-1,-1
229,19,1439.56,195.34,1596.83,562.33,1,-1,-1,-1
229,56,518.99,199.37,670.73,576.34,1,-1,-1,-1
230,13,780.18,195.46,935.48,576.51,1,-1,-1,-1
230,15,997.05,291.44,1085.97,510.38,1,-1,-1,-1
230,19,1429.55,195.26,1587.00,562.27,1,-1,-1,-1
230,56,514.10,192.34,670.30,580.39,1,-1,-1,-1
230,57,1656.82,169.87,1835.23,577.94,1,-1,-1,-1
231,13,602.76,209.51,750.30,571.89,1,-1,-1,-1
231,15,998.48,295.92,1083.61,506.09,1,-1,-1,-1
231,19,1420.23,193.17,1579.89,564.98,1,-1,-1,-1
231,57,1645.77,171.35,1821.46,573.34,1,-1,-1,-1
231,32,414.81,350.43,487.40,520.34,1,-1,-1,-1
232,13,538.39,199.54,691.95,577.69,1,-1,-1,-1
232,15,992.91,293.50,1080.09,509.25,1,-1,-1,-1
232,19,1408.22,194.95,1566.72,564.05,1,-1,-1,-1
232,57,1640.29,181.12,1807.45,563.53,1,-1,-1,-1
232,32,408.95,349.15,482.45,521.12,1,-1,-1,-1
233,13,514.90,194.71,671.38,581.05,1,-1,-1,-1
233,15,990.19,291.95,1078.24,510.39,1,-1,-1,-1
233,57,1631.03,193.40,1791.42,560.23,1,-1,-1,-1
233,32,407.62,350.96,479.49,519.12,1,-1,-1,-1
234,13,1232.10,198.75,1381.93,566.02,1,-1,-1,-1
234,15,985.17,291.36,1073.66,511.49,1,-1,-1,-1
234,57,1623.19,196.16,1781.15,557.43,1,-1,-1,-1
234,32,402.32,350.93,474.93,520.53,1,-1,-1,-1
235,13,765.41,195.12,920.63,576.04,1,-1,-1,-1
235,15,982.77,289.81,1071.86,512.56,1,-1,-1,-1
235,57,1613.80,207.35,1763.87,550.75,1,-1,-1,-1
235,32,395.22,350.22,468.38,521.00,1,-1,-1,-1
236,13,1310.36,202.30,1457.07,560.11,1,-1,-1,-1
236,15,981.11,289.64,1070.40,512.87,1,-1,-1,-1
236,56,508.72,217.27,650.02,568.47,1,-1,-1,-1
236,57,1605.67,211.61,1752.35,547.26,1,-1,-1,-1
236,32,388.93,350.67,461.77,520.46,1,-1,-1,-1
237,13,787.19,211.99,932.30,566.54,1,-1,-1,-1
237,56,506.32,217.21,647.76,568.76,1,-1,-1,-1
237,57,1592.25,208.47,1741.64,550.63,1,-1,-1,-1
237,32,384.84,350.51,457.88,520.77,1,-1,-1,-1
238,13,592.35,214.84,737.30,569.55,1,-1,-1,-1
238,15,975.90,289.89,1064.08,511.39,1,-1,-1,-1
238,57,1577.70,221.61,1719.47,546.67,1,-1,-1,-1
239,13,519.62,215.21,664.82,570.66,1,-1,-1,-1
239,15,970.77,289.25,1059.17,511.84,1,-1,-1,-1
239,57,1559.83,212.86,1706.66,550.26,1,-1,-1,-1
240,13,490.25,216.65,634.22,569.73,1,-1,-1,-1
240,15,969.24,290.35,1056.63,510.67,1,-1,-1,-1
240,19,-59.13,60.85,197.20,657.70,1,-1,-1,-1
240,57,1544.85,212.48,1691.31,549.51,1,-1,-1,-1
241,13,480.08,215.83,624.80,571.36,1,-1,-1,-1
241,15,963.37,289.45,1051.85,512.88,1,-1,-1,-1
241,19,-134.30,55.66,125.42,660.81,1,-1,-1,-1
241,57,1529.64,209.53,1677.45,550.66,1,-1,-1,-1
242,13,1156.66,208.88,1296.32,551.45,1,-1,-1,-1
242,15,961.99,291.74,1048.75,511.07,1,-1,-1,-1
242,19,-153.19,55.99,105.32,659.75,1,-1,-1,-1
242,57,1517.57,211.07,1664.17,549.41,1,-1,-1,-1
243,13,723.47,218.97,861.59,557.94,1,-1,-1,-1
243,15,962.60,295.29,1046.66,507.70,1,-1,-1,-1
243,19,-155.45,58.41,100.15,656.52,1,-1,-1,-1
243,57,1501.44,204.24,1648.33,544.09,1,-1,-1,-1
244,13,715.16,219.94,852.53,557.09,1,-1,-1,-1
244,15,962.04,294.60,1046.88,509.13,1,-1,-1,-1
244,19,-153.09,57.75,102.63,656.95,1,-1,-1,-1
244,56,474.96,197.66,627.69,577.76,1,-1,-1,-1
244,57,1488.88,204.82,1634.78,542.37,1,-1,-1,-1
245,13,522.33,202.08,673.29,573.38,1,-1,-1,-1
245,15,957.59,294.99,1042.06,508.99,1,-1,-1,-1
245,19,-154.53,55.80,102.70,658.88,1,-1,-1,-1
245,56,471.32,195.99,625.08,578.63,1,-1,-1,-1
245,57,1478.66,216.19,1613.69,529.03,1,-1,-1,-1
246,13,475.92,198.36,629.48,576.78,1,-1,-1,-1
246,15,956.92,297.78,1039.41,506.95,1,-1,-1,-1
246,19,-151.33,57.85,104.11,656.90,1,-1,-1,-1
246,57,1469.45,215.88,1604.17,528.11,1,-1,-1,-1
247,13,458.93,197.63,612.65,577.38,1,-1,-1,-1
247,15,953.88,304.84,1033.38,506.19,1,-1,-1,-1
247,19,-151.10,58.92,103.17,655.28,1,-1,-1,-1
247,57,1458.22,218.48,1590.42,525.12,1,-1,-1,-1
248,13,449.87,197.41,603.20,577.56,1,-1,-1,-1
248,15,952.59,308.10,1030.16,504.58,1,-1,-1,-1
248,19,-146.63,62.17,104.64,651.90,1,-1,-1,-1
248,57,1443.71,215.99,1577.94,528.19,1,-1,-1,-1
249,13,447.63,197.37,600.50,577.59,1,-1,-1,-1
249,15,951.09,308.56,1028.86,505.36,1,-1,-1,-1
249,19,-142.74,62.98,107.93,651.76,1,-1,-1,-1
249,57,1434.28,219.70,1568.32,532.70,1,-1,-1,-1
250,13,448.09,198.71,599.48,575.59,1,-1,-1,-1
250,15,944.93,304.66,1026.14,509.67,1,-1,-1,-1
250,19,-137.20,67.39,109.59,647.67,1,-1,-1,-1
250,57,1419.14,214.39,1558.73,541.14,1,-1,-1,-1
251,13,451.16,203.88,598.14,570.17,1,-1,-1,-1
251,15,942.16,301.89,1025.10,511.26,1,-1,-1,-1
251,37,837.21,367.97,903.58,518.04,1,-1,-1,-1
251,19,-133.12,67.94,113.08,647.30,1,-1,-1,-1
251,57,1409.48,214.36,1549.38,542.98,1,-1,-1,-1
252,13,447.35,201.89,595.97,572.08,1,-1,-1,-1
252,15,941.30,301.45,1024.70,511.86,1,-1,-1,-1
252,37,828.08,363.62,898.79,521.77,1,-1,-1,-1
252,19,-128.44,70.90,114.82,643.80,1,-1,-1,-1
252,57,1401.95,213.66,1542.12,544.35,1,-1,-1,-1
252,62,-114.94,123.54,101.94,590.22,1,-1,-1,-1
253,13,440.90,199.84,591.38,574.75,1,-1,-1,-1
253,15,935.31,294.68,1021.87,513.40,1,-1,-1,-1
253,37,819.86,361.87,893.19,524.76,1,-1,-1,-1
253,19,-126.57,63.55,119.13,643.05,1,-1,-1,-1
253,57,1388.55,209.42,1532.38,549.47,1,-1,-1,-1
253,62,-112.04,130.38,98.28,582.95,1,-1,-1,-1
254,13,439.69,201.06,589.00,573.79,1,-1,-1,-1
254,15,934.82,299.92,1018.51,511.37,1,-1,-1,-1
254,37,814.57,366.65,884.41,521.79,1,-1,-1,-1
254,19,-121.26,72.70,118.64,638.79,1,-1,-1,-1
254,57,1370.07,216.95,1514.77,559.87,1,-1,-1,-1
254,62,-105.87,148.37,92.61,575.47,1,-1,-1,-1
255,13,440.78,203.53,587.94,571.41,1,-1,-1,-1
255,15,935.45,304.01,1016.66,509.21,1,-1,-1,-1
255,37,812.49,367.79,881.37,520.58,1,-1,-1,-1
255,19,-117.17,77.02,119.88,636.44,1,-1,-1,-1
255,57,1357.56,217.67,1502.70,561.64,1,-1,-1,-1
255,62,-103.49,154.34,90.19,571.11,1,-1,-1,-1
256,13,441.56,217.75,580.44,564.53,1,-1,-1,-1
256,15,934.25,302.18,1017.61,512.41,1,-1,-1,-1
256,37,807.95,368.86,875.66,518.78,1,-1,-1,-1
256,19,-115.49,76.69,122.52,638.20,1,-1,-1,-1
256,57,1351.95,223.50,1494.03,560.77,1,-1,-1,-1
256,62,-105.69,150.62,92.64,577.25,1,-1,-1,-1
257,13,441.72,221.79,578.55,563.27,1,-1,-1,-1
257,15,928.94,299.54,1014.39,514.88,1,-1,-1,-1
257,37,801.43,366.46,871.46,520.87,1,-1,-1,-1
257,19,-111.08,87.84,121.57,636.86,1,-1,-1,-1
257,57,1346.47,226.27,1483.80,552.60,1,-1,-1,-1
257,62,-104.24,154.62,91.20,575.03,1,-1,-1,-1
257,68,1099.83,193.73,1269.56,578.47,1,-1,-1,-1
258,13,436.06,219.84,574.92,566.20,1,-1,-1,-1
258,15,926.76,297.87,1013.47,516.47,1,-1,-1,-1
258,37,797.62,364.92,869.72,523.64,1,-1,-1,-1
258,19,-109.64,88.78,123.72,639.68,1,-1,-1,-1
258,57,1332.43,219.84,1474.07,556.39,1,-1,-1,-1
258,68,1091.42,188.24,1265.78,583.46,1,-1,-1,-1
259,13,433.99,219.07,573.56,567.29,1,-1,-1,-1
259,15,926.13,297.88,1013.08,517.05,1,-1,-1,-1
259,37,792.45,364.97,864.71,524.04,1,-1,-1,-1
259,19,-110.91,82.48,128.33,647.34,1,-1,-1,-1
259,57,1323.90,219.47,1465.87,557.09,1,-1,-1,-1
260,13,434.04,220.06,573.01,567.05,1,-1,-1,-1
260,15,924.51,295.27,1013.83,520.53,1,-1,-1,-1
260,37,787.80,372.85,856.85,524.88,1,-1,-1,-1
260,19,-112.59,76.84,131.68,653.47,1,-1,-1,-1
260,57,1316.38,219.31,1458.07,556.66,1,-1,-1,-1
260,68,1079.01,203.43,1245.77,582.11,1,-1,-1,-1
261,13,433.55,218.39,574.06,569.62,1,-1,-1,-1
261,15,924.35,294.94,1014.41,521.82,1,-1,-1,-1
261,37,787.18,378.10,852.42,521.64,1,-1,-1,-1
261,19,-112.37,74.69,133.92,655.76,1,-1,-1,-1
261,57,1310.78,222.53,1449.48,552.51,1,-1,-1,-1
261,68,1071.48,203.27,1239.49,584.79,1,-1,-1,-1
262,13,429.44,218.39,570.31,570.58,1,-1,-1,-1
262,15,923.93,294.18,1015.15,523.59,1,-1,-1,-1
262,37,782.62,379.60,847.18,521.64,1,-1,-1,-1
262,19,-111.62,74.56,135.24,656.56,1,-1,-1,-1
262,57,1304.17,224.40,1441.69,551.56,1,-1,-1,-1
263,13,428.71,219.69,568.62,569.62,1,-1,-1,-1
263,15,925.15,299.78,1014.82,524.89,1,-1,-1,-1
263,19,-123.38,73.67,124.60,658.33,1,-1,-1,-1
263,57,1292.37,227.06,1430.94,556.53,1,-1,-1,-1
264,13,430.50,228.10,566.47,567.92,1,-1,-1,-1
264,15,925.17,301.96,1014.62,526.00,1,-1,-1,-1
264,57,1283.99,228.03,1422.33,557.05,1,-1,-1,-1
265,13,430.76,230.57,566.65,569.95,1,-1,-1,-1
265,15,925.66,302.77,1014.81,525.71,1,-1,-1,-1
265,57,1276.03,227.69,1415.42,559.21,1,-1,-1,-1
266,13,429.28,227.44,567.96,573.36,1,-1,-1,-1
266,15,926.52,305.05,1014.29,524.24,1,-1,-1,-1
266,57,1268.29,226.21,1409.03,561.31,1,-1,-1,-1
267,13,428.10,223.59,570.03,577.26,1,-1,-1,-1
267,15,927.85,308.55,1013.17,521.66,1,-1,-1,-1
267,57,1260.42,224.96,1402.38,563.40,1,-1,-1,-1
268,13,427.31,220.78,571.44,580.02,1,-1,-1,-1
268,15,927.83,308.49,1013.34,521.99,1,-1,-1,-1
268,19,-100.65,102.38,127.76,641.06,1,-1,-1,-1
268,57,1253.20,224.47,1395.58,564.81,1,-1,-1,-1
269,13,426.67,219.69,571.95,581.70,1,-1,-1,-1
269,15,926.02,305.12,1014.60,526.09,1,-1,-1,-1
269,19,-99.22,101.21,130.33,643.05,1,-1,-1,-1
269,57,1248.10,233.47,1386.17,563.99,1,-1,-1,-1
270,13,426.82,219.26,572.64,582.30,1,-1,-1,-1
270,15,925.32,305.46,1014.07,526.85,1,-1,-1,-1
270,19,-99.23,100.25,131.21,644.30,1,-1,-1,-1
270,57,1240.25,232.90,1380.01,567.63,1,-1,-1,-1
271,13,425.60,216.47,573.76,585.11,1,-1,-1,-1
271,19,-99.09,99.84,131.69,644.77,1,-1,-1,-1
271,57,1227.50,230.68,1369.63,570.91,1,-1,-1,-1
272,13,424.43,213.45,575.05,588.10,1,-1,-1,-1
272,15,930.43,301.81,1022.56,530.59,1,-1,-1,-1
272,19,-98.30,100.97,131.45,643.61,1,-1,-1,-1
272,57,1212.52,226.53,1358.08,574.74,1,-1,-1,-1
273,13,423.84,211.66,575.85,589.85,1,-1,-1,-1
273,15,931.65,302.58,1023.49,529.16,1,-1,-1,-1
273,19,-96.46,104.67,130.11,639.85,1,-1,-1,-1
273,57,1204.87,231.46,1346.44,569.62,1,-1,-1,-1
274,13,425.12,199.22,583.95,594.39,1,-1,-1,-1
274,15,931.38,301.53,1024.51,529.97,1,-1,-1,-1
274,19,-95.64,106.02,129.74,638.44,1,-1,-1,-1
274,57,1198.40,231.37,1337.11,562.22,1,-1,-1,-1
275,13,425.12,193.25,587.58,597.36,1,-1,-1,-1
275,15,932.69,305.08,1023.47,526.30,1,-1,-1,-1
275,37,734.85,376.26,806.70,537.81,1,-1,-1,-1
275,19,-94.62,107.13,129.75,637.27,1,-1,-1,-1
275,57,1192.38,231.98,1329.31,558.09,1,-1,-1,-1
276,13,430.58,192.92,592.69,595.86,1,-1,-1,-1
276,15,932.96,305.36,1023.74,526.58,1,-1,-1,-1
276,37,730.97,376.34,803.23,538.82,1,-1,-1,-1
276,19,-94.16,107.49,129.86,636.86,1,-1,-1,-1
276,57,1192.95,239.52,1323.64,549.89,1,-1,-1,-1
277,13,925.85,219.67,1067.52,568.42,1,-1,-1,-1
277,19,-93.10,109.57,129.16,634.74,1,-1,-1,-1
277,57,1185.28,240.90,1314.85,548.59,1,-1,-1,-1
277,32,773.83,373.95,837.44,514.03,1,-1,-1,-1
278,13,973.67,220.41,1114.53,567.16,1,-1,-1,-1
278,19,-91.43,113.63,127.09,629.98,1,-1,-1,-1
278,56,447.89,193.81,610.51,593.05,1,-1,-1,-1
278,57,1171.43,230.94,1309.32,557.38,1,-1,-1,-1
278,32,777.89,377.23,840.12,510.10,1,-1,-1,-1
279,19,-90.75,115.09,126.40,628.23,1,-1,-1,-1
279,56,447.56,193.27,611.91,593.84,1,-1,-1,-1
279,57,1165.50,240.33,1299.15,555.75,1,-1,-1,-1
279,32,779.72,380.96,839.97,506.94,1,-1,-1,-1
280,19,-90.55,114.90,126.96,628.97,1,-1,-1,-1
280,56,453.23,195.16,616.05,592.04,1,-1,-1,-1
280,57,1161.47,249.20,1289.19,549.78,1,-1,-1,-1
280,32,788.98,382.57,847.86,505.69,1,-1,-1,-1
281,19,-88.81,118.76,125.59,625.30,1,-1,-1,-1
281,56,460.06,196.53,621.71,590.68,1,-1,-1,-1
281,57,1154.82,251.06,1281.97,549.62,1,-1,-1,-1
281,32,402.01,353.64,486.31,532.77,1,-1,-1,-1
282,19,-87.57,121.49,124.58,622.63,1,-1,-1,-1
282,56,461.85,194.98,624.45,591.53,1,-1,-1,-1
282,57,1152.61,253.68,1278.34,548.25,1,-1,-1,-1
282,32,331.56,347.96,419.53,537.58,1,-1,-1,-1
283,19,-82.28,124.44,127.46,619.70,1,-1,-1,-1
283,56,464.02,197.08,624.50,589.15,1,-1,-1,-1
283,57,1149.08,261.28,1272.32,549.12,1,-1,-1,-1
283,32,305.05,344.46,394.97,540.68,1,-1,-1,-1
284,19,-83.77,126.80,124.02,617.33,1,-1,-1,-1
284,56,469.83,199.21,628.13,586.92,1,-1,-1,-1
284,57,1142.13,261.98,1266.29,551.51,1,-1,-1,-1
284,32,297.66,343.85,387.31,541.13,1,-1,-1,-1
285,19,-84.11,128.26,122.55,615.85,1,-1,-1,-1
285,56,473.00,201.32,629.66,585.43,1,-1,-1,-1
285,57,1135.70,264.46,1258.66,551.19,1,-1,-1,-1
285,32,297.64,343.80,386.70,541.13,1,-1,-1,-1
286,19,-85.49,126.73,122.62,617.37,1,-1,-1,-1
286,56,481.78,209.46,631.86,577.51,1,-1,-1,-1
286,57,1117.24,264.62,1239.94,550.18,1,-1,-1,-1
286,32,245.09,340.20,337.32,544.56,1,-1,-1,-1
287,52,743.01,369.01,813.95,530.00,1,-1,-1,-1
287,19,-85.53,126.76,122.88,617.33,1,-1,-1,-1
287,56,484.36,211.09,633.16,575.96,1,-1,-1,-1
287,57,1109.36,267.63,1230.11,547.88,1,-1,-1,-1
287,32,295.03,341.42,386.42,544.98,1,-1,-1,-1
288,52,738.57,368.88,809.78,530.50,1,-1,-1,-1
288,19,-85.44,128.11,121.87,616.12,1,-1,-1,-1
288,56,488.75,209.59,638.08,576.81,1,-1,-1,-1
288,57,1105.70,266.61,1227.28,548.43,1,-1,-1,-1
288,32,303.93,347.36,392.68,546.06,1,-1,-1,-1
289,56,489.51,206.31,641.24,580.51,1,-1,-1,-1
289,57,1095.78,252.86,1225.34,553.98,1,-1,-1,-1
289,32,573.78,360.77,652.65,537.85,1,-1,-1,-1
290,56,493.31,202.40,647.97,584.58,1,-1,-1,-1
290,57,1090.73,254.27,1217.85,550.19,1,-1,-1,-1
290,32,680.95,366.16,755.95,534.44,1,-1,-1,-1
291,56,495.39,202.87,649.69,584.82,1,-1,-1,-1
291,57,1078.79,252.18,1207.16,551.32,1,-1,-1,-1
291,32,714.48,367.40,788.90,535.22,1,-1,-1,-1
291,81,337.23,350.90,422.95,546.11,1,-1,-1,-1
292,56,497.17,204.37,649.76,582.93,1,-1,-1,-1
292,57,1075.02,252.71,1202.30,549.77,1,-1,-1,-1
292,32,461.64,345.11,551.63,548.17,1,-1,-1,-1
292,81,338.02,350.30,424.35,546.90,1,-1,-1,-1
293,52,721.28,368.94,792.89,532.09,1,-1,-1,-1
293,56,496.75,202.93,649.98,583.55,1,-1,-1,-1
293,57,1065.65,254.89,1190.53,546.54,1,-1,-1,-1
293,32,437.24,342.36,529.64,550.86,1,-1,-1,-1
294,52,717.22,368.87,789.05,532.51,1,-1,-1,-1
294,56,502.53,206.34,653.21,580.48,1,-1,-1,-1
294,57,1054.51,248.40,1185.01,553.32,1,-1,-1,-1
295,56,506.89,212.29,652.72,574.00,1,-1,-1,-1
295,57,1043.67,241.46,1180.25,561.01,1,-1,-1,-1
296,13,521.63,211.16,669.47,575.78,1,-1,-1,-1
296,56,509.83,213.45,654.73,572.83,1,-1,-1,-1
296,57,1039.04,251.07,1170.32,558.15,1,-1,-1,-1
296,32,338.78,335.73,433.48,550.42,1,-1,-1,-1
297,13,506.75,205.65,658.78,580.64,1,-1,-1,-1
297,57,1033.89,257.63,1161.35,555.62,1,-1,-1,-1
297,32,327.83,335.76,421.82,549.41,1,-1,-1,-1
298,13,501.74,203.63,655.66,583.08,1,-1,-1,-1
298,57,1026.31,257.41,1154.96,557.98,1,-1,-1,-1
298,32,324.63,337.07,417.07,547.76,1,-1,-1,-1
299,13,499.72,201.58,655.35,585.30,1,-1,-1,-1
299,57,1024.01,273.15,1143.31,550.92,1,-1,-1,-1
299,32,323.69,337.64,415.38,547.08,1,-1,-1,-1
300,13,500.20,201.48,655.89,585.46,1,-1,-1,-1
300,57,1004.74,253.95,1138.44,565.21,1,-1,-1,-1
300,32,324.32,337.93,415.35,546.77,1,-1,-1,-1
301,13,500.25,199.52,657.45,587.45,1,-1,-1,-1
301,57,990.97,251.30,1125.80,566.24,1,-1,-1,-1
301,32,305.85,336.41,397.99,547.78,1,-1,-1,-1
302,13,500.37,197.50,659.52,590.14,1,-1,-1,-1
302,57,988.12,256.10,1118.21,561.36,1,-1,-1,-1
303,13,503.94,193.50,666.12,594.39,1,-1,-1,-1
303,57,987.84,259.34,1114.69,558.05,1,-1,-1,-1
303,32,318.04,337.24,410.27,549.13,1,-1,-1,-1
304,13,504.87,190.06,669.77,597.93,1,-1,-1,-1
304,57,985.96,266.54,1106.46,551.47,1,-1,-1,-1
304,32,319.38,335.35,413.26,551.39,1,-1,-1,-1
305,13,504.28,185.53,672.77,602.49,1,-1,-1,-1
305,37,955.26,304.37,1053.29,527.21,1,-1,-1,-1
305,57,992.87,288.79,1097.19,536.84,1,-1,-1,-1
305,32,323.00,345.18,411.03,548.23,1,-1,-1,-1
306,13,508.25,181.90,679.33,605.48,1,-1,-1,-1
306,37,954.67,301.20,1053.76,527.52,1,-1,-1,-1
306,57,987.45,292.34,1089.39,534.73,1,-1,-1,-1
306,32,325.31,349.75,410.68,546.94,1,-1,-1,-1
307,13,509.22,178.62,682.95,608.51,1,-1,-1,-1
307,37,948.73,283.87,1058.54,536.08,1,-1,-1,-1
307,32,325.79,350.74,410.96,547.79,1,-1,-1,-1
308,13,510.13,178.08,684.20,608.30,1,-1,-1,-1
308,37,946.00,276.10,1060.76,540.56,1,-1,-1,-1
308,32,326.65,352.42,410.95,547.42,1,-1,-1,-1
309,13,515.69,179.27,689.04,606.83,1,-1,-1,-1
309,37,942.83,283.24,1054.13,539.21,1,-1,-1,-1
309,19,653.30,256.46,797.92,600.94,1,-1,-1,-1
309,32,326.83,352.36,411.75,548.60,1,-1,-1,-1
310,13,523.79,181.77,695.10,603.56,1,-1,-1,-1
310,37,941.21,287.74,1050.23,537.96,1,-1,-1,-1
310,19,687.49,262.44,829.29,600.21,1,-1,-1,-1
310,32,326.71,352.31,412.05,549.68,1,-1,-1,-1
311,13,529.50,174.22,703.64,603.57,1,-1,-1,-1
311,37,935.01,288.92,1044.01,538.78,1,-1,-1,-1
311,32,322.14,349.63,409.85,552.72,1,-1,-1,-1
312,13,530.95,168.16,708.31,606.16,1,-1,-1,-1
312,37,928.42,294.04,1037.09,542.35,1,-1,-1,-1
312,32,320.82,349.92,408.30,552.53,1,-1,-1,-1
313,13,527.25,154.84,714.43,617.54,1,-1,-1,-1
313,37,913.64,290.83,1027.34,550.27,1,-1,-1,-1
313,32,321.22,352.66,406.60,550.45,1,-1,-1,-1
314,13,524.37,146.62,717.64,625.05,1,-1,-1,-1
314,37,903.90,289.01,1020.03,553.86,1,-1,-1,-1
314,32,320.97,353.03,406.12,550.29,1,-1,-1,-1
315,13,522.01,139.01,720.82,631.79,1,-1,-1,-1
315,37,894.17,287.08,1012.61,557.15,1,-1,-1,-1
315,32,320.86,353.15,405.58,549.55,1,-1,-1,-1
316,13,519.97,134.67,721.78,634.91,1,-1,-1,-1
316,37,881.38,285.74,1001.23,558.36,1,-1,-1,-1
316,32,321.94,355.84,404.55,547.27,1,-1,-1,-1
317,37,876.69,287.89,995.29,556.81,1,-1,-1,-1
317,32,319.69,358.84,399.77,544.39,1,-1,-1,-1
318,37,867.90,292.08,983.03,552.19,1,-1,-1,-1
318,32,317.25,357.90,398.53,546.02,1,-1,-1,-1
319,37,858.85,291.76,973.60,551.03,1,-1,-1,-1
319,32,311.93,356.88,394.06,546.62,1,-1,-1,-1
320,13,538.40,149.24,729.95,622.89,1,-1,-1,-1
320,15,848.12,276.05,964.09,555.98,1,-1,-1,-1
320,37,855.00,291.00,970.37,551.67,1,-1,-1,-1
320,32,310.20,357.79,391.66,545.53,1,-1,-1,-1
321,13,542.20,154.92,729.85,618.36,1,-1,-1,-1
321,15,904.84,296.89,1006.53,542.78,1,-1,-1,-1
321,32,306.66,364.10,385.27,545.12,1,-1,-1,-1
322,13,540.28,149.26,732.94,624.35,1,-1,-1,-1
322,15,852.54,282.13,963.58,551.05,1,-1,-1,-1
322,32,303.69,365.31,381.70,544.91,1,-1,-1,-1
323,13,538.94,145.92,734.67,627.82,1,-1,-1,-1
323,15,828.94,275.24,944.21,555.12,1,-1,-1,-1
324,13,542.34,143.40,739.90,629.76,1,-1,-1,-1
324,15,818.09,279.07,929.98,552.14,1,-1,-1,-1
324,39,296.83,360.25,378.18,542.52,1,-1,-1,-1
325,13,552.81,156.94,742.51,625.19,1,-1,-1,-1
325,15,804.55,278.69,916.36,552.23,1,-1,-1,-1
325,39,292.23,365.33,371.95,543.96,1,-1,-1,-1
326,13,556.16,160.27,744.10,625.34,1,-1,-1,-1
326,15,794.42,283.22,906.25,554.89,1,-1,-1,-1
326,39,289.81,361.41,371.34,543.74,1,-1,-1,-1
327,13,557.85,160.50,746.00,626.12,1,-1,-1,-1
327,15,779.72,280.32,896.01,561.85,1,-1,-1,-1
327,39,285.90,366.51,365.15,543.70,1,-1,-1,-1
328,15,762.09,278.60,876.70,557.24,1,-1,-1,-1
328,39,284.53,369.63,361.88,542.31,1,-1,-1,-1
329,15,754.82,280.60,869.76,559.99,1,-1,-1,-1
329,39,283.78,369.89,361.33,542.57,1,-1,-1,-1
330,15,746.57,278.09,864.10,564.29,1,-1,-1,-1
330,39,281.42,362.98,362.77,544.07,1,-1,-1,-1
331,15,731.59,269.97,855.45,573.06,1,-1,-1,-1
331,39,280.88,360.48,363.10,543.28,1,-1,-1,-1
332,15,721.59,268.52,846.93,575.22,1,-1,-1,-1
332,39,275.48,356.16,361.26,547.00,1,-1,-1,-1
333,15,711.28,273.12,833.38,571.75,1,-1,-1,-1
333,39,273.88,356.53,358.98,545.77,1,-1,-1,-1
334,13,602.92,182.07,767.17,590.89,1,-1,-1,-1
334,15,701.26,272.25,824.37,573.38,1,-1,-1,-1
334,39,273.81,358.70,357.09,543.94,1,-1,-1,-1
335,13,607.19,183.88,769.74,588.45,1,-1,-1,-1
335,37,901.90,312.50,993.41,518.65,1,-1,-1,-1
335,39,274.63,360.87,355.72,541.25,1,-1,-1,-1
336,37,902.77,312.36,994.48,518.52,1,-1,-1,-1
336,39,275.50,362.35,354.82,538.91,1,-1,-1,-1
337,37,902.59,311.02,996.02,520.44,1,-1,-1,-1
337,39,270.54,359.53,352.51,542.11,1,-1,-1,-1
337,48,626.49,203.51,771.64,569.49,1,-1,-1,-1
338,15,882.23,306.16,974.05,527.38,1,-1,-1,-1
338,37,904.21,311.61,996.91,519.42,1,-1,-1,-1
338,39,269.35,360.47,350.46,541.30,1,-1,-1,-1
338,48,633.98,204.86,778.25,568.14,1,-1,-1,-1
339,15,902.35,315.90,989.90,524.12,1,-1,-1,-1
339,39,269.36,362.84,348.73,539.68,1,-1,-1,-1
339,48,633.55,198.30,783.25,574.70,1,-1,-1,-1
340,15,907.64,319.04,993.96,522.48,1,-1,-1,-1
340,39,269.27,365.06,347.66,539.75,1,-1,-1,-1
340,48,634.13,186.83,793.06,585.46,1,-1,-1,-1
341,15,909.27,321.38,994.89,521.33,1,-1,-1,-1
341,39,271.12,371.88,345.50,537.78,1,-1,-1,-1
341,48,633.91,182.78,796.65,589.94,1,-1,-1,-1
342,15,908.91,322.06,994.68,521.05,1,-1,-1,-1
342,39,271.87,375.09,344.13,536.39,1,-1,-1,-1
342,48,632.78,178.68,799.27,594.21,1,-1,-1,-1
343,15,908.51,323.55,993.61,519.67,1,-1,-1,-1
343,39,271.55,375.52,343.65,536.59,1,-1,-1,-1
343,48,630.21,173.25,801.40,599.04,1,-1,-1,-1
344,15,730.73,328.07,821.46,536.41,1,-1,-1,-1
344,39,269.25,368.24,345.74,539.37,1,-1,-1,-1
344,48,632.33,167.35,808.76,604.72,1,-1,-1,-1
345,15,663.42,329.63,755.88,541.02,1,-1,-1,-1
345,37,902.15,316.96,995.55,525.56,1,-1,-1,-1
345,39,189.57,379.93,261.56,541.69,1,-1,-1,-1
345,48,634.02,163.73,813.33,608.21,1,-1,-1,-1
346,15,638.07,329.44,731.58,542.75,1,-1,-1,-1
346,37,895.96,313.79,992.57,528.65,1,-1,-1,-1
346,32,260.67,356.13,344.08,546.98,1,-1,-1,-1
346,39,158.04,384.56,228.12,542.62,1,-1,-1,-1
347,15,799.59,319.98,893.48,533.42,1,-1,-1,-1
347,37,895.75,314.08,992.42,529.10,1,-1,-1,-1
347,32,257.61,362.89,337.83,545.12,1,-1,-1,-1
347,39,146.28,385.50,215.81,542.95,1,-1,-1,-1
348,15,862.24,318.32,954.77,527.86,1,-1,-1,-1
348,32,256.46,367.67,334.08,543.03,1,-1,-1,-1
348,39,141.90,384.43,212.30,544.41,1,-1,-1,-1
349,15,885.69,317.65,977.80,525.76,1,-1,-1,-1
349,32,254.96,367.44,333.25,544.26,1,-1,-1,-1
349,39,139.10,382.66,211.00,546.26,1,-1,-1,-1
350,13,601.10,306.22,699.37,550.02,1,-1,-1,-1
350,15,894.70,318.04,986.44,525.01,1,-1,-1,-1
350,32,253.23,368.01,331.23,544.15,1,-1,-1,-1
350,39,133.68,380.63,207.77,549.57,1,-1,-1,-1
351,13,594.61,308.34,692.90,551.06,1,-1,-1,-1
351,15,897.06,316.84,989.61,525.42,1,-1,-1,-1
351,39,131.70,380.48,205.83,549.50,1,-1,-1,-1
352,13,582.79,307.88,683.14,553.25,1,-1,-1,-1
352,15,896.22,313.73,991.48,528.91,1,-1,-1,-1
352,39,127.98,380.39,202.34,550.09,1,-1,-1,-1
353,13,576.07,317.21,672.20,552.00,1,-1,-1,-1
353,15,890.20,308.64,989.74,534.15,1,-1,-1,-1
353,39,126.16,379.67,201.43,551.61,1,-1,-1,-1
353,48,706.05,172.25,874.07,587.29,1,-1,-1,-1
354,13,567.61,318.11,664.90,554.46,1,-1,-1,-1
354,15,889.75,311.23,987.00,532.27,1,-1,-1,-1
354,39,124.19,377.42,201.61,554.12,1,-1,-1,-1
354,48,714.31,189.48,872.66,579.70,1,-1,-1,-1
355,13,555.60,320.30,652.52,553.27,1,-1,-1,-1
355,15,890.08,314.27,985.00,530.18,1,-1,-1,-1
355,39,120.25,381.11,197.53,557.00,1,-1,-1,-1
355,48,718.05,186.00,880.87,585.86,1,-1,-1,-1
356,13,550.20,324.91,644.91,552.58,1,-1,-1,-1
356,15,891.04,317.43,983.15,527.39,1,-1,-1,-1
356,32,124.86,372.92,206.68,557.25,1,-1,-1,-1
356,39,113.38,381.63,190.97,558.20,1,-1,-1,-1
356,48,726.45,194.82,886.46,587.31,1,-1,-1,-1
357,13,541.92,334.78,633.60,551.17,1,-1,-1,-1
357,15,893.57,317.80,985.37,527.06,1,-1,-1,-1
357,32,116.42,373.20,198.48,558.10,1,-1,-1,-1
357,48,736.16,203.54,890.86,582.46,1,-1,-1,-1
358,13,536.25,340.13,625.34,550.38,1,-1,-1,-1
358,32,110.38,373.95,192.29,558.38,1,-1,-1,-1
358,48,743.88,207.37,896.60,579.96,1,-1,-1,-1
359,32,108.07,374.87,189.47,557.80,1,-1,-1,-1
359,48,746.48,209.34,898.38,578.40,1,-1,-1,-1
360,32,102.39,375.85,185.45,562.83,1,-1,-1,-1
360,48,749.59,203.88,906.50,583.93,1,-1,-1,-1
361,32,98.47,370.31,184.34,564.03,1,-1,-1,-1
361,48,759.63,196.53,919.45,582.65,1,-1,-1,-1
362,32,94.16,371.43,180.78,567.04,1,-1,-1,-1
362,48,764.04,195.01,923.97,580.85,1,-1,-1,-1
363,32,90.31,365.33,180.33,568.81,1,-1,-1,-1
363,48,768.54,191.76,930.26,582.16,1,-1,-1,-1
364,32,88.46,362.37,180.31,570.10,1,-1,-1,-1
364,48,769.14,188.56,933.29,584.64,1,-1,-1,-1
365,32,82.87,358.64,177.96,573.78,1,-1,-1,-1
365,48,772.16,183.41,940.40,588.87,1,-1,-1,-1
366,32,77.03,348.22,180.50,583.52,1,-1,-1,-1
366,48,775.18,184.75,942.17,587.20,1,-1,-1,-1
367,32,69.95,346.33,175.32,585.94,1,-1,-1,-1
367,39,73.28,355.83,174.34,585.63,1,-1,-1,-1
367,48,779.31,178.71,947.96,585.21,1,-1,-1,-1
368,39,68.34,342.04,177.40,591.72,1,-1,-1,-1
368,48,784.75,175.16,955.10,585.76,1,-1,-1,-1
369,39,63.73,339.62,174.89,594.13,1,-1,-1,-1
369,48,785.40,170.58,958.86,588.59,1,-1,-1,-1
370,48,787.35,162.36,967.38,596.19,1,-1,-1,-1
371,48,788.32,159.94,970.12,597.77,1,-1,-1,-1
372,48,790.92,163.65,969.85,594.44,1,-1,-1,-1
373,48,796.65,166.52,973.16,591.12,1,-1,-1,-1
374,48,799.36,169.00,974.19,589.17,1,-1,-1,-1
374,95,286.20,393.98,365.55,566.07,1,-1,-1,-1
374,96,241.37,444.35,323.34,614.21,1,-1,-1,-1
375,48,802.18,164.69,981.06,593.72,1,-1,-1,-1
375,95,282.76,393.80,362.53,566.80,1,-1,-1,-1
375,96,230.98,437.56,319.91,622.10,1,-1,-1,-1
376,48,802.91,163.11,983.71,596.07,1,-1,-1,-1
376,96,225.70,436.02,317.30,626.09,1,-1,-1,-1
377,13,333.30,288.22,470.84,610.89,1,-1,-1,-1
377,48,805.84,157.97,990.93,600.88,1,-1,-1,-1
378,13,329.16,290.72,465.54,609.21,1,-1,-1,-1
378,48,806.37,155.41,994.01,603.99,1,-1,-1,-1
379,13,325.61,295.02,458.57,604.63,1,-1,-1,-1
379,48,812.61,147.31,1007.13,611.66,1,-1,-1,-1
380,13,319.64,295.63,452.82,603.86,1,-1,-1,-1
380,48,817.77,138.46,1019.48,619.07,1,-1,-1,-1
381,13,318.64,299.73,448.44,599.68,1,-1,-1,-1
381,48,822.73,131.89,1030.05,625.10,1,-1,-1,-1
382,13,309.73,301.39,438.43,597.32,1,-1,-1,-1
382,48,829.25,127.50,1037.63,622.85,1,-1,-1,-1
383,13,301.85,298.17,430.52,594.42,1,-1,-1,-1
383,19,-86.41,217.04,73.87,583.00,1,-1,-1,-1
383,48,835.47,123.98,1045.60,623.15,1,-1,-1,-1
384,13,301.78,307.36,424.45,589.37,1,-1,-1,-1
384,19,-92.56,218.22,68.25,581.26,1,-1,-1,-1
384,48,841.22,120.15,1054.04,625.13,1,-1,-1,-1
385,13,293.62,307.05,416.71,590.01,1,-1,-1,-1
385,19,-93.75,219.60,66.93,579.77,1,-1,-1,-1
385,48,849.86,123.35,1060.23,621.91,1,-1,-1,-1
386,13,279.46,292.17,411.53,597.92,1,-1,-1,-1
386,19,-96.19,214.48,69.32,584.88,1,-1,-1,-1
386,48,859.15,128.68,1065.37,616.63,1,-1,-1,-1
387,13,278.93,301.25,405.12,594.52,1,-1,-1,-1
387,15,852.66,325.01,945.90,532.96,1,-1,-1,-1
387,19,-95.82,215.06,69.28,584.31,1,-1,-1,-1
387,48,869.94,140.76,1069.51,612.57,1,-1,-1,-1
388,13,276.06,308.15,397.48,591.83,1,-1,-1,-1
388,15,851.00,325.24,944.24,533.20,1,-1,-1,-1
388,19,-98.07,208.91,72.47,590.50,1,-1,-1,-1
388,48,878.76,142.73,1075.13,606.32,1,-1,-1,-1
389,13,268.53,308.21,390.16,592.36,1,-1,-1,-1
389,19,-100.37,202.77,75.50,596.05,1,-1,-1,-1
389,48,886.16,142.14,1081.96,604.00,1,-1,-1,-1
390,13,258.42,315.09,377.73,595.32,1,-1,-1,-1
390,19,-101.13,200.41,77.10,598.20,1,-1,-1,-1
390,48,895.85,148.58,1086.42,597.84,1,-1,-1,-1
391,13,254.18,325.47,365.30,587.88,1,-1,-1,-1
391,19,-104.70,187.97,81.65,602.23,1,-1,-1,-1
391,48,903.32,152.37,1093.73,600.91,1,-1,-1,-1
392,13,246.70,327.29,357.01,587.77,1,-1,-1,-1
392,15,852.15,326.01,946.33,533.10,1,-1,-1,-1
392,19,-107.21,180.68,84.91,606.31,1,-1,-1,-1
392,48,916.36,157.74,1103.68,598.74,1,-1,-1,-1
393,15,855.17,324.68,950.78,533.77,1,-1,-1,-1
393,19,-109.73,174.07,88.22,611.71,1,-1,-1,-1
393,48,925.16,157.70,1112.95,599.97,1,-1,-1,-1
394,15,854.77,324.73,950.46,533.96,1,-1,-1,-1
394,19,-108.52,175.42,88.40,609.94,1,-1,-1,-1
394,48,930.26,162.96,1114.03,595.79,1,-1,-1,-1
395,19,-108.08,176.09,88.42,609.16,1,-1,-1,-1
395,48,936.39,164.89,1118.92,594.92,1,-1,-1,-1
396,19,-107.73,176.45,88.66,608.82,1,-1,-1,-1
396,48,941.45,161.53,1126.78,597.98,1,-1,-1,-1
397,13,183.17,293.70,310.79,595.48,1,-1,-1,-1
397,19,-107.31,176.67,88.83,608.00,1,-1,-1,-1
397,48,950.05,164.86,1132.46,594.50,1,-1,-1,-1
398,13,173.30,291.63,302.08,596.12,1,-1,-1,-1
398,19,-107.48,176.19,89.58,608.95,1,-1,-1,-1
398,48,956.22,163.41,1139.77,595.88,1,-1,-1,-1
399,13,176.97,308.24,295.26,587.77,1,-1,-1,-1
399,15,857.58,324.06,953.72,533.13,1,-1,-1,-1
399,19,-107.94,174.76,90.56,610.60,1,-1,-1,-1
399,48,963.26,163.49,1146.55,595.75,1,-1,-1,-1
400,13,177.28,312.76,292.89,586.51,1,-1,-1,-1
400,15,857.49,324.70,954.33,533.74,1,-1,-1,-1
400,19,-106.26,178.21,89.35,607.26,1,-1,-1,-1
400,48,970.64,162.82,1154.45,596.39,1,-1,-1,-1
401,13,170.44,308.26,289.72,590.76,1,-1,-1,-1
401,15,858.07,326.24,953.93,531.95,1,-1,-1,-1
401,19,-104.87,180.94,88.44,604.62,1,-1,-1,-1
401,48,979.76,167.17,1159.82,592.02,1,-1,-1,-1
402,13,160.28,300.09,286.70,599.51,1,-1,-1,-1
402,15,858.17,326.81,953.89,531.28,1,-1,-1,-1
402,19,-105.70,178.70,89.70,606.26,1,-1,-1,-1
402,48,987.81,169.44,1165.98,589.72,1,-1,-1,-1
403,13,161.59,312.45,281.39,596.38,1,-1,-1,-1
403,15,858.37,327.02,953.70,530.37,1,-1,-1,-1
403,19,-106.62,176.58,90.94,608.18,1,-1,-1,-1
403,48,994.96,169.58,1172.91,588.90,1,-1,-1,-1
403,96,22.98,381.08,169.83,690.26,1,-1,-1,-1
404,13,156.40,314.19,276.67,599.04,1,-1,-1,-1
404,15,858.54,327.75,953.54,530.04,1,-1,-1,-1
404,19,-106.72,176.47,91.34,608.89,1,-1,-1,-1
404,48,1000.56,166.25,1181.35,591.95,1,-1,-1,-1
404,96,25.61,389.58,162.74,680.88,1,-1,-1,-1
405,13,155.22,331.32,265.34,591.41,1,-1,-1,-1
405,15,859.44,330.01,952.63,527.93,1,-1,-1,-1
405,19,-104.86,180.42,89.76,605.20,1,-1,-1,-1
405,48,1007.60,165.64,1188.99,592.46,1,-1,-1,-1
405,96,26.89,392.22,160.63,678.65,1,-1,-1,-1
406,13,149.03,333.44,258.26,591.41,1,-1,-1,-1
406,15,380.46,334.19,490.21,570.00,1,-1,-1,-1
406,19,-103.32,183.30,88.49,601.77,1,-1,-1,-1
406,48,1012.03,159.44,1198.82,598.63,1,-1,-1,-1
406,96,21.03,391.56,155.48,679.50,1,-1,-1,-1
407,15,201.75,316.44,330.10,597.15,1,-1,-1,-1
407,19,-104.75,183.18,86.98,601.47,1,-1,-1,-1
407,48,1019.46,157.10,1204.83,593.09,1,-1,-1,-1
408,15,573.47,324.92,680.04,557.32,1,-1,-1,-1
408,48,1026.55,156.21,1211.53,590.94,1,-1,-1,-1
409,15,264.03,325.61,379.28,581.28,1,-1,-1,-1
409,19,-97.23,196.55,82.61,589.11,1,-1,-1,-1
409,48,1030.48,158.54,1212.93,586.84,1,-1,-1,-1
410,15,204.39,325.55,321.95,586.34,1,-1,-1,-1
410,19,-95.89,203.56,81.81,592.09,1,-1,-1,-1
410,48,1035.45,157.45,1218.69,587.31,1,-1,-1,-1
411,19,-96.01,204.49,82.09,594.40,1,-1,-1,-1
411,48,1039.36,151.76,1227.60,592.80,1,-1,-1,-1
412,19,-101.71,164.77,111.90,636.60,1,-1,-1,-1
412,48,1044.92,148.99,1235.64,595.53,1,-1,-1,-1
413,19,-98.24,151.97,125.58,650.31,1,-1,-1,-1
413,48,1052.91,151.24,1242.19,593.95,1,-1,-1,-1
414,19,-95.44,148.58,130.01,654.01,1,-1,-1,-1
414,48,1058.76,148.18,1250.61,596.64,1,-1,-1,-1
415,19,-90.57,144.83,136.91,657.82,1,-1,-1,-1
415,48,1065.65,147.72,1257.84,596.99,1,-1,-1,-1
416,19,-78.46,144.79,147.92,657.84,1,-1,-1,-1
416,48,1074.99,152.84,1263.24,593.16,1,-1,-1,-1
417,19,-69.53,144.28,156.28,658.31,1,-1,-1,-1
417,48,1086.72,153.51,1274.46,593.02,1,-1,-1,-1
418,19,-65.13,144.86,159.00,657.02,1,-1,-1,-1
418,48,1092.80,161.05,1277.13,592.97,1,-1,-1,-1
419,19,-58.74,141.29,164.22,653.11,1,-1,-1,-1
419,48,1100.61,167.23,1280.64,589.63,1,-1,-1,-1
420,19,-56.40,138.23,169.22,656.14,1,-1,-1,-1
420,48,1108.25,169.51,1286.68,588.38,1,-1,-1,-1
421,48,1115.87,156.29,1302.30,593.94,1,-1,-1,-1
422,19,-46.88,143.69,170.63,645.36,1,-1,-1,-1
422,48,1123.34,150.77,1312.88,595.99,1,-1,-1,-1
423,19,-38.24,150.17,172.61,638.68,1,-1,-1,-1
423,48,1130.74,149.96,1320.36,595.47,1,-1,-1,-1
424,19,-28.37,155.71,176.31,632.41,1,-1,-1,-1
424,48,1134.93,152.98,1321.91,592.62,1,-1,-1,-1
425,19,-24.95,157.12,177.61,630.75,1,-1,-1,-1
425,48,1140.22,152.84,1327.43,592.85,1,-1,-1,-1
426,19,-14.30,169.63,177.07,618.83,1,-1,-1,-1
426,48,1150.15,164.02,1330.97,589.64,1,-1,-1,-1
427,19,-8.52,178.45,174.68,609.58,1,-1,-1,-1
427,48,1160.67,174.99,1333.60,582.39,1,-1,-1,-1
428,19,-6.71,180.23,174.44,607.67,1,-1,-1,-1
428,48,1166.20,182.40,1332.97,575.67,1,-1,-1,-1
429,19,1.47,188.20,176.02,601.00,1,-1,-1,-1
429,48,1173.16,186.36,1336.73,572.60,1,-1,-1,-1
430,19,12.92,200.57,176.70,588.45,1,-1,-1,-1
430,48,1178.56,188.38,1344.20,579.65,1,-1,-1,-1
431,19,16.98,204.92,176.67,584.05,1,-1,-1,-1
431,48,1191.49,193.02,1354.23,578.27,1,-1,-1,-1
432,13,-60.93,266.31,98.00,648.85,1,-1,-1,-1
432,19,16.73,202.19,178.07,586.76,1,-1,-1,-1
432,48,1196.15,193.97,1358.29,578.46,1,-1,-1,-1
433,13,-65.25,262.11,95.58,653.34,1,-1,-1,-1
433,19,16.43,200.44,178.58,588.51,1,-1,-1,-1
433,48,1201.24,192.88,1364.60,581.24,1,-1,-1,-1
434,13,-70.80,259.74,91.34,655.90,1,-1,-1,-1
434,19,16.10,199.66,178.73,589.96,1,-1,-1,-1
434,48,1205.79,187.74,1373.12,586.28,1,-1,-1,-1
435,13,-73.60,256.99,90.09,658.75,1,-1,-1,-1
435,19,15.47,197.94,179.09,591.94,1,-1,-1,-1
435,48,1207.76,186.41,1376.29,588.16,1,-1,-1,-1
436,13,-79.52,271.94,72.50,642.56,1,-1,-1,-1
436,19,13.61,192.57,181.33,597.40,1,-1,-1,-1
436,48,1212.42,184.53,1382.29,590.19,1,-1,-1,-1
437,13,-82.18,277.46,65.91,636.58,1,-1,-1,-1
437,19,14.78,184.60,188.73,605.40,1,-1,-1,-1
437,48,1218.96,185.75,1387.91,589.63,1,-1,-1,-1
438,13,-89.13,276.59,59.50,637.03,1,-1,-1,-1
438,19,14.04,178.31,192.59,611.05,1,-1,-1,-1
438,48,1222.09,187.51,1389.57,588.06,1,-1,-1,-1
439,19,13.03,173.29,195.30,615.83,1,-1,-1,-1
439,48,1229.07,191.45,1393.20,584.14,1,-1,-1,-1
440,13,-81.90,283.38,61.96,630.43,1,-1,-1,-1
440,19,11.78,169.43,197.07,620.24,1,-1,-1,-1
440,48,1231.52,192.23,1394.94,583.32,1,-1,-1,-1
441,13,-82.07,281.71,63.86,632.13,1,-1,-1,-1
441,19,8.68,161.49,200.23,628.40,1,-1,-1,-1
441,48,1236.96,193.80,1399.30,582.36,1,-1,-1,-1
442,13,-83.58,277.85,65.88,635.34,1,-1,-1,-1
442,19,10.10,157.20,207.76,639.86,1,-1,-1,-1
442,48,1252.73,204.32,1406.08,571.37,1,-1,-1,-1
443,13,-84.77,275.76,66.84,637.19,1,-1,-1,-1
443,19,10.83,156.25,210.41,644.24,1,-1,-1,-1
443,48,1258.52,208.23,1408.24,566.55,1,-1,-1,-1
444,13,-84.17,277.61,66.44,635.26,1,-1,-1,-1
444,19,11.75,156.62,211.30,645.19,1,-1,-1,-1
444,48,1264.92,208.20,1414.42,565.55,1,-1,-1,-1
445,13,-83.64,278.36,66.96,634.50,1,-1,-1,-1
445,19,17.38,160.75,214.05,642.84,1,-1,-1,-1
445,48,1273.01,212.14,1419.24,561.23,1,-1,-1,-1
446,13,-83.81,278.00,67.75,634.87,1,-1,-1,-1
446,19,19.19,160.45,215.97,643.12,1,-1,-1,-1
446,48,1274.39,210.12,1422.13,562.41,1,-1,-1,-1
447,13,-84.75,275.89,69.11,636.98,1,-1,-1,-1
447,19,19.86,160.38,216.57,643.15,1,-1,-1,-1
447,48,1274.64,209.32,1423.08,562.90,1,-1,-1,-1
447,121,812.14,323.64,914.07,550.36,1,-1,-1,-1
448,13,-85.87,274.46,69.89,638.43,1,-1,-1,-1
448,19,18.00,155.15,218.77,647.67,1,-1,-1,-1
448,48,1274.74,208.95,1423.68,563.15,1,-1,-1,-1
448,121,805.86,321.13,910.04,552.87,1,-1,-1,-1
449,13,-87.98,273.80,68.27,638.91,1,-1,-1,-1
449,19,13.66,151.25,214.00,642.80,1,-1,-1,-1
449,48,1281.00,213.41,1426.63,559.31,1,-1,-1,-1
449,121,803.72,321.03,908.28,553.70,1,-1,-1,-1
450,15,788.39,335.94,885.69,549.02,1,-1,-1,-1
450,19,9.96,149.15,214.05,650.02,1,-1,-1,-1
450,48,1284.50,206.97,1435.59,565.97,1,-1,-1,-1
450,121,801.70,321.00,906.39,553.94,1,-1,-1,-1
451,15,805.11,339.54,899.10,545.15,1,-1,-1,-1
451,19,8.24,147.76,214.33,653.35,1,-1,-1,-1
451,48,1290.63,205.92,1443.00,567.76,1,-1,-1,-1
452,15,810.69,339.34,904.82,545.06,1,-1,-1,-1
452,19,9.43,151.87,212.52,649.98,1,-1,-1,-1
452,48,1291.55,201.53,1447.55,571.76,1,-1,-1,-1
453,15,803.59,334.79,902.65,550.38,1,-1,-1,-1
453,19,9.72,152.21,212.61,649.90,1,-1,-1,-1
453,48,1295.45,199.21,1453.92,575.25,1,-1,-1,-1
454,15,799.76,333.24,900.54,552.25,1,-1,-1,-1
454,19,10.13,153.70,211.65,647.84,1,-1,-1,-1
454,48,1297.33,199.64,1455.63,575.26,1,-1,-1,-1
455,15,793.19,334.13,893.33,551.53,1,-1,-1,-1
455,19,9.65,153.64,211.21,647.66,1,-1,-1,-1
455,48,1303.74,202.44,1459.44,571.96,1,-1,-1,-1
456,15,790.65,335.89,888.86,549.18,1,-1,-1,-1
456,19,10.73,156.29,210.42,645.57,1,-1,-1,-1
456,48,1309.58,200.86,1466.38,573.33,1,-1,-1,-1
457,15,783.63,333.82,883.57,551.06,1,-1,-1,-1
457,19,10.01,154.67,211.23,647.39,1,-1,-1,-1
457,48,1314.14,200.80,1471.04,573.54,1,-1,-1,-1
458,15,780.55,333.08,881.18,552.41,1,-1,-1,-1
458,19,8.59,151.43,212.67,650.69,1,-1,-1,-1
459,15,775.53,333.50,875.77,552.24,1,-1,-1,-1
459,19,7.45,148.92,213.79,653.22,1,-1,-1,-1
460,15,774.26,335.69,872.17,549.49,1,-1,-1,-1
460,19,4.96,138.80,216.26,654.80,1,-1,-1,-1
461,15,773.20,336.53,870.54,549.11,1,-1,-1,-1
461,19,4.87,136.95,216.33,652.75,1,-1,-1,-1
462,15,773.35,338.86,868.62,546.97,1,-1,-1,-1
462,19,5.29,136.98,216.55,651.91,1,-1,-1,-1
463,15,771.85,336.36,869.35,549.55,1,-1,-1,-1
463,19,4.81,136.40,216.59,652.21,1,-1,-1,-1
464,15,770.72,333.46,870.83,552.48,1,-1,-1,-1
464,19,4.27,135.59,216.96,652.96,1,-1,-1,-1
465,15,770.86,334.99,870.11,552.27,1,-1,-1,-1
465,19,4.46,136.00,216.70,651.90,1,-1,-1,-1
466,15,767.83,336.93,865.57,550.85,1,-1,-1,-1
466,19,4.73,136.87,216.39,650.82,1,-1,-1,-1
467,15,766.03,337.00,863.81,550.97,1,-1,-1,-1
467,19,4.90,137.91,216.20,650.39,1,-1,-1,-1
468,15,765.04,337.68,862.15,550.35,1,-1,-1,-1
468,19,6.03,140.98,215.05,647.57,1,-1,-1,-1
468,48,1369.60,198.05,1523.25,563.30,1,-1,-1,-1
469,15,765.93,344.58,860.27,551.44,1,-1,-1,-1
469,19,5.44,138.86,216.29,649.81,1,-1,-1,-1
469,48,1380.20,212.65,1524.74,556.61,1,-1,-1,-1
470,15,766.40,347.17,859.46,551.86,1,-1,-1,-1
470,19,5.16,138.75,216.15,649.99,1,-1,-1,-1
470,48,1385.65,213.88,1529.16,555.41,1,-1,-1,-1
471,15,766.17,347.42,859.58,553.34,1,-1,-1,-1
471,19,5.06,138.73,216.09,650.06,1,-1,-1,-1
472,15,766.01,346.81,859.72,553.88,1,-1,-1,-1
472,19,9.64,138.74,220.68,650.07,1,-1,-1,-1
473,15,761.49,343.90,857.64,556.72,1,-1,-1,-1
473,19,10.81,137.44,222.97,651.39,1,-1,-1,-1
474,15,759.82,343.44,856.20,557.12,1,-1,-1,-1
474,19,12.58,140.26,222.46,648.59,1,-1,-1,-1
475,15,759.22,343.91,854.99,556.59,1,-1,-1,-1
475,19,13.78,142.69,221.69,646.19,1,-1,-1,-1
476,15,759.67,345.40,853.91,555.04,1,-1,-1,-1
476,19,16.04,148.25,219.54,640.64,1,-1,-1,-1
477,15,759.15,344.62,853.59,555.10,1,-1,-1,-1
477,19,32.12,147.66,232.17,631.89,1,-1,-1,-1
477,48,1421.94,211.43,1569.76,563.37,1,-1,-1,-1
478,15,758.42,340.35,853.39,551.81,1,-1,-1,-1
478,19,39.77,151.42,235.11,624.68,1,-1,-1,-1
478,48,1427.65,209.21,1577.12,565.20,1,-1,-1,-1
479,15,758.62,339.39,852.89,549.24,1,-1,-1,-1
479,19,41.44,150.78,236.51,624.09,1,-1,-1,-1
479,48,1435.13,210.41,1583.35,563.21,1,-1,-1,-1
480,15,758.72,339.04,852.72,548.28,1,-1,-1,-1
480,19,42.40,150.51,237.17,623.96,1,-1,-1,-1
480,48,1433.93,197.64,1589.30,567.06,1,-1,-1,-1
480,124,23.23,152.21,225.77,636.03,1,-1,-1,-1
481,15,753.24,335.60,850.28,551.24,1,-1,-1,-1
481,19,48.84,159.04,239.82,623.99,1,-1,-1,-1
481,48,1437.89,192.91,1595.98,568.49,1,-1,-1,-1
481,124,23.05,151.70,225.95,636.40,1,-1,-1,-1
482,15,751.18,334.33,849.42,552.36,1,-1,-1,-1
482,19,56.51,162.88,245.40,623.42,1,-1,-1,-1
482,48,1443.81,190.47,1603.55,569.68,1,-1,-1,-1
483,15,749.79,332.56,849.76,554.10,1,-1,-1,-1
483,19,63.33,173.60,243.95,614.59,1,-1,-1,-1
483,48,1454.08,201.99,1607.21,565.54,1,-1,-1,-1
484,15,749.23,332.56,849.33,554.11,1,-1,-1,-1
484,19,74.15,175.48,253.14,613.40,1,-1,-1,-1
484,48,1452.94,191.22,1613.18,571.24,1,-1,-1,-1
485,15,749.88,334.57,848.37,552.13,1,-1,-1,-1
485,19,79.88,180.09,255.09,609.69,1,-1,-1,-1
485,48,1452.35,186.03,1616.04,573.94,1,-1,-1,-1
486,15,750.33,336.03,847.22,550.05,1,-1,-1,-1
486,19,83.82,186.40,253.65,603.70,1,-1,-1,-1
486,48,1456.53,185.37,1620.80,574.31,1,-1,-1,-1
487,15,750.31,336.59,847.04,549.93,1,-1,-1,-1
487,19,89.91,193.32,257.62,605.68,1,-1,-1,-1
487,48,1467.24,199.59,1622.96,567.87,1,-1,-1,-1
488,15,745.92,335.48,843.45,550.56,1,-1,-1,-1
488,19,92.04,190.31,267.64,620.66,1,-1,-1,-1
488,48,1478.69,197.82,1634.06,565.33,1,-1,-1,-1
488,111,-43.21,396.21,30.88,574.79,1,-1,-1,-1
489,15,744.41,335.74,841.37,549.48,1,-1,-1,-1
489,19,96.66,193.29,270.99,620.53,1,-1,-1,-1
489,48,1483.70,198.51,1637.64,562.41,1,-1,-1,-1
489,111,-43.23,396.69,30.26,572.80,1,-1,-1,-1
490,15,744.19,337.17,839.65,547.76,1,-1,-1,-1
490,19,93.32,178.06,272.43,616.96,1,-1,-1,-1
490,48,1489.50,197.45,1643.91,562.65,1,-1,-1,-1
490,111,-43.27,396.88,30.34,572.11,1,-1,-1,-1
491,15,744.18,337.71,839.03,547.12,1,-1,-1,-1
491,19,97.05,179.02,275.56,616.44,1,-1,-1,-1
491,48,1494.17,192.43,1652.64,567.39,1,-1,-1,-1
491,111,-43.14,397.66,30.35,571.19,1,-1,-1,-1
492,15,744.97,339.91,838.08,545.56,1,-1,-1,-1
492,48,1499.61,191.63,1658.51,567.59,1,-1,-1,-1
492,111,-37.41,390.89,38.85,570.89,1,-1,-1,-1
493,15,741.43,340.73,833.63,544.33,1,-1,-1,-1
493,111,-35.08,389.21,41.52,570.12,1,-1,-1,-1
494,15,739.99,341.03,831.51,543.23,1,-1,-1,-1
494,111,-33.78,389.32,42.00,568.51,1,-1,-1,-1
495,15,739.90,342.46,830.39,542.18,1,-1,-1,-1
495,111,-33.38,389.42,42.16,567.93,1,-1,-1,-1
496,15,739.85,343.64,829.41,541.15,1,-1,-1,-1
496,111,-34.13,387.49,43.02,569.77,1,-1,-1,-1
497,15,737.17,346.74,823.79,538.12,1,-1,-1,-1
497,111,-35.75,384.15,43.96,572.46,1,-1,-1,-1
498,15,736.52,348.54,821.46,536.35,1,-1,-1,-1
498,111,-35.34,382.80,44.95,572.49,1,-1,-1,-1
499,15,736.05,349.17,820.29,535.75,1,-1,-1,-1
500,15,735.82,348.69,820.02,535.57,1,-1,-1,-1
501,15,736.08,349.15,819.68,534.87,1,-1,-1,-1
502,15,735.59,348.62,819.58,535.32,1,-1,-1,-1
503,15,735.17,348.40,819.19,535.52,1,-1,-1,-1
504,15,735.36,348.30,819.44,535.62,1,-1,-1,-1
505,15,735.70,349.56,818.68,534.36,1,-1,-1,-1
506,15,735.55,350.02,818.07,533.90,1,-1,-1,-1
506,111,-47.04,382.55,35.41,572.99,1,-1,-1,-1
507,15,732.46,350.84,814.28,533.10,1,-1,-1,-1
507,111,-47.95,382.70,35.76,573.01,1,-1,-1,-1
508,15,731.06,350.46,813.17,533.48,1,-1,-1,-1
508,111,-48.21,383.40,35.82,572.35,1,-1,-1,-1
509,15,730.33,349.64,813.04,534.31,1,-1,-1,-1
509,48,1711.00,195.79,1860.45,550.24,1,-1,-1,-1
509,111,-48.62,383.67,36.19,572.77,1,-1,-1,-1
510,15,729.77,348.65,813.35,535.30,1,-1,-1,-1
510,19,81.67,140.43,282.37,633.80,1,-1,-1,-1
510,48,1722.69,195.93,1871.71,549.35,1,-1,-1,-1
510,111,-41.96,383.79,42.80,573.59,1,-1,-1,-1
511,15,729.47,348.27,813.63,536.35,1,-1,-1,-1
511,19,80.36,138.85,282.36,635.52,1,-1,-1,-1
511,124,93.16,140.00,297.67,633.02,1,-1,-1,-1
511,111,-45.79,385.17,38.43,571.92,1,-1,-1,-1
512,15,729.40,348.12,813.75,536.75,1,-1,-1,-1
512,19,78.47,134.41,283.75,639.40,1,-1,-1,-1
512,124,98.10,132.17,304.79,632.97,1,-1,-1,-1
512,111,-48.58,383.70,37.40,572.61,1,-1,-1,-1
513,15,729.07,347.40,814.17,537.57,1,-1,-1,-1
513,19,79.35,136.02,283.33,637.60,1,-1,-1,-1
513,124,101.13,137.01,305.01,632.95,1,-1,-1,-1
513,111,-47.73,387.13,35.80,569.57,1,-1,-1,-1
514,15,728.83,347.13,814.49,538.53,1,-1,-1,-1
514,19,95.28,140.67,295.16,632.26,1,-1,-1,-1
514,48,1587.61,185.86,1744.89,558.94,1,-1,-1,-1
514,124,103.68,136.66,307.67,632.86,1,-1,-1,-1
514,111,-47.88,387.78,35.03,567.73,1,-1,-1,-1
515,15,731.79,346.37,818.17,539.55,1,-1,-1,-1
515,19,103.31,147.16,297.71,626.21,1,-1,-1,-1
515,48,1577.28,187.70,1732.85,556.40,1,-1,-1,-1
515,111,-49.55,383.99,37.05,571.08,1,-1,-1,-1
516,15,732.86,344.77,820.32,540.59,1,-1,-1,-1
516,19,106.76,149.64,298.78,623.93,1,-1,-1,-1
516,48,1578.44,189.03,1733.33,554.83,1,-1,-1,-1
516,111,-49.80,384.57,36.79,571.01,1,-1,-1,-1
517,15,732.67,343.51,821.08,541.63,1,-1,-1,-1
517,19,107.68,150.56,298.74,623.10,1,-1,-1,-1
517,48,1585.72,194.19,1736.41,548.93,1,-1,-1,-1
517,111,-47.48,390.10,34.29,565.69,1,-1,-1,-1
518,15,729.11,342.39,818.31,542.67,1,-1,-1,-1
518,19,107.79,150.24,298.83,623.48,1,-1,-1,-1
518,48,1590.79,200.85,1736.45,542.68,1,-1,-1,-1
518,111,-46.48,392.90,33.26,563.66,1,-1,-1,-1
519,15,727.32,341.32,817.68,544.36,1,-1,-1,-1
519,19,108.56,151.44,298.67,622.98,1,-1,-1,-1
519,48,1596.28,200.60,1742.03,543.12,1,-1,-1,-1
519,111,-45.26,395.24,32.72,561.60,1,-1,-1,-1
520,15,726.43,340.28,817.67,545.64,1,-1,-1,-1
520,19,108.00,150.56,298.67,624.14,1,-1,-1,-1
520,48,1598.40,200.48,1744.12,543.31,1,-1,-1,-1
520,111,-44.96,396.20,32.12,560.64,1,-1,-1,-1
521,15,726.28,339.90,817.50,545.45,1,-1,-1,-1
521,19,108.25,150.88,298.12,623.27,1,-1,-1,-1
521,48,1603.26,199.07,1750.33,545.43,1,-1,-1,-1
522,15,726.15,339.77,817.54,546.01,1,-1,-1,-1
522,19,108.87,151.67,297.95,622.96,1,-1,-1,-1
522,48,1605.86,200.51,1751.98,544.93,1,-1,-1,-1
523,15,730.18,340.40,820.71,544.89,1,-1,-1,-1
523,19,109.15,151.95,297.77,622.85,1,-1,-1,-1
523,48,1609.30,196.38,1758.88,549.42,1,-1,-1,-1
524,15,731.52,340.00,822.14,545.10,1,-1,-1,-1
524,19,109.23,152.72,296.98,622.17,1,-1,-1,-1
524,48,1610.79,194.17,1761.91,551.10,1,-1,-1,-1
524,111,-43.59,404.63,31.43,564.39,1,-1,-1,-1
525,15,732.31,340.52,822.38,544.51,1,-1,-1,-1
525,19,114.93,154.98,300.24,619.27,1,-1,-1,-1
525,48,1616.37,193.33,1767.91,551.75,1,-1,-1,-1
525,111,-43.95,405.32,31.17,565.44,1,-1,-1,-1
526,15,732.85,340.74,822.22,543.61,1,-1,-1,-1
526,19,117.25,156.49,301.22,618.20,1,-1,-1,-1
526,48,1619.27,193.68,1770.05,550.67,1,-1,-1,-1
526,111,-43.92,405.55,30.93,565.12,1,-1,-1,-1
527,15,733.39,340.83,822.47,543.26,1,-1,-1,-1
527,19,118.69,158.36,300.93,616.50,1,-1,-1,-1
527,48,1623.36,191.18,1776.39,553.55,1,-1,-1,-1
527,111,-43.70,406.75,30.54,565.02,1,-1,-1,-1
528,15,733.95,341.53,822.18,542.46,1,-1,-1,-1
528,19,119.25,159.04,300.71,615.89,1,-1,-1,-1
528,48,1625.54,191.56,1778.04,552.66,1,-1,-1,-1
529,15,732.27,335.18,823.28,542.82,1,-1,-1,-1
529,19,113.02,153.95,298.35,621.01,1,-1,-1,-1
529,48,1630.82,191.72,1783.33,552.97,1,-1,-1,-1
530,15,732.05,332.83,823.92,542.95,1,-1,-1,-1
530,19,109.52,148.75,298.59,625.56,1,-1,-1,-1
530,48,1637.13,191.80,1789.47,552.41,1,-1,-1,-1
531,15,733.57,338.50,822.56,542.34,1,-1,-1,-1
531,19,108.43,147.43,298.42,626.64,1,-1,-1,-1
531,48,1639.46,191.53,1791.99,552.57,1,-1,-1,-1
532,15,734.44,341.40,821.72,541.44,1,-1,-1,-1
532,19,108.36,147.60,298.00,625.72,1,-1,-1,-1
533,15,733.46,336.50,822.71,541.11,1,-1,-1,-1
533,19,107.01,144.39,299.15,628.65,1,-1,-1,-1
534,15,733.10,334.69,823.06,540.99,1,-1,-1,-1
534,19,107.13,145.17,298.95,628.43,1,-1,-1,-1
535,15,732.35,333.36,823.14,541.61,1,-1,-1,-1
535,19,107.43,146.82,297.96,627.00,1,-1,-1,-1
535,48,1658.24,197.33,1800.94,535.71,1,-1,-1,-1
536,15,732.06,332.88,823.16,541.85,1,-1,-1,-1
536,19,108.18,148.13,297.61,625.78,1,-1,-1,-1
536,48,1662.55,203.57,1799.55,528.43,1,-1,-1,-1
537,15,729.12,337.99,818.75,543.25,1,-1,-1,-1
537,19,108.43,149.30,296.85,624.65,1,-1,-1,-1
537,48,1668.45,204.85,1804.13,526.81,1,-1,-1,-1
538,15,727.72,339.30,817.35,544.46,1,-1,-1,-1
538,19,109.09,151.07,295.99,622.90,1,-1,-1,-1
538,48,1670.00,207.97,1806.15,531.67,1,-1,-1,-1
539,15,727.29,341.12,816.10,544.24,1,-1,-1,-1
539,19,110.21,153.06,295.47,620.91,1,-1,-1,-1
539,48,1674.56,208.42,1811.37,534.18,1,-1,-1,-1
540,15,727.00,341.13,815.79,544.15,1,-1,-1,-1
540,19,110.03,153.14,295.20,620.84,1,-1,-1,-1
540,48,1676.35,208.53,1813.68,535.83,1,-1,-1,-1
541,15,726.78,341.13,815.82,544.77,1,-1,-1,-1
541,19,109.86,153.15,295.21,621.49,1,-1,-1,-1
541,48,1676.01,206.54,1815.32,538.47,1,-1,-1,-1
542,15,726.44,341.12,815.47,544.99,1,-1,-1,-1
542,19,109.81,153.15,295.20,621.74,1,-1,-1,-1
542,48,1682.24,209.06,1819.28,536.16,1,-1,-1,-1
543,15,726.60,341.77,815.08,544.41,1,-1,-1,-1
543,19,109.69,153.14,295.30,622.51,1,-1,-1,-1
543,48,1688.33,208.65,1825.48,537.29,1,-1,-1,-1
544,15,725.81,340.68,815.15,545.51,1,-1,-1,-1
544,19,109.01,151.14,295.97,624.13,1,-1,-1,-1
544,48,1690.66,207.81,1828.16,538.37,1,-1,-1,-1
545,15,725.80,340.92,814.92,545.25,1,-1,-1,-1
545,19,108.67,150.38,296.31,625.40,1,-1,-1,-1
545,48,1695.16,206.81,1833.24,539.45,1,-1,-1,-1
546,15,725.69,340.35,814.98,545.15,1,-1,-1,-1
546,19,108.90,150.75,296.08,624.56,1,-1,-1,-1
546,48,1697.99,208.39,1834.44,537.87,1,-1,-1,-1
547,15,722.52,342.11,810.23,543.78,1,-1,-1,-1
547,19,108.45,149.58,296.53,625.55,1,-1,-1,-1
547,48,1699.61,209.63,1834.73,536.61,1,-1,-1,-1
548,15,721.97,344.11,807.80,541.93,1,-1,-1,-1
548,19,108.05,148.48,296.94,626.58,1,-1,-1,-1
548,48,1699.71,208.75,1835.08,536.80,1,-1,-1,-1
549,15,722.41,346.85,805.64,539.23,1,-1,-1,-1
549,19,107.68,147.41,297.30,627.62,1,-1,-1,-1
549,48,1706.25,213.03,1837.78,532.25,1,-1,-1,-1
550,15,722.62,347.85,804.19,536.90,1,-1,-1,-1
550,19,107.15,145.70,297.84,628.66,1,-1,-1,-1
550,48,1709.16,215.31,1838.77,529.86,1,-1,-1,-1
551,15,723.75,350.87,802.67,534.05,1,-1,-1,-1
551,19,107.55,145.72,298.09,628.38,1,-1,-1,-1
551,48,1712.34,216.33,1841.18,529.02,1,-1,-1,-1
552,15,723.70,351.96,801.97,533.70,1,-1,-1,-1
552,19,107.30,144.43,298.60,628.92,1,-1,-1,-1
552,48,1723.11,221.01,1847.72,523.31,1,-1,-1,-1
553,15,724.21,352.32,801.91,532.93,1,-1,-1,-1
553,19,105.51,140.67,299.82,632.40,1,-1,-1,-1
553,48,1725.47,220.76,1850.37,523.36,1,-1,-1,-1
554,15,719.95,351.74,798.35,534.03,1,-1,-1,-1
554,19,105.40,139.92,300.37,633.04,1,-1,-1,-1
554,48,1730.46,219.99,1855.73,524.05,1,-1,-1,-1
555,15,718.73,352.16,796.72,533.79,1,-1,-1,-1
555,19,105.34,139.68,300.60,633.26,1,-1,-1,-1
555,48,1733.07,221.00,1857.36,523.02,1,-1,-1,-1
556,15,718.62,352.29,796.52,533.73,1,-1,-1,-1
556,19,104.77,138.30,301.24,634.63,1,-1,-1,-1
556,48,1734.54,222.00,1857.86,522.01,1,-1,-1,-1
557,15,718.32,352.31,796.10,533.73,1,-1,-1,-1
557,19,103.92,137.15,301.44,635.78,1,-1,-1,-1
557,48,1736.82,213.00,1864.06,523.00,1,-1,-1,-1
558,15,718.27,352.30,795.96,533.75,1,-1,-1,-1
558,19,104.18,137.40,301.60,635.54,1,-1,-1,-1
558,48,1737.67,209.01,1866.83,524.05,1,-1,-1,-1
559,15,718.29,351.60,795.93,533.11,1,-1,-1,-1
559,19,104.26,137.53,301.68,635.41,1,-1,-1,-1
559,48,1746.76,210.77,1877.24,529.07,1,-1,-1,-1
560,15,719.05,353.32,795.22,531.56,1,-1,-1,-1
560,19,111.83,141.56,303.40,624.79,1,-1,-1,-1
560,48,1750.49,210.43,1881.12,529.11,1,-1,-1,-1
561,15,720.09,355.28,794.27,529.00,1,-1,-1,-1
561,19,115.22,145.14,302.87,618.72,1,-1,-1,-1
561,48,1758.37,203.82,1896.19,539.12,1,-1,-1,-1
562,15,718.37,347.93,796.07,530.08,1,-1,-1,-1
562,19,117.03,147.80,302.09,615.16,1,-1,-1,-1
562,48,1764.63,201.62,1905.22,542.04,1,-1,-1,-1
563,15,718.01,345.93,796.47,529.83,1,-1,-1,-1
563,19,111.32,143.43,299.44,618.56,1,-1,-1,-1
563,48,1769.04,200.53,1910.58,543.28,1,-1,-1,-1
564,15,718.01,345.16,796.53,529.10,1,-1,-1,-1
564,19,108.96,141.15,298.69,620.52,1,-1,-1,-1
565,15,721.73,344.23,800.79,529.50,1,-1,-1,-1
565,19,108.20,140.29,298.27,620.63,1,-1,-1,-1
566,15,722.82,343.24,802.72,530.33,1,-1,-1,-1
566,19,108.90,142.62,297.14,618.72,1,-1,-1,-1
567,15,723.46,342.88,803.87,531.32,1,-1,-1,-1
567,19,108.17,141.52,297.05,619.34,1,-1,-1,-1
568,15,723.68,343.42,803.66,531.05,1,-1,-1,-1
568,19,107.15,139.13,297.78,621.58,1,-1,-1,-1
569,15,723.69,342.33,804.29,531.61,1,-1,-1,-1
569,19,108.37,141.53,297.12,619.15,1,-1,-1,-1
570,15,723.83,342.60,804.36,531.83,1,-1,-1,-1
570,19,107.42,139.15,298.31,622.21,1,-1,-1,-1
571,15,724.05,342.06,804.86,531.92,1,-1,-1,-1
571,19,106.42,136.29,299.41,624.68,1,-1,-1,-1
572,15,723.43,340.55,805.74,533.93,1,-1,-1,-1
572,19,106.81,137.20,299.06,623.65,1,-1,-1,-1
573,15,723.68,340.00,806.21,534.03,1,-1,-1,-1
573,19,99.89,132.28,296.10,628.53,1,-1,-1,-1
574,15,723.17,339.15,806.32,534.72,1,-1,-1,-1
574,19,96.06,126.53,296.90,633.62,1,-1,-1,-1
575,15,728.54,342.79,808.66,531.04,1,-1,-1,-1
575,19,89.45,123.07,293.25,636.20,1,-1,-1,-1
576,15,729.81,342.21,809.66,530.28,1,-1,-1,-1
576,19,91.09,121.79,296.22,637.80,1,-1,-1,-1
577,15,730.57,341.35,810.36,530.01,1,-1,-1,-1
577,19,87.58,118.09,292.42,633.13,1,-1,-1,-1
578,15,730.80,341.03,810.64,530.58,1,-1,-1,-1
578,19,91.31,122.00,295.16,633.93,1,-1,-1,-1
579,15,731.56,341.58,810.68,530.14,1,-1,-1,-1
579,19,93.33,124.21,296.34,633.54,1,-1,-1,-1
580,15,732.23,342.46,810.25,529.32,1,-1,-1,-1
580,19,94.49,121.79,296.43,628.76,1,-1,-1,-1
581,15,732.80,342.80,809.73,527.69,1,-1,-1,-1
581,19,95.25,122.24,295.52,625.61,1,-1,-1,-1
582,15,730.46,333.62,812.05,529.75,1,-1,-1,-1
582,19,95.57,121.12,295.83,625.08,1,-1,-1,-1
583,15,729.22,330.26,812.62,530.51,1,-1,-1,-1
583,19,96.42,122.71,295.23,623.58,1,-1,-1,-1
584,15,729.19,328.98,813.00,530.16,1,-1,-1,-1
584,19,96.10,122.03,295.00,623.69,1,-1,-1,-1
585,15,727.95,327.24,813.04,531.34,1,-1,-1,-1
585,19,100.45,121.13,299.71,624.41,1,-1,-1,-1
586,15,728.07,327.27,813.09,531.14,1,-1,-1,-1
586,19,103.04,123.46,300.54,622.71,1,-1,-1,-1
587,15,727.61,326.68,812.94,531.06,1,-1,-1,-1
587,19,104.38,125.03,300.47,621.42,1,-1,-1,-1
588,15,727.30,326.50,813.00,531.68,1,-1,-1,-1
588,19,104.28,123.64,301.01,622.28,1,-1,-1,-1
589,15,722.02,323.84,810.31,534.54,1,-1,-1,-1
589,19,105.22,125.11,300.86,621.30,1,-1,-1,-1
590,15,720.23,324.17,808.42,534.32,1,-1,-1,-1
590,19,105.53,126.34,300.15,620.28,1,-1,-1,-1
590,39,-34.40,380.32,43.40,563.39,1,-1,-1,-1
591,15,719.84,325.67,806.77,532.25,1,-1,-1,-1
591,19,105.83,126.14,300.32,619.92,1,-1,-1,-1
591,39,-33.11,382.30,42.83,560.91,1,-1,-1,-1
592,15,715.10,324.96,802.82,533.43,1,-1,-1,-1
592,19,111.25,128.05,304.33,617.82,1,-1,-1,-1
592,39,-32.06,384.41,42.04,558.62,1,-1,-1,-1
593,15,713.56,324.72,801.15,533.21,1,-1,-1,-1
593,19,125.13,134.74,312.55,610.41,1,-1,-1,-1
593,39,-31.73,385.10,41.78,557.87,1,-1,-1,-1
594,15,712.26,322.68,801.31,535.09,1,-1,-1,-1
594,19,129.45,135.24,316.47,609.66,1,-1,-1,-1
594,39,-31.70,386.00,41.07,556.96,1,-1,-1,-1
595,15,711.01,320.63,801.54,537.11,1,-1,-1,-1
595,19,137.07,138.05,321.73,606.77,1,-1,-1,-1
595,39,-31.58,386.28,40.70,555.99,1,-1,-1,-1
596,15,707.07,320.53,797.32,536.56,1,-1,-1,-1
596,19,139.11,137.73,323.64,606.41,1,-1,-1,-1
596,39,-31.44,386.34,40.47,555.00,1,-1,-1,-1
597,15,705.62,320.53,795.70,536.33,1,-1,-1,-1
597,19,139.35,136.90,324.67,607.66,1,-1,-1,-1
597,39,-31.38,382.25,41.06,551.97,1,-1,-1,-1
598,15,704.77,319.91,794.82,535.57,1,-1,-1,-1
598,19,139.83,136.56,325.15,607.52,1,-1,-1,-1
598,39,-31.91,379.39,41.82,552.24,1,-1,-1,-1
599,15,705.11,320.36,794.57,534.61,1,-1,-1,-1
599,19,144.50,137.07,329.26,606.84,1,-1,-1,-1
599,39,-32.55,377.00,42.55,553.06,1,-1,-1,-1
