3,9,1031.48,515.02,1119.69,730.22,1,-1,-1,-1
3,10,1170.51,441.32,1325.50,813.88,1,-1,-1,-1
3,11,934.67,527.22,1008.55,711.98,1,-1,-1,-1
3,12,486.59,548.10,557.82,714.22,1,-1,-1,-1
3,13,1485.64,566.78,1549.38,719.00,1,-1,-1,-1
3,14,1340.44,564.44,1409.98,716.77,1,-1,-1,-1
3,15,1054.44,454.94,1210.58,815.26,1,-1,-1,-1
4,9,1030.54,513.52,1119.53,730.74,1,-1,-1,-1
4,10,1169.11,433.57,1326.79,812.91,1,-1,-1,-1
4,11,934.59,527.74,1007.62,710.43,1,-1,-1,-1
4,12,485.81,546.49,557.59,713.90,1,-1,-1,-1
4,13,1486.39,567.02,1549.42,717.47,1,-1,-1,-1
4,14,1339.69,563.95,1409.45,716.98,1,-1,-1,-1
4,15,1057.74,457.22,1211.36,811.90,1,-1,-1,-1
5,9,1028.06,513.03,1116.56,728.72,1,-1,-1,-1
5,10,1169.23,431.10,1327.23,811.93,1,-1,-1,-1
5,11,934.44,527.71,1007.21,709.77,1,-1,-1,-1
5,13,1486.76,567.32,1549.45,716.94,1,-1,-1,-1
5,14,1338.87,560.89,1409.17,715.57,1,-1,-1,-1
5,15,1063.59,459.45,1214.71,808.63,1,-1,-1,-1
6,9,1026.07,512.17,1114.61,728.04,1,-1,-1,-1
6,10,1173.65,431.80,1330.75,810.94,1,-1,-1,-1
6,14,1338.88,560.60,1408.13,713.67,1,-1,-1,-1
6,15,1065.81,460.15,1216.01,807.63,1,-1,-1,-1
6,8,482.87,544.98,551.77,712.20,1,-1,-1,-1
7,9,1025.90,513.29,1113.53,727.13,1,-1,-1,-1
7,10,1170.56,428.66,1329.54,812.76,1,-1,-1,-1
7,14,1335.79,560.57,1404.59,713.01,1,-1,-1,-1
7,15,1068.44,463.86,1215.73,804.56,1,-1,-1,-1
7,8,482.06,544.19,551.02,711.16,1,-1,-1,-1
7,21,1485.06,565.22,1551.97,716.98,1,-1,-1,-1
7,27,932.94,521.00,1007.84,708.19,1,-1,-1,-1
8,9,1026.51,515.11,1112.60,725.45,1,-1,-1,-1
8,10,1175.63,433.09,1331.05,808.65,1,-1,-1,-1
8,14,1334.70,559.91,1403.38,712.80,1,-1,-1,-1
8,15,1073.83,467.22,1218.60,802.17,1,-1,-1,-1
8,8,481.08,543.21,550.10,710.12,1,-1,-1,-1
8,21,1483.81,559.64,1552.52,715.43,1,-1,-1,-1
8,27,933.82,521.77,1007.98,707.12,1,-1,-1,-1
9,9,1025.72,515.25,1111.40,724.61,1,-1,-1,-1
9,10,1177.44,435.51,1330.90,806.47,1,-1,-1,-1
9,14,1333.92,559.71,1402.07,712.08,1,-1,-1,-1
9,15,1075.43,467.64,1220.39,802.80,1,-1,-1,-1
9,8,479.17,542.18,548.57,709.81,1,-1,-1,-1
9,21,1483.19,557.13,1552.90,714.94,1,-1,-1,-1
9,27,933.33,521.27,1007.27,706.08,1,-1,-1,-1
9,23,1809.37,551.09,1881.32,716.06,1,-1,-1,-1
10,10,1178.35,437.11,1330.48,804.37,1,-1,-1,-1
10,14,1334.22,561.03,1400.41,709.80,1,-1,-1,-1
10,15,1076.24,469.08,1220.59,802.42,1,-1,-1,-1
10,8,478.13,539.76,547.80,708.34,1,-1,-1,-1
10,21,1488.12,557.79,1557.08,714.09,1,-1,-1,-1
10,27,933.10,520.37,1007.09,705.05,1,-1,-1,-1
10,23,1808.13,547.94,1880.48,713.75,1,-1,-1,-1
11,10,1178.33,437.02,1330.59,804.34,1,-1,-1,-1
11,14,1334.05,561.55,1399.50,709.67,1,-1,-1,-1
11,15,1076.34,469.54,1220.65,802.35,1,-1,-1,-1
11,8,477.83,538.92,547.54,707.85,1,-1,-1,-1
11,21,1491.43,560.95,1557.72,711.03,1,-1,-1,-1
11,27,932.84,520.06,1007.20,705.45,1,-1,-1,-1
11,23,1806.89,545.55,1880.41,713.72,1,-1,-1,-1
11,29,1026.58,513.76,1110.64,725.00,1,-1,-1,-1
12,10,1177.95,436.32,1331.59,806.40,1,-1,-1,-1
12,14,1334.24,561.76,1399.00,709.65,1,-1,-1,-1
12,15,1076.63,469.64,1220.91,801.71,1,-1,-1,-1
12,8,475.88,540.70,545.29,708.38,1,-1,-1,-1
12,21,1495.87,560.08,1562.28,710.67,1,-1,-1,-1
12,27,932.46,519.96,1006.84,704.93,1,-1,-1,-1
12,23,1801.56,543.38,1877.18,715.10,1,-1,-1,-1
12,29,1025.83,513.21,1110.38,725.76,1,-1,-1,-1
13,10,1179.95,444.08,1330.43,805.87,1,-1,-1,-1
13,14,1330.10,559.83,1395.72,710.35,1,-1,-1,-1
13,15,1076.81,468.95,1221.46,801.53,1,-1,-1,-1
13,8,473.68,539.37,543.31,707.94,1,-1,-1,-1
13,21,1497.52,559.11,1564.38,710.58,1,-1,-1,-1
13,27,932.07,519.25,1006.97,704.78,1,-1,-1,-1
13,23,1799.25,543.31,1875.79,715.63,1,-1,-1,-1
13,29,1022.90,513.76,1107.13,725.27,1,-1,-1,-1
14,10,1185.50,447.68,1333.87,805.04,1,-1,-1,-1
14,14,1328.44,559.13,1394.03,709.96,1,-1,-1,-1
14,15,1081.68,465.97,1225.42,796.82,1,-1,-1,-1
14,8,472.71,538.23,542.83,708.47,1,-1,-1,-1
14,21,1497.15,556.08,1565.96,711.95,1,-1,-1,-1
14,27,932.46,519.67,1007.17,704.07,1,-1,-1,-1
14,23,1798.49,547.38,1874.65,716.51,1,-1,-1,-1
14,29,1021.56,513.96,1105.70,725.09,1,-1,-1,-1
15,10,1185.92,442.92,1336.02,804.76,1,-1,-1,-1
15,14,1327.86,559.55,1392.78,709.17,1,-1,-1,-1
15,15,1083.00,463.48,1227.27,795.78,1,-1,-1,-1
15,8,471.20,537.83,541.22,708.69,1,-1,-1,-1
15,21,1496.18,549.67,1567.93,711.81,1,-1,-1,-1
15,27,932.02,517.81,1007.15,702.49,1,-1,-1,-1
15,23,1798.52,548.29,1875.44,718.20,1,-1,-1,-1
15,29,1020.62,513.32,1105.07,725.03,1,-1,-1,-1
16,10,1186.84,441.14,1337.29,804.02,1,-1,-1,-1
16,14,1327.71,559.72,1391.69,707.56,1,-1,-1,-1
16,15,1083.68,461.87,1228.29,795.44,1,-1,-1,-1
16,8,468.08,537.71,537.94,708.12,1,-1,-1,-1
16,21,1496.63,547.95,1568.41,710.46,1,-1,-1,-1
16,27,932.27,517.14,1007.42,701.25,1,-1,-1,-1
16,23,1802.45,545.98,1879.28,716.81,1,-1,-1,-1
16,29,1020.49,512.40,1104.06,721.56,1,-1,-1,-1
17,10,1192.17,443.11,1340.00,801.11,1,-1,-1,-1
17,14,1324.65,560.47,1387.70,706.31,1,-1,-1,-1
17,15,1088.80,459.94,1232.97,794.71,1,-1,-1,-1
17,8,466.58,537.03,536.47,707.26,1,-1,-1,-1
17,21,1496.79,546.71,1568.47,709.30,1,-1,-1,-1
17,27,931.59,516.23,1007.63,701.49,1,-1,-1,-1
17,23,1804.56,545.79,1880.18,715.62,1,-1,-1,-1
17,29,1020.21,511.38,1104.03,720.99,1,-1,-1,-1
18,10,1194.98,443.84,1340.77,798.71,1,-1,-1,-1
18,14,1322.11,555.42,1387.05,705.87,1,-1,-1,-1
18,15,1091.64,457.89,1233.67,789.18,1,-1,-1,-1
18,8,465.46,536.80,535.26,706.95,1,-1,-1,-1
18,21,1496.26,545.65,1568.32,708.88,1,-1,-1,-1
18,27,931.82,516.58,1007.88,700.95,1,-1,-1,-1
18,23,1801.14,545.08,1876.14,714.50,1,-1,-1,-1
18,29,1019.64,511.02,1103.21,720.12,1,-1,-1,-1
19,10,1197.95,446.10,1340.35,794.52,1,-1,-1,-1
19,14,1321.32,554.23,1386.08,704.41,1,-1,-1,-1
19,15,1094.37,460.46,1232.77,784.49,1,-1,-1,-1
19,8,461.42,535.41,531.90,706.18,1,-1,-1,-1
19,21,1496.16,546.64,1568.07,708.75,1,-1,-1,-1
19,27,931.81,516.73,1008.08,700.77,1,-1,-1,-1
19,23,1800.38,546.83,1872.82,712.10,1,-1,-1,-1
19,29,1016.01,509.55,1100.34,719.83,1,-1,-1,-1
20,10,1198.85,446.25,1340.27,793.68,1,-1,-1,-1
20,14,1320.91,553.80,1385.29,703.88,1,-1,-1,-1
20,15,1099.49,461.45,1235.52,781.47,1,-1,-1,-1
20,8,459.39,535.57,529.94,705.91,1,-1,-1,-1
20,21,1495.81,545.75,1568.86,709.39,1,-1,-1,-1
20,27,931.87,516.80,1008.75,701.39,1,-1,-1,-1
20,23,1797.14,546.85,1868.57,711.20,1,-1,-1,-1
20,29,1013.95,508.35,1098.72,719.08,1,-1,-1,-1
21,10,1199.38,443.62,1339.93,790.09,1,-1,-1,-1
21,14,1320.78,553.01,1385.07,703.71,1,-1,-1,-1
21,15,1101.26,461.14,1236.51,780.43,1,-1,-1,-1
21,8,457.50,535.66,527.80,705.16,1,-1,-1,-1
21,21,1495.41,544.81,1569.38,709.64,1,-1,-1,-1
21,27,931.91,516.84,1008.99,700.98,1,-1,-1,-1
21,23,1795.07,546.20,1865.95,710.89,1,-1,-1,-1
21,29,1012.24,506.59,1097.81,718.82,1,-1,-1,-1
22,10,1199.66,442.61,1339.61,788.14,1,-1,-1,-1
22,14,1321.70,553.40,1384.77,702.35,1,-1,-1,-1
22,15,1102.06,461.03,1236.57,779.46,1,-1,-1,-1
22,8,454.10,535.05,524.53,704.24,1,-1,-1,-1
22,21,1498.88,544.50,1573.12,709.76,1,-1,-1,-1
22,27,932.19,516.86,1009.48,700.85,1,-1,-1,-1
22,23,1794.55,546.63,1863.50,708.80,1,-1,-1,-1
22,29,1011.31,505.95,1097.20,718.75,1,-1,-1,-1
23,10,1200.00,442.23,1339.17,786.15,1,-1,-1,-1
23,14,1322.28,554.25,1383.86,701.20,1,-1,-1,-1
23,15,1103.16,461.66,1236.97,779.18,1,-1,-1,-1
23,8,452.76,536.17,522.82,703.91,1,-1,-1,-1
23,21,1500.97,545.09,1575.03,709.16,1,-1,-1,-1
23,27,932.46,516.88,1009.49,699.49,1,-1,-1,-1
23,23,1790.08,545.47,1858.96,708.70,1,-1,-1,-1
23,29,1010.69,505.74,1096.67,718.74,1,-1,-1,-1
24,10,1205.03,443.42,1342.66,784.14,1,-1,-1,-1
24,14,1317.18,551.93,1380.27,703.47,1,-1,-1,-1
24,15,1103.68,462.56,1236.86,779.15,1,-1,-1,-1
24,8,451.07,536.61,520.87,703.14,1,-1,-1,-1
24,21,1500.73,544.70,1575.39,709.60,1,-1,-1,-1
24,27,932.75,516.90,1009.96,698.99,1,-1,-1,-1
24,23,1782.25,539.74,1852.94,708.69,1,-1,-1,-1
24,29,1006.67,504.37,1093.73,719.42,1,-1,-1,-1
25,10,1208.03,444.52,1344.10,782.12,1,-1,-1,-1
25,14,1319.68,551.08,1382.47,703.66,1,-1,-1,-1
25,15,1107.97,463.56,1240.57,779.20,1,-1,-1,-1
25,8,450.32,536.79,520.40,703.53,1,-1,-1,-1
25,21,1500.63,543.27,1576.77,710.44,1,-1,-1,-1
25,27,935.50,516.91,1012.80,698.82,1,-1,-1,-1
25,23,1775.34,536.96,1846.94,708.04,1,-1,-1,-1
25,29,1005.46,504.53,1092.41,719.04,1,-1,-1,-1
26,10,1212.96,445.60,1348.05,782.11,1,-1,-1,-1
26,14,1316.05,548.82,1380.12,705.73,1,-1,-1,-1
26,15,1109.40,461.93,1243.34,781.27,1,-1,-1,-1
26,8,449.37,536.20,519.71,703.70,1,-1,-1,-1
26,21,1499.71,542.11,1577.44,711.42,1,-1,-1,-1
26,27,936.85,516.26,1014.19,698.12,1,-1,-1,-1
26,23,1772.27,535.93,1843.27,706.51,1,-1,-1,-1
26,29,1005.02,504.63,1092.00,718.90,1,-1,-1,-1
27,10,1214.76,445.99,1350.11,782.84,1,-1,-1,-1
27,14,1314.80,548.63,1378.52,705.87,1,-1,-1,-1
27,15,1114.33,462.64,1247.77,781.43,1,-1,-1,-1
27,8,446.42,535.33,517.54,703.78,1,-1,-1,-1
27,21,1499.61,541.04,1578.70,711.80,1,-1,-1,-1
27,27,937.87,516.02,1015.50,698.53,1,-1,-1,-1
27,23,1767.18,535.59,1838.11,705.94,1,-1,-1,-1
27,29,1005.55,506.67,1091.25,717.54,1,-1,-1,-1
28,10,1217.33,453.42,1350.17,783.16,1,-1,-1,-1
28,14,1313.49,547.83,1377.51,705.78,1,-1,-1,-1
28,15,1116.99,463.57,1249.83,780.86,1,-1,-1,-1
28,8,445.24,534.35,516.90,703.82,1,-1,-1,-1
28,21,1503.48,538.05,1583.07,709.32,1,-1,-1,-1
28,27,938.84,515.94,1016.02,697.39,1,-1,-1,-1
28,23,1764.23,533.52,1836.08,706.42,1,-1,-1,-1
28,29,1005.38,506.80,1090.79,717.04,1,-1,-1,-1
29,10,1217.64,456.21,1350.02,783.35,1,-1,-1,-1
29,15,1117.17,460.60,1252.58,784.00,1,-1,-1,-1
29,8,444.29,534.65,515.98,703.85,1,-1,-1,-1
29,21,1505.52,536.95,1585.42,708.37,1,-1,-1,-1
29,27,939.99,516.58,1016.71,696.31,1,-1,-1,-1
29,23,1758.81,531.47,1831.96,706.61,1,-1,-1,-1
29,29,1005.48,507.52,1090.54,716.87,1,-1,-1,-1
29,36,1437.17,542.22,1482.02,688.03,1,-1,-1,-1
30,10,1221.90,457.19,1354.37,783.46,1,-1,-1,-1
30,15,1121.98,460.81,1256.62,783.22,1,-1,-1,-1
30,8,443.96,534.11,515.74,703.21,1,-1,-1,-1
30,21,1510.98,535.92,1590.74,707.37,1,-1,-1,-1
30,27,943.38,516.16,1020.61,697.25,1,-1,-1,-1
30,23,1751.46,530.73,1826.74,708.67,1,-1,-1,-1
30,29,1005.50,508.47,1089.87,716.16,1,-1,-1,-1
30,36,1436.33,539.70,1482.55,689.61,1,-1,-1,-1
31,10,1223.64,456.84,1356.37,783.53,1,-1,-1,-1
31,14,1323.18,553.85,1381.94,701.54,1,-1,-1,-1
31,15,1124.58,462.21,1257.88,781.61,1,-1,-1,-1
31,8,443.74,533.93,515.85,703.64,1,-1,-1,-1
31,21,1518.59,538.20,1595.68,705.02,1,-1,-1,-1
31,27,946.43,517.99,1022.86,696.96,1,-1,-1,-1
31,23,1748.22,529.83,1824.76,709.47,1,-1,-1,-1
31,29,1005.61,510.15,1088.94,715.24,1,-1,-1,-1
31,36,1432.21,538.17,1480.08,692.28,1,-1,-1,-1
32,10,1228.69,457.32,1361.21,782.93,1,-1,-1,-1
32,14,1323.06,553.82,1381.66,701.10,1,-1,-1,-1
32,15,1128.60,460.76,1262.41,781.69,1,-1,-1,-1
32,8,444.14,535.19,515.52,703.15,1,-1,-1,-1
32,21,1520.75,537.39,1597.94,704.43,1,-1,-1,-1
32,27,949.95,516.70,1027.26,698.19,1,-1,-1,-1
32,23,1601.11,536.73,1673.19,705.21,1,-1,-1,-1
32,29,1005.16,509.45,1088.48,714.92,1,-1,-1,-1
32,36,1433.77,537.69,1481.87,691.77,1,-1,-1,-1
33,10,1230.32,452.81,1364.47,781.40,1,-1,-1,-1
33,15,1131.74,462.20,1263.64,779.09,1,-1,-1,-1
33,8,443.58,532.36,515.55,702.31,1,-1,-1,-1
33,27,952.66,516.87,1029.38,697.34,1,-1,-1,-1
33,23,1544.08,538.82,1614.86,703.55,1,-1,-1,-1
33,29,1001.72,509.18,1085.66,715.48,1,-1,-1,-1
33,36,1434.89,538.97,1482.78,690.82,1,-1,-1,-1
34,10,1235.33,451.75,1369.06,779.54,1,-1,-1,-1
34,15,1133.91,464.08,1264.22,776.80,1,-1,-1,-1
34,8,444.72,534.61,515.59,702.00,1,-1,-1,-1
34,27,954.34,516.28,1030.74,696.36,1,-1,-1,-1
34,23,1528.04,540.26,1597.75,702.30,1,-1,-1,-1
34,29,1000.06,509.74,1083.71,714.38,1,-1,-1,-1
34,36,1436.08,538.80,1484.44,690.43,1,-1,-1,-1
35,10,1237.50,451.34,1371.66,779.53,1,-1,-1,-1
35,15,1138.64,462.78,1269.65,777.30,1,-1,-1,-1
35,8,445.22,535.48,515.64,701.90,1,-1,-1,-1
35,27,958.01,515.40,1034.71,696.67,1,-1,-1,-1
35,23,1523.89,541.46,1592.76,701.19,1,-1,-1,-1
35,29,999.99,510.62,1083.17,713.32,1,-1,-1,-1
35,36,1436.18,538.76,1485.38,690.95,1,-1,-1,-1
35,39,1738.53,532.78,1821.69,705.18,1,-1,-1,-1
36,10,1243.00,453.16,1375.71,777.57,1,-1,-1,-1
36,15,1143.90,461.63,1275.28,777.52,1,-1,-1,-1
36,8,445.56,536.48,515.57,701.87,1,-1,-1,-1
36,27,959.55,514.41,1036.59,696.80,1,-1,-1,-1
36,23,1659.34,535.20,1733.02,704.16,1,-1,-1,-1
36,29,1000.75,512.27,1082.95,712.27,1,-1,-1,-1
36,36,1436.33,537.42,1486.96,691.79,1,-1,-1,-1
36,39,1738.61,533.11,1821.28,704.49,1,-1,-1,-1
37,10,1245.27,453.17,1378.15,777.54,1,-1,-1,-1
37,15,1146.39,461.19,1278.01,777.63,1,-1,-1,-1
37,8,444.61,532.87,516.01,701.87,1,-1,-1,-1
37,21,1536.67,546.99,1608.97,704.76,1,-1,-1,-1
37,27,961.16,514.70,1038.11,696.85,1,-1,-1,-1
37,23,1658.21,534.65,1731.99,703.85,1,-1,-1,-1
37,29,1000.74,512.88,1082.56,711.90,1,-1,-1,-1
37,36,1439.01,535.61,1490.90,692.09,1,-1,-1,-1
37,39,1738.90,533.93,1821.05,704.86,1,-1,-1,-1
38,10,1250.11,451.18,1384.15,778.88,1,-1,-1,-1
38,15,1147.72,462.35,1279.07,777.69,1,-1,-1,-1
38,8,444.78,534.15,515.68,701.88,1,-1,-1,-1
38,21,1538.53,547.11,1610.90,705.55,1,-1,-1,-1
38,27,964.95,514.83,1041.97,698.21,1,-1,-1,-1
38,29,1000.48,513.09,1082.08,711.78,1,-1,-1,-1
38,36,1440.43,535.62,1493.29,692.85,1,-1,-1,-1
38,39,1739.00,534.39,1820.73,704.46,1,-1,-1,-1
39,10,1256.03,450.42,1390.03,779.41,1,-1,-1,-1
39,15,1152.03,463.46,1283.39,778.40,1,-1,-1,-1
39,8,444.74,534.66,515.72,702.55,1,-1,-1,-1
39,21,1543.48,547.82,1615.25,705.12,1,-1,-1,-1
39,27,965.64,512.90,1044.02,700.04,1,-1,-1,-1
39,29,1000.04,513.15,1081.64,711.76,1,-1,-1,-1
39,36,1440.57,534.32,1495.20,694.44,1,-1,-1,-1
40,10,1258.46,449.47,1392.48,779.64,1,-1,-1,-1
40,15,1153.45,463.21,1285.66,779.34,1,-1,-1,-1
40,8,444.75,534.86,515.75,702.81,1,-1,-1,-1
40,21,1549.77,544.73,1621.56,702.97,1,-1,-1,-1
40,27,966.56,512.84,1045.32,701.38,1,-1,-1,-1
40,29,999.78,513.16,1081.63,712.43,1,-1,-1,-1
40,36,1440.47,533.86,1496.68,695.68,1,-1,-1,-1
40,39,1726.42,535.03,1809.18,707.57,1,-1,-1,-1
41,10,1264.03,449.77,1397.08,779.08,1,-1,-1,-1
41,15,1158.12,463.77,1290.75,780.37,1,-1,-1,-1
41,8,444.89,534.93,515.66,702.26,1,-1,-1,-1
41,21,1552.80,542.91,1625.02,702.84,1,-1,-1,-1
41,27,967.90,514.14,1045.99,701.24,1,-1,-1,-1
41,29,999.96,513.16,1082.06,713.36,1,-1,-1,-1
41,36,1443.60,534.37,1500.58,696.13,1,-1,-1,-1
41,39,1724.27,534.43,1806.87,707.24,1,-1,-1,-1
42,10,1266.53,449.89,1399.49,779.55,1,-1,-1,-1
42,15,1158.81,461.99,1293.53,782.75,1,-1,-1,-1
42,8,444.71,534.30,515.89,702.71,1,-1,-1,-1
42,21,1557.27,542.23,1628.71,702.14,1,-1,-1,-1
42,27,971.82,514.65,1049.94,701.83,1,-1,-1,-1
42,29,999.48,512.48,1082.15,714.39,1,-1,-1,-1
42,36,1444.37,533.93,1502.43,696.27,1,-1,-1,-1
42,39,1718.57,533.54,1801.65,707.80,1,-1,-1,-1
43,10,1272.55,451.26,1404.31,779.08,1,-1,-1,-1
43,15,1165.10,467.24,1298.20,783.64,1,-1,-1,-1
43,8,444.17,534.07,515.81,703.54,1,-1,-1,-1
43,21,1559.31,541.98,1630.17,701.90,1,-1,-1,-1
43,27,974.09,514.85,1052.49,702.04,1,-1,-1,-1
43,29,998.97,512.22,1081.90,714.78,1,-1,-1,-1
43,36,1445.53,535.10,1504.15,696.30,1,-1,-1,-1
43,39,1712.14,533.21,1795.52,708.00,1,-1,-1,-1
44,10,1275.73,457.08,1404.96,778.91,1,-1,-1,-1
44,15,1167.47,469.91,1299.76,783.31,1,-1,-1,-1
44,8,444.70,535.30,515.73,703.20,1,-1,-1,-1
44,21,1560.31,540.57,1632.22,703.81,1,-1,-1,-1
44,27,977.60,511.63,1059.22,704.75,1,-1,-1,-1
44,29,995.39,512.77,1077.97,712.95,1,-1,-1,-1
44,36,1446.53,534.74,1505.48,696.85,1,-1,-1,-1
44,39,1715.46,537.09,1795.74,706.74,1,-1,-1,-1
45,10,1276.98,459.93,1405.51,779.53,1,-1,-1,-1
45,15,1169.38,472.88,1300.41,781.85,1,-1,-1,-1
45,8,445.41,536.44,515.88,703.07,1,-1,-1,-1
45,21,1562.01,543.34,1633.46,705.85,1,-1,-1,-1
45,27,979.09,509.78,1062.76,705.75,1,-1,-1,-1
45,23,1712.02,536.74,1785.95,705.82,1,-1,-1,-1
45,29,994.62,512.93,1077.05,712.75,1,-1,-1,-1
45,39,1713.14,537.62,1793.17,706.76,1,-1,-1,-1
46,10,1278.19,464.29,1404.73,777.78,1,-1,-1,-1
46,15,1173.88,475.29,1303.95,780.63,1,-1,-1,-1
46,8,445.13,536.86,515.18,703.02,1,-1,-1,-1
46,21,1565.59,545.07,1636.69,707.30,1,-1,-1,-1
46,27,982.35,508.42,1067.79,708.08,1,-1,-1,-1
46,23,1714.14,536.21,1788.80,707.34,1,-1,-1,-1
46,42,1447.39,534.78,1513.85,697.22,1,-1,-1,-1
47,10,1281.81,464.54,1409.02,779.13,1,-1,-1,-1
47,15,1175.54,475.49,1305.72,780.17,1,-1,-1,-1
47,8,444.30,537.01,514.33,703.66,1,-1,-1,-1
47,21,1567.58,546.39,1638.39,707.84,1,-1,-1,-1
47,27,984.62,507.79,1070.66,708.85,1,-1,-1,-1
47,23,1711.58,537.35,1785.83,707.17,1,-1,-1,-1
47,29,987.04,512.19,1069.99,712.06,1,-1,-1,-1
47,42,1447.18,534.26,1513.84,696.98,1,-1,-1,-1
48,10,1282.88,463.27,1412.02,781.64,1,-1,-1,-1
48,15,1175.95,474.19,1307.04,780.67,1,-1,-1,-1
48,8,444.43,537.73,514.24,704.57,1,-1,-1,-1
48,21,1568.12,546.88,1639.03,708.04,1,-1,-1,-1
48,23,1710.14,538.45,1783.59,706.44,1,-1,-1,-1
48,29,986.64,512.08,1070.15,712.63,1,-1,-1,-1
48,42,1447.03,534.07,1513.93,696.92,1,-1,-1,-1
49,10,1287.65,466.71,1417.15,784.56,1,-1,-1,-1
49,15,1179.71,469.03,1312.33,779.54,1,-1,-1,-1
49,8,444.69,539.31,514.02,705.57,1,-1,-1,-1
49,21,1568.03,546.40,1640.68,710.08,1,-1,-1,-1
49,23,1708.79,539.53,1781.33,706.16,1,-1,-1,-1
49,29,989.69,512.70,1073.01,713.49,1,-1,-1,-1
49,42,1446.77,534.01,1514.18,697.63,1,-1,-1,-1
50,10,1289.91,469.30,1419.07,785.00,1,-1,-1,-1
50,15,1181.59,467.73,1314.33,778.46,1,-1,-1,-1
50,8,444.58,539.90,513.51,705.94,1,-1,-1,-1
50,21,1571.89,546.86,1644.48,709.53,1,-1,-1,-1
50,23,1704.71,541.92,1777.24,708.05,1,-1,-1,-1
50,29,991.12,515.58,1073.20,713.82,1,-1,-1,-1
50,42,1446.61,532.59,1515.04,697.88,1,-1,-1,-1
51,10,1294.25,464.91,1424.69,783.82,1,-1,-1,-1
51,15,1187.35,469.21,1318.40,776.07,1,-1,-1,-1
51,8,444.13,539.44,513.08,706.07,1,-1,-1,-1
51,21,1574.14,546.37,1647.61,709.96,1,-1,-1,-1
51,23,1702.72,541.48,1774.05,705.43,1,-1,-1,-1
51,29,991.91,515.99,1073.77,713.94,1,-1,-1,-1
51,42,1446.76,532.09,1515.84,697.98,1,-1,-1,-1
52,10,1297.08,464.56,1426.69,782.05,1,-1,-1,-1
52,15,1190.42,473.10,1320.15,777.18,1,-1,-1,-1
52,8,444.64,540.58,512.92,706.11,1,-1,-1,-1
52,21,1578.64,547.50,1651.54,709.45,1,-1,-1,-1
52,23,1697.90,540.62,1769.49,705.11,1,-1,-1,-1
52,29,991.91,515.47,1074.31,714.65,1,-1,-1,-1
52,42,1447.11,532.60,1516.50,698.01,1,-1,-1,-1
53,10,1303.05,465.72,1430.25,778.72,1,-1,-1,-1
53,15,1195.76,475.87,1323.69,776.28,1,-1,-1,-1
53,8,444.28,539.67,512.76,706.11,1,-1,-1,-1
53,21,1580.77,547.92,1653.73,709.24,1,-1,-1,-1
53,23,1695.25,540.29,1766.64,704.99,1,-1,-1,-1
53,29,991.14,514.60,1074.00,714.91,1,-1,-1,-1
53,42,1447.09,532.80,1516.89,698.02,1,-1,-1,-1
54,10,1304.85,462.80,1433.10,779.46,1,-1,-1,-1
54,15,1198.56,476.89,1325.98,775.96,1,-1,-1,-1
54,8,444.32,539.97,512.55,706.10,1,-1,-1,-1
54,21,1585.81,548.73,1658.07,708.49,1,-1,-1,-1
54,23,1690.54,542.81,1761.98,706.94,1,-1,-1,-1
54,29,988.15,514.92,1071.33,715.01,1,-1,-1,-1
54,42,1446.93,532.88,1517.18,698.02,1,-1,-1,-1
55,10,1311.15,465.66,1436.25,775.78,1,-1,-1,-1
55,15,1204.03,478.57,1330.15,774.52,1,-1,-1,-1
55,8,444.09,540.08,512.07,706.09,1,-1,-1,-1
55,21,1592.59,549.69,1663.89,707.53,1,-1,-1,-1
55,23,1688.92,544.41,1760.10,707.68,1,-1,-1,-1
55,29,986.36,515.04,1069.69,715.04,1,-1,-1,-1
55,42,1446.84,532.92,1517.29,697.35,1,-1,-1,-1
56,10,1313.72,466.74,1437.64,774.39,1,-1,-1,-1
56,15,1206.51,479.16,1332.37,774.00,1,-1,-1,-1
56,8,444.30,541.43,511.61,706.08,1,-1,-1,-1
56,21,1595.57,548.03,1667.40,707.84,1,-1,-1,-1
56,27,1017.15,523.19,1092.54,702.51,1,-1,-1,-1
56,23,1687.59,545.00,1758.18,707.29,1,-1,-1,-1
56,29,985.27,514.41,1068.89,715.05,1,-1,-1,-1
56,42,1447.16,533.61,1517.64,697.10,1,-1,-1,-1
57,10,1314.32,465.79,1438.94,775.23,1,-1,-1,-1
57,15,1211.66,480.68,1336.70,773.83,1,-1,-1,-1
57,8,443.85,539.94,511.97,706.74,1,-1,-1,-1
57,21,1600.83,548.07,1671.62,706.63,1,-1,-1,-1
57,27,1019.12,522.53,1093.78,702.10,1,-1,-1,-1
57,23,1683.85,546.52,1753.46,705.80,1,-1,-1,-1
57,29,984.71,514.17,1068.12,714.39,1,-1,-1,-1
57,42,1451.00,534.54,1520.72,696.34,1,-1,-1,-1
58,10,1319.37,466.74,1442.31,772.92,1,-1,-1,-1
58,15,1213.35,479.88,1339.65,775.78,1,-1,-1,-1
58,8,443.60,538.72,512.22,706.98,1,-1,-1,-1
58,21,1603.41,548.74,1673.68,706.17,1,-1,-1,-1
58,27,1023.90,523.07,1097.59,701.30,1,-1,-1,-1
58,23,1681.18,546.40,1751.04,706.58,1,-1,-1,-1
58,29,984.64,515.40,1067.11,712.81,1,-1,-1,-1
58,42,1453.07,535.55,1521.89,695.39,1,-1,-1,-1
59,10,1322.88,469.07,1443.73,770.07,1,-1,-1,-1
59,14,1317.30,534.06,1390.66,721.89,1,-1,-1,-1
59,15,1214.72,481.54,1340.44,775.20,1,-1,-1,-1
59,8,443.93,538.25,512.55,706.40,1,-1,-1,-1
59,21,1604.62,548.98,1674.61,706.01,1,-1,-1,-1
59,27,1026.42,523.23,1099.34,701.01,1,-1,-1,-1
59,23,1676.69,544.34,1746.44,704.22,1,-1,-1,-1
59,29,984.63,516.52,1066.10,711.55,1,-1,-1,-1
59,42,1453.61,535.26,1522.51,695.04,1,-1,-1,-1
60,10,1327.68,467.92,1449.21,770.37,1,-1,-1,-1
60,14,1317.06,533.29,1391.04,722.73,1,-1,-1,-1
60,15,1219.83,483.46,1344.52,774.32,1,-1,-1,-1
60,8,444.16,538.07,512.58,705.52,1,-1,-1,-1
60,21,1609.31,549.73,1678.44,705.29,1,-1,-1,-1
60,27,1000.00,519.24,1077.44,707.63,1,-1,-1,-1
60,23,1673.82,542.89,1743.36,702.66,1,-1,-1,-1
60,29,984.01,516.81,1065.24,711.27,1,-1,-1,-1
60,42,1454.13,535.14,1523.03,694.92,1,-1,-1,-1
61,10,1332.63,466.15,1455.81,772.50,1,-1,-1,-1
61,11,1027.05,518.00,1099.89,699.99,1,-1,-1,-1
61,15,1222.38,484.81,1346.50,773.34,1,-1,-1,-1
61,8,444.29,536.68,513.22,705.18,1,-1,-1,-1
61,21,1611.56,550.00,1680.47,705.02,1,-1,-1,-1
61,27,987.31,516.47,1067.16,710.05,1,-1,-1,-1
61,23,1668.60,541.00,1739.19,702.75,1,-1,-1,-1
61,42,1454.05,533.76,1523.45,694.89,1,-1,-1,-1
62,10,1334.95,466.13,1458.91,772.67,1,-1,-1,-1
62,11,1030.96,517.94,1103.86,699.96,1,-1,-1,-1
62,15,1228.18,491.27,1349.47,772.98,1,-1,-1,-1
62,8,444.83,536.82,513.64,704.39,1,-1,-1,-1
62,21,1616.23,549.43,1685.13,704.93,1,-1,-1,-1
62,27,985.63,516.70,1065.20,709.66,1,-1,-1,-1
62,23,1666.19,538.98,1738.22,703.46,1,-1,-1,-1
62,42,1454.08,532.58,1524.15,694.89,1,-1,-1,-1
63,10,1340.21,466.77,1464.68,773.41,1,-1,-1,-1
63,11,1032.96,517.25,1106.06,699.95,1,-1,-1,-1
63,15,1230.45,489.62,1352.22,771.53,1,-1,-1,-1
63,8,445.51,536.22,514.64,704.09,1,-1,-1,-1
63,21,1618.02,548.54,1687.94,706.23,1,-1,-1,-1
63,27,982.23,516.14,1062.10,709.47,1,-1,-1,-1
63,23,1665.42,539.53,1736.56,702.42,1,-1,-1,-1
63,42,1454.53,532.14,1524.61,694.23,1,-1,-1,-1
64,10,1342.45,467.67,1466.99,773.04,1,-1,-1,-1
64,11,1032.80,515.65,1106.92,699.95,1,-1,-1,-1
64,15,1233.81,486.30,1357.82,773.00,1,-1,-1,-1
64,8,445.63,536.66,515.16,704.65,1,-1,-1,-1
64,21,1623.11,548.21,1692.91,706.07,1,-1,-1,-1
64,27,980.54,515.95,1060.16,708.71,1,-1,-1,-1
64,23,1661.71,539.10,1732.91,702.70,1,-1,-1,-1
64,42,1458.26,532.64,1527.78,693.99,1,-1,-1,-1
65,10,1347.84,469.32,1470.97,770.27,1,-1,-1,-1
65,11,1033.15,514.40,1107.98,699.96,1,-1,-1,-1
65,15,1239.00,484.37,1364.34,774.23,1,-1,-1,-1
65,8,445.57,536.84,515.45,704.86,1,-1,-1,-1
65,21,1625.22,548.74,1694.37,705.34,1,-1,-1,-1
65,27,978.32,515.65,1058.24,709.17,1,-1,-1,-1
65,23,1659.80,538.94,1730.89,702.81,1,-1,-1,-1
65,29,981.18,518.02,1059.88,706.25,1,-1,-1,-1
65,42,1460.09,532.83,1529.17,693.91,1,-1,-1,-1
66,10,1349.80,468.60,1474.24,771.23,1,-1,-1,-1
66,11,1033.43,513.28,1109.40,699.96,1,-1,-1,-1
66,15,1242.02,484.27,1367.48,774.04,1,-1,-1,-1
66,8,446.12,536.25,516.30,704.28,1,-1,-1,-1
66,21,1625.97,548.94,1695.37,705.74,1,-1,-1,-1
66,23,1658.94,538.89,1729.78,702.87,1,-1,-1,-1
66,29,980.29,518.09,1058.86,705.90,1,-1,-1,-1
66,42,1460.74,531.59,1530.33,694.55,1,-1,-1,-1
67,10,1352.59,461.04,1481.09,772.93,1,-1,-1,-1
67,11,1037.79,514.21,1113.54,699.30,1,-1,-1,-1
67,15,1248.08,487.52,1370.74,770.67,1,-1,-1,-1
67,8,445.96,536.69,516.32,704.73,1,-1,-1,-1
67,21,1629.31,546.36,1701.05,707.21,1,-1,-1,-1
67,23,1656.84,538.66,1727.69,702.69,1,-1,-1,-1
67,29,980.18,520.11,1057.68,705.77,1,-1,-1,-1
67,42,1461.53,531.78,1530.80,694.80,1,-1,-1,-1
68,10,1359.81,464.75,1486.44,772.27,1,-1,-1,-1
68,11,1040.05,514.59,1115.67,698.39,1,-1,-1,-1
68,15,1251.32,489.40,1372.04,768.06,1,-1,-1,-1
68,8,445.84,536.20,516.36,704.24,1,-1,-1,-1
68,21,1630.29,541.47,1704.58,706.45,1,-1,-1,-1
68,29,979.69,520.85,1057.08,706.42,1,-1,-1,-1
68,42,1462.18,530.55,1531.88,695.56,1,-1,-1,-1
69,10,1361.13,459.58,1490.94,773.34,1,-1,-1,-1
69,11,1043.96,514.09,1119.92,698.72,1,-1,-1,-1
69,15,1252.98,490.07,1373.13,766.45,1,-1,-1,-1
69,8,445.78,536.68,516.39,704.05,1,-1,-1,-1
69,21,1629.85,539.61,1705.24,705.51,1,-1,-1,-1
69,29,976.78,521.11,1054.32,706.68,1,-1,-1,-1
69,42,1462.63,530.09,1532.02,695.19,1,-1,-1,-1
70,10,1365.58,457.67,1496.30,773.09,1,-1,-1,-1
70,11,1046.13,513.73,1122.17,698.56,1,-1,-1,-1
70,15,1256.93,489.62,1377.27,765.88,1,-1,-1,-1
70,8,445.65,536.21,516.49,703.32,1,-1,-1,-1
70,21,1630.48,538.92,1705.76,703.83,1,-1,-1,-1
70,27,1040.06,513.08,1117.06,698.96,1,-1,-1,-1
70,29,975.39,521.19,1052.98,706.79,1,-1,-1,-1
70,42,1468.96,535.20,1533.75,691.10,1,-1,-1,-1
71,10,1368.11,458.28,1498.54,771.69,1,-1,-1,-1
71,15,1263.19,491.42,1382.42,764.36,1,-1,-1,-1
71,8,445.13,536.03,516.33,703.06,1,-1,-1,-1
71,21,1630.83,538.70,1704.97,701.22,1,-1,-1,-1
71,27,1046.33,513.62,1122.89,697.40,1,-1,-1,-1
71,29,973.96,520.54,1051.48,706.18,1,-1,-1,-1
71,42,1471.40,536.50,1534.31,689.53,1,-1,-1,-1
72,10,1373.68,459.20,1503.04,769.17,1,-1,-1,-1
72,15,1266.74,492.74,1384.86,761.83,1,-1,-1,-1
72,8,444.99,535.31,516.87,702.96,1,-1,-1,-1
72,21,1626.65,535.33,1700.84,698.26,1,-1,-1,-1
72,27,1050.50,511.77,1128.01,698.24,1,-1,-1,-1
72,23,1659.23,541.69,1728.00,702.92,1,-1,-1,-1
72,29,972.59,519.62,1050.50,705.96,1,-1,-1,-1
72,42,1472.37,535.62,1535.68,691.66,1,-1,-1,-1
73,10,1379.87,458.91,1508.96,768.24,1,-1,-1,-1
73,15,1271.61,492.53,1389.96,761.59,1,-1,-1,-1
73,8,444.17,532.40,517.17,702.27,1,-1,-1,-1
73,21,1623.75,532.78,1698.51,697.17,1,-1,-1,-1
73,27,1052.42,508.46,1131.24,697.90,1,-1,-1,-1
73,23,1660.33,541.25,1728.17,700.86,1,-1,-1,-1
73,29,969.22,518.60,1047.77,705.89,1,-1,-1,-1
73,42,1472.57,534.63,1536.27,693.77,1,-1,-1,-1
74,10,1382.68,458.82,1512.39,768.56,1,-1,-1,-1
74,15,1274.70,493.75,1392.97,761.54,1,-1,-1,-1
74,8,444.32,531.31,517.48,701.36,1,-1,-1,-1
74,21,1618.61,531.86,1693.69,696.78,1,-1,-1,-1
74,27,1057.16,507.22,1136.05,697.80,1,-1,-1,-1
74,23,1665.84,543.11,1731.73,699.52,1,-1,-1,-1
74,29,967.93,518.21,1046.86,705.87,1,-1,-1,-1
74,42,1477.17,535.57,1539.13,692.61,1,-1,-1,-1
75,10,1387.52,459.46,1517.51,769.37,1,-1,-1,-1
75,15,1279.74,495.51,1397.23,760.89,1,-1,-1,-1
75,8,444.51,530.92,518.12,701.68,1,-1,-1,-1
75,21,1616.41,532.87,1690.71,696.01,1,-1,-1,-1
75,27,1059.40,507.45,1137.78,697.12,1,-1,-1,-1
75,23,1665.67,543.37,1731.29,699.13,1,-1,-1,-1
75,29,966.36,515.42,1045.71,704.55,1,-1,-1,-1
75,42,1478.65,535.76,1540.48,692.48,1,-1,-1,-1
76,10,1390.30,461.70,1519.51,768.36,1,-1,-1,-1
76,15,1282.09,496.13,1399.40,760.02,1,-1,-1,-1
76,8,444.95,530.79,518.65,701.15,1,-1,-1,-1
76,21,1610.85,532.64,1685.66,696.41,1,-1,-1,-1
76,27,1060.85,510.21,1138.17,697.54,1,-1,-1,-1
76,29,965.65,517.01,1044.17,704.72,1,-1,-1,-1
77,10,1396.44,467.87,1522.79,768.00,1,-1,-1,-1
77,15,1287.56,499.00,1403.32,757.73,1,-1,-1,-1
77,8,444.77,530.76,518.53,700.96,1,-1,-1,-1
77,21,1608.04,531.93,1683.83,697.90,1,-1,-1,-1
77,27,1061.59,510.62,1139.13,698.38,1,-1,-1,-1
77,29,964.96,518.29,1042.79,704.81,1,-1,-1,-1
77,50,1676.41,541.21,1740.56,703.82,1,-1,-1,-1
78,10,1399.42,470.85,1524.35,767.21,1,-1,-1,-1
78,15,1290.87,500.70,1405.89,755.57,1,-1,-1,-1
78,8,444.94,530.77,518.90,700.90,1,-1,-1,-1
78,21,1606.96,533.00,1681.89,697.17,1,-1,-1,-1
78,27,1061.96,511.45,1139.15,698.05,1,-1,-1,-1
78,29,965.00,518.77,1042.07,704.18,1,-1,-1,-1
78,50,1677.38,545.46,1740.99,706.43,1,-1,-1,-1
79,10,1404.75,472.60,1528.40,766.26,1,-1,-1,-1
79,15,1295.62,500.62,1411.06,755.48,1,-1,-1,-1
79,8,447.46,531.45,520.53,700.23,1,-1,-1,-1
79,21,1602.07,532.12,1678.40,698.90,1,-1,-1,-1
79,27,1061.99,511.11,1139.67,698.59,1,-1,-1,-1
79,29,962.00,518.95,1038.94,704.62,1,-1,-1,-1
79,50,1682.61,543.20,1746.37,704.28,1,-1,-1,-1
80,10,1407.35,474.54,1530.32,765.26,1,-1,-1,-1
80,15,1302.76,501.21,1417.31,753.49,1,-1,-1,-1
80,8,449.10,532.38,521.11,699.32,1,-1,-1,-1
80,21,1599.41,535.10,1675.36,700.21,1,-1,-1,-1
80,27,1065.04,510.32,1143.23,699.47,1,-1,-1,-1
80,29,960.17,516.37,1037.24,703.48,1,-1,-1,-1
80,50,1684.10,540.97,1749.03,704.21,1,-1,-1,-1
81,10,1412.07,473.23,1535.65,766.24,1,-1,-1,-1
81,15,1306.50,502.73,1419.60,750.78,1,-1,-1,-1
81,8,449.78,532.75,521.24,698.99,1,-1,-1,-1
81,21,1595.55,534.28,1671.18,698.07,1,-1,-1,-1
81,27,1065.86,506.74,1145.38,699.14,1,-1,-1,-1
81,29,959.23,516.06,1035.63,702.39,1,-1,-1,-1
81,50,1688.89,540.88,1753.83,703.48,1,-1,-1,-1
82,10,1416.98,467.40,1542.83,766.62,1,-1,-1,-1
82,15,1308.71,495.88,1425.32,751.83,1,-1,-1,-1
82,8,449.69,530.90,522.27,699.54,1,-1,-1,-1
82,21,1589.89,534.65,1665.32,696.61,1,-1,-1,-1
82,27,1066.97,506.05,1146.52,698.37,1,-1,-1,-1
82,29,958.85,515.95,1034.49,701.33,1,-1,-1,-1
82,50,1691.11,542.24,1755.54,702.50,1,-1,-1,-1
83,10,1420.96,471.77,1544.44,765.46,1,-1,-1,-1
83,15,1314.43,494.02,1431.52,750.93,1,-1,-1,-1
83,8,450.19,529.55,524.06,701.08,1,-1,-1,-1
83,21,1587.87,538.12,1662.47,697.40,1,-1,-1,-1
83,27,1070.16,505.15,1149.91,698.73,1,-1,-1,-1
83,29,956.35,516.58,1031.24,700.29,1,-1,-1,-1
83,50,1692.70,546.86,1756.49,703.51,1,-1,-1,-1
84,10,1426.54,473.44,1549.25,765.69,1,-1,-1,-1
84,15,1317.30,492.64,1435.51,751.29,1,-1,-1,-1
84,8,451.09,530.36,524.66,701.01,1,-1,-1,-1
84,21,1586.12,536.09,1661.24,696.38,1,-1,-1,-1
84,27,1072.30,504.83,1152.06,698.87,1,-1,-1,-1
84,29,955.61,519.48,1029.92,701.24,1,-1,-1,-1
84,50,1696.90,547.18,1761.87,705.25,1,-1,-1,-1
85,10,1433.49,471.39,1555.17,761.81,1,-1,-1,-1
85,15,1323.61,492.79,1441.37,750.14,1,-1,-1,-1
85,8,454.35,531.35,527.21,700.99,1,-1,-1,-1
85,21,1584.31,534.68,1660.10,696.67,1,-1,-1,-1
85,27,1074.26,505.39,1153.51,697.62,1,-1,-1,-1
85,29,955.05,520.57,1029.16,701.62,1,-1,-1,-1
85,50,1702.18,546.60,1768.62,707.22,1,-1,-1,-1
86,10,1437.45,473.25,1556.38,757.04,1,-1,-1,-1
86,15,1328.18,490.20,1447.69,751.73,1,-1,-1,-1
86,8,456.54,532.40,528.49,700.32,1,-1,-1,-1
86,21,1580.62,534.15,1656.89,696.79,1,-1,-1,-1
86,27,1077.62,504.31,1157.20,697.80,1,-1,-1,-1
86,29,954.58,520.96,1028.58,701.78,1,-1,-1,-1
86,50,1704.92,546.36,1772.14,707.27,1,-1,-1,-1
87,10,1442.83,472.59,1561.91,756.63,1,-1,-1,-1
87,15,1334.76,490.56,1453.45,750.38,1,-1,-1,-1
87,8,453.57,529.48,526.74,699.40,1,-1,-1,-1
87,21,1578.43,533.30,1655.30,697.51,1,-1,-1,-1
87,27,1080.30,504.58,1159.64,697.22,1,-1,-1,-1
87,29,953.73,521.76,1027.15,701.18,1,-1,-1,-1
87,50,1714.70,546.25,1782.44,707.93,1,-1,-1,-1
88,10,1448.08,469.01,1569.04,757.84,1,-1,-1,-1
88,15,1338.80,490.72,1456.39,747.91,1,-1,-1,-1
88,8,455.00,528.39,528.10,698.41,1,-1,-1,-1
88,21,1577.06,532.33,1654.08,697.13,1,-1,-1,-1
88,27,1081.10,503.38,1160.58,695.68,1,-1,-1,-1
88,29,953.30,520.72,1026.16,698.97,1,-1,-1,-1
88,50,1722.74,547.52,1789.64,706.83,1,-1,-1,-1
89,10,1450.04,464.37,1571.41,754.37,1,-1,-1,-1
89,15,1344.24,488.14,1461.83,745.01,1,-1,-1,-1
89,8,456.08,527.99,528.70,696.72,1,-1,-1,-1
89,21,1572.94,531.32,1650.79,696.99,1,-1,-1,-1
89,27,1084.40,501.62,1164.35,695.11,1,-1,-1,-1
89,29,952.59,519.65,1025.77,698.82,1,-1,-1,-1
89,50,1727.25,548.65,1793.18,705.05,1,-1,-1,-1
90,10,1454.87,461.29,1577.12,754.41,1,-1,-1,-1
90,15,1345.67,484.54,1465.47,745.29,1,-1,-1,-1
90,8,456.61,527.20,529.42,696.09,1,-1,-1,-1
90,21,1571.21,532.92,1647.24,694.97,1,-1,-1,-1
90,27,1085.95,497.69,1167.28,694.25,1,-1,-1,-1
90,29,949.74,516.60,1024.32,698.79,1,-1,-1,-1
90,50,1732.58,545.04,1799.18,703.03,1,-1,-1,-1
91,10,1458.26,462.78,1578.70,751.17,1,-1,-1,-1
91,15,1350.75,484.53,1469.88,742.80,1,-1,-1,-1
91,8,457.17,524.27,530.60,694.55,1,-1,-1,-1
91,21,1571.48,532.89,1646.49,692.88,1,-1,-1,-1
91,27,1087.44,496.88,1168.62,691.97,1,-1,-1,-1
91,29,948.28,514.79,1023.59,698.13,1,-1,-1,-1
91,50,1739.07,547.67,1804.54,702.95,1,-1,-1,-1
92,10,1463.77,462.73,1583.99,749.31,1,-1,-1,-1
92,15,1356.60,483.90,1475.88,741.89,1,-1,-1,-1
92,8,457.59,523.84,530.79,693.33,1,-1,-1,-1
92,21,1571.13,532.22,1646.17,692.78,1,-1,-1,-1
92,27,1090.73,495.30,1172.82,692.44,1,-1,-1,-1
92,29,946.93,513.46,1022.88,697.89,1,-1,-1,-1
92,50,1742.30,546.00,1807.38,699.59,1,-1,-1,-1
93,10,1469.34,462.06,1590.77,749.99,1,-1,-1,-1
93,15,1363.08,484.36,1482.77,742.25,1,-1,-1,-1
93,8,457.32,523.71,530.57,692.89,1,-1,-1,-1
93,21,1570.84,529.34,1645.67,690.11,1,-1,-1,-1
93,27,1092.34,494.08,1175.18,691.98,1,-1,-1,-1
93,29,945.85,510.34,1021.95,695.19,1,-1,-1,-1
93,50,1743.06,543.36,1809.17,698.35,1,-1,-1,-1
94,10,1476.58,463.16,1597.76,748.97,1,-1,-1,-1
94,15,1365.74,483.90,1485.46,741.10,1,-1,-1,-1
94,8,458.17,525.01,530.82,692.09,1,-1,-1,-1
94,21,1572.60,530.25,1644.42,685.82,1,-1,-1,-1
94,27,1093.03,493.00,1176.47,691.16,1,-1,-1,-1
94,29,945.30,509.18,1021.17,694.18,1,-1,-1,-1
94,36,1475.91,496.03,1558.14,706.02,1,-1,-1,-1
94,50,1746.92,541.72,1813.91,697.91,1,-1,-1,-1
95,10,1484.10,463.59,1605.20,747.96,1,-1,-1,-1
95,15,1370.92,483.09,1491.19,741.37,1,-1,-1,-1
95,8,458.33,524.86,531.03,690.48,1,-1,-1,-1
95,21,1576.13,533.97,1642.59,680.20,1,-1,-1,-1
95,27,1096.51,491.31,1180.80,690.87,1,-1,-1,-1
95,29,944.66,508.11,1020.08,693.16,1,-1,-1,-1
95,36,1479.33,503.33,1555.82,697.06,1,-1,-1,-1
95,50,1748.43,541.11,1815.99,697.10,1,-1,-1,-1
96,10,1491.42,463.77,1612.40,747.63,1,-1,-1,-1
96,15,1373.55,484.13,1493.65,740.84,1,-1,-1,-1
96,8,458.43,524.16,531.68,689.91,1,-1,-1,-1
96,21,1576.14,532.65,1642.01,680.22,1,-1,-1,-1
96,27,1097.95,490.71,1182.80,690.78,1,-1,-1,-1
96,29,941.61,505.76,1017.28,692.15,1,-1,-1,-1
96,36,1481.86,508.67,1554.31,691.17,1,-1,-1,-1
96,50,1752.61,536.92,1821.45,695.50,1,-1,-1,-1
97,10,1493.84,463.85,1615.04,747.54,1,-1,-1,-1
97,15,1378.66,484.55,1498.70,740.68,1,-1,-1,-1
97,8,458.48,522.59,532.55,689.06,1,-1,-1,-1
97,21,1576.20,530.18,1643.14,682.26,1,-1,-1,-1
97,27,1098.37,489.87,1184.16,691.42,1,-1,-1,-1
97,29,940.37,505.56,1015.08,690.47,1,-1,-1,-1
97,36,1484.10,513.37,1553.05,686.33,1,-1,-1,-1
97,50,1754.56,539.31,1823.51,696.89,1,-1,-1,-1
98,10,1499.22,463.88,1619.76,746.88,1,-1,-1,-1
98,15,1380.50,484.06,1500.99,740.65,1,-1,-1,-1
98,8,460.93,520.69,535.69,688.77,1,-1,-1,-1
98,21,1575.46,529.79,1642.12,681.24,1,-1,-1,-1
98,27,1098.17,486.31,1185.53,691.03,1,-1,-1,-1
98,29,939.88,505.53,1013.71,689.21,1,-1,-1,-1
98,36,1488.63,513.55,1556.55,686.14,1,-1,-1,-1
98,50,1754.93,539.60,1824.98,698.12,1,-1,-1,-1
99,10,1501.55,464.57,1621.50,746.67,1,-1,-1,-1
99,15,1379.05,476.62,1504.34,741.98,1,-1,-1,-1
99,8,462.19,518.02,537.17,687.36,1,-1,-1,-1
99,27,1098.49,485.65,1186.17,690.23,1,-1,-1,-1
99,29,938.78,503.57,1012.22,687.44,1,-1,-1,-1
99,36,1490.41,514.26,1556.79,685.46,1,-1,-1,-1
99,50,1757.49,535.11,1829.45,697.93,1,-1,-1,-1
100,10,1502.93,462.84,1621.93,742.65,1,-1,-1,-1
100,15,1383.52,475.81,1508.18,739.89,1,-1,-1,-1
100,8,463.10,517.03,537.89,686.86,1,-1,-1,-1
100,27,1102.65,486.11,1189.43,688.63,1,-1,-1,-1
100,29,934.99,503.52,1007.86,686.15,1,-1,-1,-1
100,36,1491.26,513.08,1557.23,685.99,1,-1,-1,-1
100,50,1759.03,533.44,1831.66,697.22,1,-1,-1,-1
101,10,1506.43,460.20,1626.04,742.50,1,-1,-1,-1
101,15,1389.47,475.55,1513.66,739.75,1,-1,-1,-1
101,8,464.31,519.99,537.90,687.36,1,-1,-1,-1
101,27,1104.57,486.33,1190.84,687.37,1,-1,-1,-1
101,29,930.01,502.88,1003.24,685.70,1,-1,-1,-1
101,36,1492.34,513.97,1557.21,685.56,1,-1,-1,-1
101,50,1759.83,533.48,1832.67,696.96,1,-1,-1,-1
102,10,1508.18,459.23,1628.17,742.48,1,-1,-1,-1
102,15,1396.05,475.49,1519.68,739.73,1,-1,-1,-1
102,8,463.97,517.84,537.97,686.91,1,-1,-1,-1
102,27,1105.23,485.79,1191.94,687.58,1,-1,-1,-1
102,29,927.18,502.67,1000.61,685.57,1,-1,-1,-1
102,36,1493.33,516.29,1556.51,684.11,1,-1,-1,-1
102,50,1759.95,532.88,1833.64,697.53,1,-1,-1,-1
103,10,1512.76,458.22,1633.31,743.83,1,-1,-1,-1
103,15,1400.03,476.17,1522.79,739.08,1,-1,-1,-1
103,8,463.76,517.05,537.37,686.11,1,-1,-1,-1
103,27,1105.66,485.63,1192.70,687.68,1,-1,-1,-1
103,29,925.60,504.61,997.64,683.57,1,-1,-1,-1
103,36,1494.66,517.32,1556.99,682.86,1,-1,-1,-1
103,50,1763.31,532.68,1837.05,697.10,1,-1,-1,-1
104,10,1515.22,461.82,1634.90,745.69,1,-1,-1,-1
104,15,1400.73,474.48,1525.09,740.83,1,-1,-1,-1
104,8,464.13,516.78,537.30,685.83,1,-1,-1,-1
104,27,1109.06,485.60,1196.19,688.40,1,-1,-1,-1
104,29,921.62,505.38,993.41,682.86,1,-1,-1,-1
104,50,1764.60,531.32,1838.78,696.29,1,-1,-1,-1
105,10,1520.63,462.55,1639.95,746.42,1,-1,-1,-1
105,15,1405.39,475.18,1529.17,740.85,1,-1,-1,-1
105,8,463.46,516.04,536.72,686.41,1,-1,-1,-1
105,27,1110.84,485.61,1197.54,688.03,1,-1,-1,-1
105,29,919.83,507.68,991.64,684.63,1,-1,-1,-1
105,50,1765.07,530.83,1839.25,695.33,1,-1,-1,-1
106,10,1522.80,460.84,1642.09,744.73,1,-1,-1,-1
106,15,1412.76,480.76,1533.39,740.87,1,-1,-1,-1
106,8,463.32,515.79,536.36,686.64,1,-1,-1,-1
106,27,1111.92,486.31,1198.16,687.90,1,-1,-1,-1
106,29,918.24,508.55,990.09,685.32,1,-1,-1,-1
106,50,1765.40,530.02,1840.39,695.64,1,-1,-1,-1
107,10,1528.19,459.54,1647.27,743.44,1,-1,-1,-1
107,15,1416.77,484.24,1535.41,740.22,1,-1,-1,-1
107,8,463.60,516.38,535.85,686.09,1,-1,-1,-1
107,27,1112.42,485.94,1198.82,688.52,1,-1,-1,-1
107,29,914.50,508.21,987.51,686.93,1,-1,-1,-1
107,50,1765.84,529.74,1840.99,695.77,1,-1,-1,-1
108,10,1530.54,462.37,1649.28,745.62,1,-1,-1,-1
108,15,1421.47,485.54,1539.96,741.32,1,-1,-1,-1
108,8,463.90,517.29,535.44,685.90,1,-1,-1,-1
108,27,1113.02,486.47,1199.19,688.77,1,-1,-1,-1
108,29,912.19,507.42,986.29,688.21,1,-1,-1,-1
108,36,1526.00,516.35,1592.68,693.06,1,-1,-1,-1
108,50,1765.82,529.00,1841.89,697.15,1,-1,-1,-1
109,10,1530.51,462.12,1650.65,748.44,1,-1,-1,-1
109,15,1424.54,488.00,1541.37,739.75,1,-1,-1,-1
109,8,460.61,516.98,532.71,686.50,1,-1,-1,-1
109,21,1520.30,513.26,1599.34,697.43,1,-1,-1,-1
109,27,1116.63,485.37,1203.08,689.53,1,-1,-1,-1
109,29,910.34,507.78,984.34,688.04,1,-1,-1,-1
109,36,1529.68,516.80,1596.31,693.37,1,-1,-1,-1
109,50,1765.89,529.41,1842.01,697.68,1,-1,-1,-1
110,10,1535.26,464.00,1654.06,748.19,1,-1,-1,-1
110,15,1427.53,494.91,1541.71,740.49,1,-1,-1,-1
110,8,459.87,519.52,531.84,687.40,1,-1,-1,-1
110,21,1514.80,512.02,1593.63,698.72,1,-1,-1,-1
110,27,1118.47,485.63,1204.61,689.82,1,-1,-1,-1
110,29,906.06,507.26,980.74,688.64,1,-1,-1,-1
110,50,1769.81,530.91,1844.60,697.22,1,-1,-1,-1
111,10,1537.51,465.38,1655.94,748.75,1,-1,-1,-1
111,15,1431.78,497.45,1545.74,742.12,1,-1,-1,-1
111,8,459.28,521.16,531.16,687.75,1,-1,-1,-1
111,21,1512.73,512.22,1590.24,698.56,1,-1,-1,-1
111,27,1119.80,486.41,1205.08,689.27,1,-1,-1,-1
111,29,903.48,509.04,977.88,689.53,1,-1,-1,-1
111,50,1771.50,531.50,1845.90,697.72,1,-1,-1,-1
112,10,1537.95,467.88,1657.46,753.59,1,-1,-1,-1
112,15,1436.03,496.33,1552.28,745.40,1,-1,-1,-1
112,8,458.00,521.77,530.00,687.89,1,-1,-1,-1
112,21,1513.49,514.28,1588.27,696.52,1,-1,-1,-1
112,27,1121.51,490.68,1204.58,689.07,1,-1,-1,-1
112,29,899.84,509.72,974.36,689.87,1,-1,-1,-1
112,50,1771.56,531.74,1846.16,698.56,1,-1,-1,-1
113,10,1537.88,468.81,1658.04,755.40,1,-1,-1,-1
113,15,1444.43,504.46,1548.97,728.11,1,-1,-1,-1
113,8,458.10,522.00,530.32,687.94,1,-1,-1,-1
113,21,1516.60,519.72,1586.32,691.11,1,-1,-1,-1
113,27,1122.67,492.31,1204.39,688.33,1,-1,-1,-1
113,29,898.08,511.29,971.62,689.33,1,-1,-1,-1
113,50,1771.98,531.18,1847.06,698.88,1,-1,-1,-1
114,10,1541.62,469.13,1661.51,756.06,1,-1,-1,-1
114,15,1450.77,509.61,1544.66,710.22,1,-1,-1,-1
114,8,457.05,518.10,530.90,687.97,1,-1,-1,-1
114,21,1513.62,519.50,1583.40,691.06,1,-1,-1,-1
114,27,1123.30,492.90,1204.68,688.72,1,-1,-1,-1
114,29,897.29,513.87,968.93,687.80,1,-1,-1,-1
114,50,1773.44,535.58,1847.29,700.31,1,-1,-1,-1
115,10,1543.00,468.58,1663.31,756.94,1,-1,-1,-1
115,15,1449.03,503.54,1546.68,711.11,1,-1,-1,-1
115,8,456.92,519.92,530.21,687.97,1,-1,-1,-1
115,27,1123.42,492.45,1204.79,688.87,1,-1,-1,-1
115,29,893.65,513.48,965.47,687.89,1,-1,-1,-1
115,50,1777.29,533.95,1850.58,698.20,1,-1,-1,-1
116,10,1548.02,469.01,1667.85,756.58,1,-1,-1,-1
116,15,1450.93,506.27,1545.56,706.01,1,-1,-1,-1
116,8,457.11,520.63,530.39,687.98,1,-1,-1,-1
116,27,1125.88,491.60,1207.62,690.26,1,-1,-1,-1
116,29,891.93,513.99,963.40,687.92,1,-1,-1,-1
116,50,1779.55,533.33,1852.21,696.74,1,-1,-1,-1
117,10,1550.78,469.81,1669.81,755.10,1,-1,-1,-1
117,15,1454.64,507.70,1547.03,702.72,1,-1,-1,-1
117,8,457.25,517.58,531.74,687.98,1,-1,-1,-1
117,27,1127.29,491.27,1208.78,690.78,1,-1,-1,-1
117,29,890.64,514.16,962.14,688.61,1,-1,-1,-1
117,42,1463.75,508.04,1542.41,694.99,1,-1,-1,-1
117,50,1779.93,532.44,1853.16,697.52,1,-1,-1,-1
118,10,1555.67,466.12,1675.09,752.53,1,-1,-1,-1
118,8,458.09,517.76,532.13,687.33,1,-1,-1,-1
118,27,1128.75,490.48,1210.16,690.97,1,-1,-1,-1
118,29,889.72,514.20,960.96,688.87,1,-1,-1,-1
118,42,1462.50,509.63,1543.23,692.49,1,-1,-1,-1
118,50,1780.59,532.11,1853.54,696.50,1,-1,-1,-1
119,10,1557.98,464.07,1677.70,750.89,1,-1,-1,-1
119,15,1468.01,497.85,1575.42,725.69,1,-1,-1,-1
119,8,461.39,517.84,534.59,686.42,1,-1,-1,-1
119,27,1129.29,490.17,1210.60,691.04,1,-1,-1,-1
119,29,886.55,514.20,957.56,688.30,1,-1,-1,-1
119,42,1461.89,510.33,1543.74,690.13,1,-1,-1,-1
119,50,1784.52,531.32,1857.15,696.11,1,-1,-1,-1
120,10,1561.00,463.86,1680.77,750.79,1,-1,-1,-1
120,15,1474.00,494.03,1585.25,731.16,1,-1,-1,-1
120,8,463.03,517.88,535.79,686.08,1,-1,-1,-1
120,27,1130.17,490.06,1211.31,691.06,1,-1,-1,-1
120,29,885.27,514.19,955.88,687.42,1,-1,-1,-1
120,42,1526.54,478.60,1639.25,729.95,1,-1,-1,-1
120,50,1785.95,529.71,1859.76,697.29,1,-1,-1,-1
121,15,1476.48,492.55,1589.26,733.28,1,-1,-1,-1
121,8,463.62,517.90,536.25,685.96,1,-1,-1,-1
121,27,1133.57,490.67,1213.69,690.40,1,-1,-1,-1
121,29,884.23,514.17,954.66,687.10,1,-1,-1,-1
121,42,1494.09,499.88,1587.21,703.77,1,-1,-1,-1
121,50,1791.26,530.43,1863.74,696.43,1,-1,-1,-1
122,10,1570.21,462.22,1689.70,749.25,1,-1,-1,-1
122,15,1480.61,489.39,1595.73,735.37,1,-1,-1,-1
122,8,464.20,515.93,538.01,686.58,1,-1,-1,-1
122,27,1134.85,487.60,1215.83,690.15,1,-1,-1,-1
122,29,883.10,514.81,953.12,686.98,1,-1,-1,-1
122,42,1479.62,510.90,1562.34,690.19,1,-1,-1,-1
122,50,1793.79,530.72,1865.27,695.44,1,-1,-1,-1
123,10,1572.63,461.97,1692.19,749.00,1,-1,-1,-1
123,15,1486.41,487.55,1603.41,737.44,1,-1,-1,-1
123,8,464.77,515.20,538.96,686.82,1,-1,-1,-1
123,27,1135.92,486.45,1217.26,690.05,1,-1,-1,-1
123,29,879.94,515.04,950.14,686.94,1,-1,-1,-1
123,42,1475.02,516.24,1552.72,683.97,1,-1,-1,-1
123,50,1795.22,530.18,1866.53,695.07,1,-1,-1,-1
124,10,1578.35,462.54,1696.74,747.60,1,-1,-1,-1
124,15,1493.24,486.22,1611.18,738.85,1,-1,-1,-1
124,8,465.59,515.59,539.33,686.26,1,-1,-1,-1
124,27,1136.28,486.02,1217.74,690.02,1,-1,-1,-1
124,29,877.85,514.46,948.75,687.60,1,-1,-1,-1
124,42,1472.77,517.41,1549.25,682.51,1,-1,-1,-1
124,50,1795.65,529.98,1866.96,694.94,1,-1,-1,-1
125,10,1585.39,464.76,1701.91,746.42,1,-1,-1,-1
125,15,1499.19,484.44,1618.31,740.65,1,-1,-1,-1
125,8,465.78,515.76,539.55,686.71,1,-1,-1,-1
125,27,1137.65,489.83,1217.25,689.35,1,-1,-1,-1
125,29,876.32,514.23,947.81,688.51,1,-1,-1,-1
125,42,1472.04,517.83,1547.86,682.00,1,-1,-1,-1
125,50,1795.99,530.58,1866.79,694.24,1,-1,-1,-1
126,10,1588.69,466.26,1704.25,745.32,1,-1,-1,-1
126,15,1501.76,484.44,1621.08,741.31,1,-1,-1,-1
126,8,468.81,516.49,541.92,686.88,1,-1,-1,-1
126,27,1137.69,488.63,1217.42,688.42,1,-1,-1,-1
126,29,875.50,514.13,947.19,688.85,1,-1,-1,-1
126,42,1471.68,518.65,1547.38,682.51,1,-1,-1,-1
126,50,1796.03,530.81,1866.67,693.99,1,-1,-1,-1
127,10,1593.75,468.82,1707.66,744.27,1,-1,-1,-1
127,15,1505.47,481.87,1626.84,744.12,1,-1,-1,-1
127,8,470.20,516.12,543.19,686.95,1,-1,-1,-1
127,27,1137.24,487.53,1217.87,688.75,1,-1,-1,-1
127,29,872.14,514.09,944.21,688.98,1,-1,-1,-1
127,42,1471.61,518.95,1547.08,682.72,1,-1,-1,-1
127,50,1795.88,530.90,1866.67,693.90,1,-1,-1,-1
128,10,1596.25,468.43,1711.36,745.89,1,-1,-1,-1
128,15,1507.42,481.57,1629.50,745.81,1,-1,-1,-1
128,8,470.91,516.64,543.43,686.98,1,-1,-1,-1
128,27,1136.63,486.45,1218.40,689.53,1,-1,-1,-1
128,29,870.82,514.73,942.62,688.36,1,-1,-1,-1
128,42,1471.48,519.05,1547.03,683.48,1,-1,-1,-1
128,50,1795.96,530.28,1867.08,693.88,1,-1,-1,-1
129,10,1601.30,469.60,1715.65,745.85,1,-1,-1,-1
129,15,1508.59,482.80,1630.38,746.41,1,-1,-1,-1
129,8,472.09,520.15,543.20,686.99,1,-1,-1,-1
129,27,1136.48,486.71,1218.45,689.18,1,-1,-1,-1
129,29,870.09,515.63,941.09,687.47,1,-1,-1,-1
129,42,1468.31,522.42,1543.44,685.11,1,-1,-1,-1
129,50,1795.80,530.05,1867.34,694.54,1,-1,-1,-1
130,10,1604.12,474.00,1717.38,747.84,1,-1,-1,-1
130,15,1513.93,485.27,1633.97,745.28,1,-1,-1,-1
130,8,471.96,519.48,542.96,686.33,1,-1,-1,-1
130,27,1137.00,489.47,1218.49,689.70,1,-1,-1,-1
130,29,868.96,515.96,939.52,687.13,1,-1,-1,-1
130,42,1467.39,521.66,1542.46,683.72,1,-1,-1,-1
130,50,1799.40,530.63,1870.29,694.80,1,-1,-1,-1
131,10,1608.99,473.64,1721.23,745.27,1,-1,-1,-1
131,15,1515.88,485.59,1635.73,744.79,1,-1,-1,-1
131,8,472.56,521.88,542.83,686.74,1,-1,-1,-1
131,27,1137.01,489.85,1219.29,690.57,1,-1,-1,-1
131,29,865.29,515.41,936.36,687.67,1,-1,-1,-1
131,42,1465.85,519.36,1542.63,684.54,1,-1,-1,-1
131,50,1800.80,530.19,1871.95,695.56,1,-1,-1,-1
132,10,1611.19,474.80,1724.00,747.64,1,-1,-1,-1
132,15,1522.32,487.70,1640.26,741.94,1,-1,-1,-1
132,8,472.61,522.77,542.91,687.57,1,-1,-1,-1
132,27,1139.34,489.33,1222.50,691.55,1,-1,-1,-1
132,29,863.62,515.86,934.27,687.21,1,-1,-1,-1
132,42,1465.47,521.80,1542.52,686.82,1,-1,-1,-1
132,50,1801.06,530.69,1872.09,696.51,1,-1,-1,-1
133,10,1616.40,473.88,1728.35,744.56,1,-1,-1,-1
133,15,1529.46,490.51,1644.89,738.82,1,-1,-1,-1
133,8,472.09,523.09,542.78,688.54,1,-1,-1,-1
133,27,1139.63,489.13,1223.59,692.57,1,-1,-1,-1
133,29,863.44,519.33,933.20,688.37,1,-1,-1,-1
133,42,1465.37,524.04,1541.79,687.03,1,-1,-1,-1
133,50,1797.75,530.22,1869.51,697.53,1,-1,-1,-1
134,10,1618.48,472.17,1731.56,744.73,1,-1,-1,-1
134,15,1532.12,490.91,1647.62,738.31,1,-1,-1,-1
134,8,472.62,523.85,543.29,688.90,1,-1,-1,-1
134,27,1139.96,488.40,1225.03,693.61,1,-1,-1,-1
134,29,862.36,520.63,931.97,689.47,1,-1,-1,-1
134,42,1465.28,525.54,1541.59,687.10,1,-1,-1,-1
134,50,1799.64,530.04,1871.25,697.91,1,-1,-1,-1
135,10,1623.74,472.18,1735.97,743.48,1,-1,-1,-1
135,15,1536.65,489.05,1653.42,738.77,1,-1,-1,-1
135,8,472.43,523.46,543.84,689.70,1,-1,-1,-1
135,27,1140.36,488.77,1225.90,694.00,1,-1,-1,-1
135,29,858.35,519.10,929.28,690.54,1,-1,-1,-1
135,42,1465.50,526.08,1541.95,687.11,1,-1,-1,-1
135,50,1800.43,529.98,1871.78,698.05,1,-1,-1,-1
136,10,1626.11,472.17,1738.28,743.69,1,-1,-1,-1
136,15,1543.16,489.01,1660.39,739.61,1,-1,-1,-1
136,8,472.69,523.29,545.00,691.31,1,-1,-1,-1
136,27,1140.25,488.92,1226.42,694.13,1,-1,-1,-1
136,29,855.80,518.51,927.47,690.94,1,-1,-1,-1
136,42,1465.62,526.91,1542.06,687.11,1,-1,-1,-1
136,50,1800.58,529.96,1872.06,698.75,1,-1,-1,-1
137,10,1631.15,472.15,1742.66,743.78,1,-1,-1,-1
137,15,1549.45,489.00,1666.78,740.58,1,-1,-1,-1
137,8,472.86,523.22,545.34,691.24,1,-1,-1,-1
137,27,1140.47,488.32,1227.61,694.16,1,-1,-1,-1
137,29,850.72,517.62,923.78,691.74,1,-1,-1,-1
137,42,1464.55,525.87,1542.58,688.43,1,-1,-1,-1
137,50,1800.65,529.96,1872.10,699.01,1,-1,-1,-1
138,10,1633.51,472.79,1744.24,743.16,1,-1,-1,-1
138,15,1552.57,488.99,1670.08,741.60,1,-1,-1,-1
138,8,472.37,523.17,545.33,691.87,1,-1,-1,-1
138,27,1140.73,488.75,1228.48,694.16,1,-1,-1,-1
138,29,847.28,513.98,922.08,691.37,1,-1,-1,-1
138,42,1463.51,524.80,1542.75,688.91,1,-1,-1,-1
138,50,1800.97,529.96,1872.41,699.09,1,-1,-1,-1
139,10,1638.40,473.03,1748.50,742.94,1,-1,-1,-1
139,15,1558.39,493.61,1673.58,742.64,1,-1,-1,-1
139,8,472.11,523.15,545.36,692.09,1,-1,-1,-1
139,27,1140.41,488.91,1229.17,694.15,1,-1,-1,-1
139,29,846.38,516.52,920.53,691.22,1,-1,-1,-1
139,42,1463.15,523.72,1543.46,689.08,1,-1,-1,-1
139,50,1801.08,529.96,1872.49,699.12,1,-1,-1,-1
140,10,1640.85,473.10,1751.20,743.54,1,-1,-1,-1
140,15,1561.96,497.35,1675.14,742.35,1,-1,-1,-1
140,8,471.96,523.13,545.41,692.16,1,-1,-1,-1
140,27,1143.75,488.97,1233.18,694.14,1,-1,-1,-1
140,29,842.12,517.52,916.78,691.81,1,-1,-1,-1
140,42,1462.53,522.64,1544.23,689.80,1,-1,-1,-1
140,50,1801.23,530.63,1872.37,699.12,1,-1,-1,-1
141,10,1646.01,473.78,1755.65,743.11,1,-1,-1,-1
141,15,1567.50,498.07,1680.47,743.56,1,-1,-1,-1
141,8,471.72,522.45,545.58,692.17,1,-1,-1,-1
141,27,1144.84,488.34,1235.47,694.78,1,-1,-1,-1
141,29,840.38,518.55,915.01,691.36,1,-1,-1,-1
141,42,1462.30,522.23,1544.52,689.40,1,-1,-1,-1
141,50,1801.43,530.88,1872.80,699.77,1,-1,-1,-1
142,10,1647.73,475.36,1757.94,746.27,1,-1,-1,-1
142,15,1573.06,498.97,1685.27,744.00,1,-1,-1,-1
142,8,472.12,522.85,545.80,691.50,1,-1,-1,-1
142,27,1145.32,488.10,1236.84,695.02,1,-1,-1,-1
142,29,838.59,518.93,913.68,691.85,1,-1,-1,-1
142,42,1462.09,522.07,1544.77,689.23,1,-1,-1,-1
142,50,1801.59,530.97,1872.83,699.35,1,-1,-1,-1
143,10,1649.34,479.23,1758.23,746.14,1,-1,-1,-1
143,15,1575.68,499.28,1687.52,744.15,1,-1,-1,-1
143,8,472.32,523.00,545.81,690.57,1,-1,-1,-1
143,27,1149.09,487.35,1241.61,695.75,1,-1,-1,-1
143,29,834.65,519.06,910.66,692.68,1,-1,-1,-1
143,42,1462.26,522.67,1544.62,688.50,1,-1,-1,-1
143,50,1801.48,531.01,1872.97,699.84,1,-1,-1,-1
144,10,1654.75,482.68,1761.89,745.42,1,-1,-1,-1
144,15,1581.54,500.68,1691.75,742.86,1,-1,-1,-1
144,8,472.71,523.04,546.14,689.56,1,-1,-1,-1
144,27,1150.51,487.73,1243.33,696.02,1,-1,-1,-1
144,29,832.65,519.11,908.88,692.33,1,-1,-1,-1
144,42,1462.12,521.58,1545.44,688.87,1,-1,-1,-1
144,50,1577.40,558.73,1637.10,698.70,1,-1,-1,-1
145,10,1656.81,483.93,1763.62,745.81,1,-1,-1,-1
145,15,1584.61,501.18,1694.12,742.36,1,-1,-1,-1
145,8,472.62,523.06,546.49,689.83,1,-1,-1,-1
145,21,1802.87,536.93,1871.81,701.96,1,-1,-1,-1
145,27,1151.44,488.54,1244.14,695.45,1,-1,-1,-1
145,29,831.27,521.09,907.03,692.85,1,-1,-1,-1
145,42,1461.58,520.51,1546.24,690.33,1,-1,-1,-1
145,50,1553.18,561.82,1611.59,698.76,1,-1,-1,-1
146,10,1660.20,485.07,1766.57,745.87,1,-1,-1,-1
146,15,1590.09,502.00,1698.31,741.50,1,-1,-1,-1
146,8,472.50,523.06,546.70,689.94,1,-1,-1,-1
146,21,1705.83,500.18,1801.73,732.68,1,-1,-1,-1
146,27,1152.65,490.17,1244.80,694.57,1,-1,-1,-1
146,29,827.27,521.17,903.37,693.03,1,-1,-1,-1
146,42,1461.50,521.42,1545.77,690.21,1,-1,-1,-1
146,50,1467.52,561.70,1524.45,695.69,1,-1,-1,-1
147,15,1593.03,502.94,1699.98,740.51,1,-1,-1,-1
147,8,472.52,523.05,547.35,690.64,1,-1,-1,-1
147,21,1680.52,490.38,1783.19,740.90,1,-1,-1,-1
147,27,1155.96,489.45,1249.39,696.21,1,-1,-1,-1
147,23,1802.19,531.01,1873.75,699.99,1,-1,-1,-1
147,29,825.04,521.85,900.90,693.09,1,-1,-1,-1
147,42,1461.68,521.78,1545.38,689.50,1,-1,-1,-1
147,50,1448.25,562.01,1504.50,695.11,1,-1,-1,-1
148,15,1597.66,501.26,1704.73,740.14,1,-1,-1,-1
148,8,472.03,523.05,547.42,691.57,1,-1,-1,-1
148,21,1668.52,484.89,1774.78,745.01,1,-1,-1,-1
148,27,1157.12,489.18,1251.74,698.14,1,-1,-1,-1
148,23,1804.59,530.73,1876.31,700.11,1,-1,-1,-1
148,29,820.63,520.76,897.11,693.11,1,-1,-1,-1
148,42,1461.62,521.91,1545.36,689.88,1,-1,-1,-1
148,50,1679.48,540.97,1746.00,698.32,1,-1,-1,-1
149,15,1600.79,501.93,1706.79,739.34,1,-1,-1,-1
149,8,471.89,523.70,547.38,692.57,1,-1,-1,-1
149,21,1663.88,482.79,1771.71,747.16,1,-1,-1,-1
149,27,1158.48,489.08,1253.56,698.86,1,-1,-1,-1
149,23,1803.30,530.87,1875.08,700.05,1,-1,-1,-1
149,29,817.77,520.34,894.42,693.76,1,-1,-1,-1
149,42,1461.15,521.31,1545.15,690.68,1,-1,-1,-1
149,50,1535.33,553.91,1595.39,696.90,1,-1,-1,-1
150,15,1602.44,502.83,1707.43,738.38,1,-1,-1,-1
150,8,471.34,523.95,547.19,693.60,1,-1,-1,-1
150,21,1666.08,482.11,1774.26,748.50,1,-1,-1,-1
150,27,1162.27,489.04,1257.44,699.77,1,-1,-1,-1
150,23,1803.11,530.88,1874.96,700.05,1,-1,-1,-1
150,29,816.43,520.83,892.54,694.00,1,-1,-1,-1
150,42,1460.96,522.39,1543.77,690.31,1,-1,-1,-1
150,50,1471.13,557.59,1529.47,696.95,1,-1,-1,-1
151,15,1606.45,503.14,1710.60,738.03,1,-1,-1,-1
151,8,471.51,524.03,547.39,693.98,1,-1,-1,-1
151,21,1667.47,481.35,1776.22,748.88,1,-1,-1,-1
151,27,1164.40,490.34,1258.75,699.44,1,-1,-1,-1
151,23,1802.74,534.24,1874.44,702.05,1,-1,-1,-1
151,29,812.81,519.03,889.87,694.75,1,-1,-1,-1
151,42,1457.27,522.81,1540.24,690.83,1,-1,-1,-1
151,50,1453.75,558.63,1511.64,696.91,1,-1,-1,-1
152,15,1609.63,505.23,1711.83,736.58,1,-1,-1,-1
152,8,471.06,523.40,547.31,694.77,1,-1,-1,-1
152,21,1672.12,481.19,1780.77,748.89,1,-1,-1,-1
152,27,1165.70,490.17,1259.93,699.30,1,-1,-1,-1
152,23,1802.04,535.50,1874.00,702.79,1,-1,-1,-1
152,29,810.89,519.01,888.27,696.33,1,-1,-1,-1
152,42,1455.59,522.97,1538.58,691.01,1,-1,-1,-1
153,15,1611.07,505.99,1712.39,735.38,1,-1,-1,-1
153,8,471.52,525.79,547.30,695.72,1,-1,-1,-1
153,21,1674.90,482.54,1782.36,747.48,1,-1,-1,-1
153,27,1167.67,494.06,1260.08,699.23,1,-1,-1,-1
153,23,1803.27,535.87,1875.22,703.16,1,-1,-1,-1
153,29,809.91,520.97,886.13,696.26,1,-1,-1,-1
153,42,1455.07,523.68,1537.88,691.74,1,-1,-1,-1
153,50,1746.67,539.56,1815.17,702.11,1,-1,-1,-1
154,15,1614.43,504.24,1716.86,736.96,1,-1,-1,-1
154,8,471.78,527.36,547.21,696.06,1,-1,-1,-1
154,21,1676.14,483.20,1783.57,747.45,1,-1,-1,-1
154,27,1171.39,494.86,1263.65,700.51,1,-1,-1,-1
154,29,809.44,521.72,884.96,696.22,1,-1,-1,-1
154,42,1454.39,523.29,1537.49,692.66,1,-1,-1,-1
154,50,1788.19,536.83,1858.79,703.51,1,-1,-1,-1
155,15,1616.79,503.57,1719.83,737.55,1,-1,-1,-1
155,8,471.44,527.27,547.61,697.50,1,-1,-1,-1
155,21,1681.42,486.16,1788.43,749.96,1,-1,-1,-1
155,27,1172.71,495.15,1264.93,700.98,1,-1,-1,-1
155,29,806.28,524.64,881.06,697.51,1,-1,-1,-1
155,42,1453.97,523.79,1536.89,693.66,1,-1,-1,-1
155,50,1804.49,536.45,1875.82,704.04,1,-1,-1,-1
156,15,1620.37,503.97,1723.30,738.45,1,-1,-1,-1
156,8,471.43,527.88,547.64,698.02,1,-1,-1,-1
156,21,1683.50,486.73,1790.94,751.48,1,-1,-1,-1
156,27,1173.33,495.23,1265.80,701.80,1,-1,-1,-1
156,29,804.90,527.05,878.64,697.32,1,-1,-1,-1
156,42,1449.94,525.96,1533.33,696.66,1,-1,-1,-1
156,50,1809.94,537.00,1881.13,703.58,1,-1,-1,-1
157,15,1623.50,506.08,1725.23,738.13,1,-1,-1,-1
157,8,470.86,528.10,547.55,699.51,1,-1,-1,-1
157,21,1688.25,487.01,1795.81,752.63,1,-1,-1,-1
157,27,1174.08,495.90,1266.80,702.76,1,-1,-1,-1
157,29,803.79,529.27,877.18,698.56,1,-1,-1,-1
157,42,1448.53,527.43,1531.27,697.12,1,-1,-1,-1
157,50,1811.32,537.92,1882.34,703.38,1,-1,-1,-1
158,15,1625.11,511.52,1725.26,739.34,1,-1,-1,-1
158,8,470.83,528.17,547.99,700.72,1,-1,-1,-1
158,21,1690.65,488.49,1797.73,752.33,1,-1,-1,-1
158,27,1177.53,494.82,1271.15,704.42,1,-1,-1,-1
158,29,799.52,530.06,873.36,699.68,1,-1,-1,-1
158,42,1448.34,528.63,1530.21,696.61,1,-1,-1,-1
158,50,1810.98,538.31,1882.29,703.94,1,-1,-1,-1
159,15,1629.13,512.87,1729.60,741.14,1,-1,-1,-1
159,8,470.95,528.84,548.01,701.15,1,-1,-1,-1
159,21,1695.74,489.77,1802.79,752.78,1,-1,-1,-1
159,27,1179.11,495.71,1272.38,705.03,1,-1,-1,-1
159,29,796.97,530.99,871.06,700.74,1,-1,-1,-1
159,42,1448.84,531.06,1529.33,696.39,1,-1,-1,-1
159,50,1810.06,538.49,1881.24,703.48,1,-1,-1,-1
160,15,1631.35,515.32,1730.93,741.13,1,-1,-1,-1
160,8,471.00,529.08,548.02,701.28,1,-1,-1,-1
160,21,1698.07,490.95,1804.91,752.88,1,-1,-1,-1
160,27,1179.86,496.03,1273.22,705.89,1,-1,-1,-1
160,29,792.39,530.64,867.37,701.78,1,-1,-1,-1
160,42,1449.37,533.27,1528.74,696.28,1,-1,-1,-1
160,50,1809.32,539.24,1880.06,703.29,1,-1,-1,-1
160,55,-66.67,540.77,17.69,757.42,1,-1,-1,-1
161,15,1635.97,516.19,1735.39,741.79,1,-1,-1,-1
161,8,470.89,529.15,548.15,701.97,1,-1,-1,-1
161,21,1698.93,490.77,1806.30,753.51,1,-1,-1,-1
161,27,1179.92,494.82,1274.27,706.85,1,-1,-1,-1
161,29,789.87,529.82,865.64,702.81,1,-1,-1,-1
161,42,1448.75,532.07,1528.74,696.89,1,-1,-1,-1
161,50,1808.51,539.56,1879.09,703.86,1,-1,-1,-1
161,55,-67.53,540.30,17.82,759.03,1,-1,-1,-1
162,15,1638.51,517.14,1737.35,741.36,1,-1,-1,-1
162,8,471.23,529.17,548.46,702.20,1,-1,-1,-1
162,21,1704.31,492.04,1810.89,753.03,1,-1,-1,-1
162,27,1180.64,495.67,1274.52,706.53,1,-1,-1,-1
162,29,787.70,529.48,863.76,703.17,1,-1,-1,-1
162,42,1448.47,532.26,1528.18,697.10,1,-1,-1,-1
162,50,1819.19,539.10,1890.10,704.19,1,-1,-1,-1
162,55,-66.14,540.85,19.12,758.72,1,-1,-1,-1
163,15,1640.01,517.44,1738.61,740.52,1,-1,-1,-1
163,8,474.20,529.82,550.36,701.61,1,-1,-1,-1
163,21,1705.85,491.89,1812.37,752.78,1,-1,-1,-1
163,27,1180.99,496.64,1274.41,705.72,1,-1,-1,-1
163,29,783.50,527.35,860.68,703.28,1,-1,-1,-1
163,42,1448.84,532.96,1527.55,696.51,1,-1,-1,-1
163,55,-65.85,540.32,19.74,757.81,1,-1,-1,-1
164,15,1643.78,516.18,1743.63,741.53,1,-1,-1,-1
164,8,475.58,530.72,550.82,701.36,1,-1,-1,-1
164,21,1710.74,492.51,1817.07,752.65,1,-1,-1,-1
164,27,1181.11,497.66,1274.26,705.39,1,-1,-1,-1
164,29,782.53,527.85,859.08,702.65,1,-1,-1,-1
164,42,1449.23,534.53,1526.46,695.60,1,-1,-1,-1
164,50,1497.92,564.94,1556.36,701.61,1,-1,-1,-1
164,55,-68.12,529.62,23.00,760.94,1,-1,-1,-1
165,15,1645.79,517.00,1745.36,740.58,1,-1,-1,-1
165,8,476.19,531.04,550.87,701.25,1,-1,-1,-1
165,21,1718.26,495.39,1822.30,749.25,1,-1,-1,-1
165,27,1184.90,501.34,1276.98,706.58,1,-1,-1,-1
165,29,781.58,528.03,857.29,701.72,1,-1,-1,-1
165,42,1449.83,536.42,1524.99,693.92,1,-1,-1,-1
165,50,1438.52,563.35,1495.83,698.96,1,-1,-1,-1
165,55,-47.99,529.88,42.02,758.68,1,-1,-1,-1
166,15,1647.34,517.94,1746.30,738.89,1,-1,-1,-1
166,8,476.76,531.81,550.52,700.53,1,-1,-1,-1
166,21,1721.11,495.17,1824.76,747.91,1,-1,-1,-1
166,27,1185.78,498.72,1279.12,707.01,1,-1,-1,-1
166,29,777.83,526.10,854.24,701.35,1,-1,-1,-1
166,42,1445.22,535.76,1521.28,694.62,1,-1,-1,-1
166,50,1411.25,565.05,1467.71,698.65,1,-1,-1,-1
166,55,-36.70,531.46,51.23,755.71,1,-1,-1,-1
167,15,1650.81,516.26,1750.86,739.58,1,-1,-1,-1
167,8,473.59,530.76,548.44,701.58,1,-1,-1,-1
167,21,1722.58,495.08,1825.75,746.07,1,-1,-1,-1
167,27,1186.25,497.07,1280.34,707.16,1,-1,-1,-1
167,29,775.56,524.72,852.80,702.52,1,-1,-1,-1
167,42,1442.98,534.16,1520.52,695.55,1,-1,-1,-1
167,55,-31.52,531.45,55.36,753.90,1,-1,-1,-1
168,15,1652.88,515.61,1752.91,739.18,1,-1,-1,-1
168,8,475.30,530.35,550.02,701.30,1,-1,-1,-1
168,21,1727.17,495.71,1829.86,745.37,1,-1,-1,-1
168,27,1186.89,496.42,1280.90,706.54,1,-1,-1,-1
168,29,773.99,524.85,850.51,702.30,1,-1,-1,-1
168,42,1437.95,532.88,1517.23,696.55,1,-1,-1,-1
168,55,-25.24,532.16,60.88,753.23,1,-1,-1,-1
169,15,1656.28,511.38,1757.46,737.71,1,-1,-1,-1
169,8,475.87,529.52,550.69,701.18,1,-1,-1,-1
169,21,1728.59,493.95,1832.16,745.77,1,-1,-1,-1
169,27,1187.52,496.17,1281.28,705.63,1,-1,-1,-1
169,29,770.57,524.25,847.39,702.86,1,-1,-1,-1
169,42,1436.37,533.70,1515.09,695.61,1,-1,-1,-1
169,50,1412.64,573.64,1463.49,695.25,1,-1,-1,-1
169,55,-22.20,533.14,63.19,752.32,1,-1,-1,-1
169,64,-66.72,530.80,18.44,752.42,1,-1,-1,-1
170,15,1658.25,512.41,1759.61,739.79,1,-1,-1,-1
170,8,476.23,529.21,550.79,701.13,1,-1,-1,-1
170,21,1729.72,493.95,1833.58,745.92,1,-1,-1,-1
170,27,1187.82,496.08,1281.25,704.61,1,-1,-1,-1
170,29,768.82,525.34,844.86,703.06,1,-1,-1,-1
170,42,1435.47,533.34,1514.03,694.58,1,-1,-1,-1
170,50,1412.42,573.06,1463.82,697.06,1,-1,-1,-1
170,55,-17.75,533.54,67.03,751.99,1,-1,-1,-1
170,64,-65.41,531.84,18.78,751.14,1,-1,-1,-1
171,15,1658.76,508.85,1761.10,738.62,1,-1,-1,-1
171,8,476.58,529.08,550.59,700.44,1,-1,-1,-1
171,21,1733.98,493.95,1837.35,745.32,1,-1,-1,-1
171,27,1187.59,496.04,1280.84,704.22,1,-1,-1,-1
171,29,767.78,527.08,842.49,702.46,1,-1,-1,-1
171,42,1434.16,531.87,1513.39,694.85,1,-1,-1,-1
171,50,1412.74,574.26,1462.88,696.25,1,-1,-1,-1
171,55,-15.12,532.37,69.81,751.22,1,-1,-1,-1
171,64,-65.12,524.70,21.28,750.04,1,-1,-1,-1
172,15,1659.63,511.45,1761.44,740.14,1,-1,-1,-1
172,8,476.66,527.71,550.55,699.52,1,-1,-1,-1
172,21,1736.45,494.62,1839.05,744.43,1,-1,-1,-1
172,27,1187.81,496.68,1280.30,703.41,1,-1,-1,-1
172,29,763.83,526.42,838.72,702.22,1,-1,-1,-1
172,42,1430.01,530.65,1510.32,695.61,1,-1,-1,-1
172,50,1409.44,573.95,1459.99,696.65,1,-1,-1,-1
172,55,-9.72,533.28,74.74,750.94,1,-1,-1,-1
172,64,-64.85,522.34,22.61,750.42,1,-1,-1,-1
173,15,1660.41,515.10,1760.92,740.07,1,-1,-1,-1
173,8,477.17,528.52,550.70,699.82,1,-1,-1,-1
173,21,1737.68,496.86,1839.18,743.43,1,-1,-1,-1
173,27,1188.43,496.26,1280.81,703.11,1,-1,-1,-1
173,29,761.97,528.14,835.87,701.47,1,-1,-1,-1
173,42,1428.68,530.19,1509.01,695.24,1,-1,-1,-1
173,50,1397.06,575.38,1446.92,696.39,1,-1,-1,-1
173,55,-2.72,534.98,79.93,748.19,1,-1,-1,-1
173,64,-64.40,521.58,23.37,749.92,1,-1,-1,-1
174,15,1660.67,516.48,1761.22,740.70,1,-1,-1,-1
174,8,477.35,529.49,550.09,699.28,1,-1,-1,-1
174,21,1738.25,497.71,1839.59,743.73,1,-1,-1,-1
174,27,1188.04,494.78,1280.91,703.00,1,-1,-1,-1
174,29,758.15,528.80,831.48,700.51,1,-1,-1,-1
174,42,1427.83,530.02,1508.32,695.76,1,-1,-1,-1
174,50,1405.01,565.06,1459.11,696.82,1,-1,-1,-1
174,55,3.32,534.96,86.11,748.51,1,-1,-1,-1
174,64,-64.07,521.39,24.12,749.77,1,-1,-1,-1
175,15,1665.64,518.31,1764.91,739.61,1,-1,-1,-1
175,8,477.45,529.85,549.81,699.08,1,-1,-1,-1
175,21,1742.15,498.67,1843.19,744.51,1,-1,-1,-1
175,27,1190.31,492.24,1285.06,705.60,1,-1,-1,-1
175,29,755.63,529.03,829.13,700.82,1,-1,-1,-1
175,42,1427.34,529.96,1507.70,695.95,1,-1,-1,-1
175,50,1405.30,563.05,1459.86,696.88,1,-1,-1,-1
175,55,6.54,534.96,89.75,748.65,1,-1,-1,-1
175,64,-47.03,520.02,42.75,751.78,1,-1,-1,-1
176,15,1667.93,520.30,1765.73,737.87,1,-1,-1,-1
176,8,477.28,529.33,549.91,699.66,1,-1,-1,-1
176,21,1744.83,501.01,1844.48,743.49,1,-1,-1,-1
176,27,1191.51,491.95,1286.25,705.92,1,-1,-1,-1
176,29,753.34,527.12,827.81,700.93,1,-1,-1,-1
176,42,1427.65,529.94,1507.73,696.02,1,-1,-1,-1
176,50,1402.02,560.33,1458.24,698.88,1,-1,-1,-1
176,55,10.83,534.29,94.97,750.06,1,-1,-1,-1
176,64,-40.91,519.57,49.67,751.87,1,-1,-1,-1
177,15,1672.61,521.02,1770.04,737.88,1,-1,-1,-1
177,8,477.38,529.78,549.77,699.89,1,-1,-1,-1
177,21,1746.45,505.21,1844.83,745.10,1,-1,-1,-1
177,27,1192.63,493.16,1286.61,706.04,1,-1,-1,-1
177,29,749.40,526.39,824.64,701.64,1,-1,-1,-1
177,42,1427.11,529.94,1507.19,696.70,1,-1,-1,-1
177,50,1401.20,559.95,1457.69,699.63,1,-1,-1,-1
177,55,13.08,534.05,97.94,750.60,1,-1,-1,-1
177,64,-38.85,520.13,52.22,751.24,1,-1,-1,-1
178,15,1674.55,521.26,1771.93,737.90,1,-1,-1,-1
178,8,477.57,530.62,549.55,699.97,1,-1,-1,-1
178,21,1750.64,505.41,1849.19,747.04,1,-1,-1,-1
178,27,1193.25,493.64,1287.14,706.74,1,-1,-1,-1
178,29,748.02,527.43,822.86,701.90,1,-1,-1,-1
178,42,1427.55,530.60,1507.08,696.95,1,-1,-1,-1
178,50,1400.29,558.52,1457.44,700.58,1,-1,-1,-1
178,55,18.48,533.96,103.41,750.15,1,-1,-1,-1
178,64,-35.19,518.39,57.98,753.02,1,-1,-1,-1
179,15,1675.96,521.32,1773.10,737.25,1,-1,-1,-1
179,8,477.42,530.27,549.69,700.66,1,-1,-1,-1
179,21,1752.40,506.12,1850.46,747.10,1,-1,-1,-1
179,27,1193.51,493.83,1287.25,706.99,1,-1,-1,-1
179,29,747.64,529.82,820.94,701.34,1,-1,-1,-1
179,42,1427.17,529.54,1507.02,697.70,1,-1,-1,-1
179,50,1399.67,559.29,1456.14,699.63,1,-1,-1,-1
179,55,24.46,534.60,109.13,749.99,1,-1,-1,-1
179,64,-29.87,518.43,63.87,753.02,1,-1,-1,-1
180,15,1679.21,519.99,1777.95,739.67,1,-1,-1,-1
180,8,477.52,530.79,549.57,700.92,1,-1,-1,-1
180,21,1754.14,508.33,1851.00,746.45,1,-1,-1,-1
180,27,1193.15,493.25,1287.67,708.40,1,-1,-1,-1
180,29,747.34,532.04,820.58,703.78,1,-1,-1,-1
180,42,1427.99,530.45,1506.76,697.32,1,-1,-1,-1
180,50,1396.85,563.57,1452.89,701.23,1,-1,-1,-1
180,55,26.13,532.19,112.85,751.92,1,-1,-1,-1
180,64,-27.29,518.50,67.23,753.02,1,-1,-1,-1
181,15,1681.59,524.09,1779.10,741.23,1,-1,-1,-1
181,8,477.63,529.66,550.11,701.02,1,-1,-1,-1
181,21,1754.83,509.80,1850.98,746.19,1,-1,-1,-1
181,27,1192.89,493.03,1287.90,709.58,1,-1,-1,-1
181,29,747.02,533.52,819.50,704.03,1,-1,-1,-1
181,42,1428.31,531.47,1506.06,697.17,1,-1,-1,-1
181,50,1396.21,566.52,1451.74,701.83,1,-1,-1,-1
181,55,31.31,533.27,117.28,750.68,1,-1,-1,-1
181,64,-22.25,518.56,72.74,753.02,1,-1,-1,-1
182,15,1687.10,525.63,1783.35,741.16,1,-1,-1,-1
182,8,477.85,529.23,550.79,701.71,1,-1,-1,-1
182,21,1759.29,510.30,1854.59,745.43,1,-1,-1,-1
182,27,1195.01,498.87,1287.03,708.70,1,-1,-1,-1
182,29,744.67,534.05,816.84,704.11,1,-1,-1,-1
182,42,1428.72,532.51,1505.58,697.10,1,-1,-1,-1
182,50,1396.23,566.96,1452.16,702.71,1,-1,-1,-1
182,55,37.90,533.69,123.25,749.54,1,-1,-1,-1
182,64,-16.11,517.95,78.88,752.35,1,-1,-1,-1
183,15,1689.36,526.18,1785.22,741.79,1,-1,-1,-1
183,8,478.27,530.38,550.70,701.96,1,-1,-1,-1
183,21,1761.14,509.78,1856.27,745.14,1,-1,-1,-1
183,27,1195.71,502.45,1286.75,709.67,1,-1,-1,-1
183,29,743.07,534.89,814.73,704.13,1,-1,-1,-1
183,42,1428.59,532.90,1505.07,697.73,1,-1,-1,-1
183,50,1394.82,567.12,1451.43,703.68,1,-1,-1,-1
183,55,40.83,533.20,126.67,749.77,1,-1,-1,-1
183,64,-14.51,515.76,82.26,753.43,1,-1,-1,-1
184,15,1691.38,527.01,1786.54,742.02,1,-1,-1,-1
184,8,478.55,533.47,549.87,702.05,1,-1,-1,-1
184,21,1761.97,508.89,1857.26,745.03,1,-1,-1,-1
184,27,1195.65,503.09,1286.91,710.69,1,-1,-1,-1
184,29,741.08,535.85,812.17,704.79,1,-1,-1,-1
184,42,1428.31,533.04,1504.50,697.97,1,-1,-1,-1
184,50,1394.56,565.84,1452.55,705.36,1,-1,-1,-1
184,55,45.16,532.36,131.66,750.53,1,-1,-1,-1
184,64,-9.85,514.96,87.74,753.83,1,-1,-1,-1
185,15,1696.32,528.62,1789.95,741.43,1,-1,-1,-1
185,8,478.50,534.63,549.71,702.74,1,-1,-1,-1
185,21,1766.41,508.52,1861.29,744.99,1,-1,-1,-1
185,27,1195.62,502.64,1287.60,711.71,1,-1,-1,-1
185,29,738.27,536.18,808.79,704.36,1,-1,-1,-1
185,42,1428.45,533.74,1504.09,698.05,1,-1,-1,-1
185,50,1394.00,565.35,1452.38,705.97,1,-1,-1,-1
185,55,52.18,534.02,137.72,749.50,1,-1,-1,-1
185,64,-3.15,516.01,93.81,752.66,1,-1,-1,-1
186,15,1698.44,528.52,1792.10,741.86,1,-1,-1,-1
186,8,478.57,535.71,549.55,702.99,1,-1,-1,-1
186,21,1768.48,507.70,1863.58,745.64,1,-1,-1,-1
186,27,1195.35,502.44,1288.08,712.74,1,-1,-1,-1
186,29,736.69,537.61,806.87,705.52,1,-1,-1,-1
186,42,1428.70,537.31,1503.11,699.40,1,-1,-1,-1
186,50,1393.95,565.16,1452.45,706.19,1,-1,-1,-1
186,55,54.91,534.66,140.23,749.11,1,-1,-1,-1
186,64,2.92,516.45,100.19,752.88,1,-1,-1,-1
187,15,1699.63,527.79,1793.64,742.02,1,-1,-1,-1
187,8,479.10,536.09,550.30,703.74,1,-1,-1,-1
187,21,1773.67,509.35,1867.79,745.89,1,-1,-1,-1
187,27,1194.67,502.34,1288.14,713.77,1,-1,-1,-1
187,29,734.68,536.79,805.09,705.94,1,-1,-1,-1
187,42,1426.40,538.65,1500.53,699.90,1,-1,-1,-1
187,50,1393.35,564.42,1452.66,707.56,1,-1,-1,-1
187,55,60.04,534.91,145.33,749.64,1,-1,-1,-1
187,64,6.50,517.29,103.61,752.30,1,-1,-1,-1
188,15,1703.10,528.15,1796.95,742.73,1,-1,-1,-1
188,8,478.78,536.22,550.44,704.67,1,-1,-1,-1
188,21,1776.72,511.28,1870.10,745.98,1,-1,-1,-1
188,27,1194.99,503.60,1288.21,713.48,1,-1,-1,-1
188,29,730.51,535.80,802.04,707.41,1,-1,-1,-1
188,42,1425.28,539.78,1499.21,700.07,1,-1,-1,-1
188,50,1393.43,565.45,1451.98,706.76,1,-1,-1,-1
188,55,66.64,536.98,150.84,749.18,1,-1,-1,-1
188,64,12.82,519.62,108.84,752.08,1,-1,-1,-1
189,15,1704.62,527.60,1799.12,743.65,1,-1,-1,-1
189,8,478.72,537.56,550.43,706.34,1,-1,-1,-1
189,21,1777.60,510.66,1871.70,747.34,1,-1,-1,-1
189,27,1197.89,503.40,1292.05,715.33,1,-1,-1,-1
189,29,729.08,536.06,800.89,708.61,1,-1,-1,-1
189,42,1423.79,538.19,1499.18,701.46,1,-1,-1,-1
189,50,1392.75,564.52,1452.02,707.74,1,-1,-1,-1
189,55,69.41,537.76,153.59,749.68,1,-1,-1,-1
189,64,18.74,519.18,115.54,753.33,1,-1,-1,-1
190,15,1705.82,527.37,1801.11,744.65,1,-1,-1,-1
190,8,478.95,538.71,550.16,706.29,1,-1,-1,-1
190,21,1781.09,509.09,1876.24,749.16,1,-1,-1,-1
190,27,1198.47,501.99,1293.96,716.66,1,-1,-1,-1
190,29,727.04,536.15,798.85,709.71,1,-1,-1,-1
190,42,1422.47,536.92,1499.32,703.28,1,-1,-1,-1
190,50,1391.81,563.52,1451.55,708.09,1,-1,-1,-1
190,55,74.85,542.02,158.48,751.85,1,-1,-1,-1
190,64,21.57,522.32,118.43,755.78,1,-1,-1,-1
191,15,1709.72,528.58,1804.81,745.67,1,-1,-1,-1
191,8,478.29,537.80,550.13,706.91,1,-1,-1,-1
191,21,1782.21,509.13,1877.97,750.50,1,-1,-1,-1
191,27,1198.68,500.78,1295.30,717.80,1,-1,-1,-1
191,29,722.86,535.51,795.05,710.10,1,-1,-1,-1
191,42,1421.57,535.76,1499.17,703.95,1,-1,-1,-1
191,50,1388.29,561.17,1449.45,708.86,1,-1,-1,-1
191,55,82.06,546.26,164.10,751.35,1,-1,-1,-1
191,64,26.21,523.52,123.51,757.36,1,-1,-1,-1
192,15,1711.20,528.37,1806.69,746.05,1,-1,-1,-1
192,8,479.73,538.75,551.07,706.47,1,-1,-1,-1
192,21,1783.73,513.09,1878.66,751.65,1,-1,-1,-1
192,27,1198.36,498.34,1296.81,719.51,1,-1,-1,-1
192,29,721.03,535.26,792.70,708.92,1,-1,-1,-1
192,42,1420.50,535.96,1498.59,705.50,1,-1,-1,-1
192,50,1386.94,561.59,1448.15,709.14,1,-1,-1,-1
192,55,84.39,546.48,167.51,753.16,1,-1,-1,-1
192,64,28.54,525.28,125.82,757.28,1,-1,-1,-1
193,15,1713.50,532.88,1807.45,746.83,1,-1,-1,-1
193,8,480.12,538.43,551.58,706.28,1,-1,-1,-1
193,21,1788.43,515.24,1882.54,751.41,1,-1,-1,-1
193,27,1199.13,498.07,1297.75,719.49,1,-1,-1,-1
193,29,719.65,535.81,790.70,708.44,1,-1,-1,-1
193,42,1419.94,536.04,1498.58,706.72,1,-1,-1,-1
193,50,1386.05,561.11,1448.21,710.54,1,-1,-1,-1
193,55,89.21,545.86,173.13,753.82,1,-1,-1,-1
193,64,32.52,525.93,130.51,757.90,1,-1,-1,-1
194,15,1718.01,534.58,1811.20,747.77,1,-1,-1,-1
194,8,480.13,538.30,551.89,706.86,1,-1,-1,-1
194,21,1790.89,517.35,1883.78,749.97,1,-1,-1,-1
194,27,1199.23,498.62,1297.59,719.44,1,-1,-1,-1
194,29,715.92,535.35,787.39,708.91,1,-1,-1,-1
194,42,1419.38,536.06,1498.32,707.16,1,-1,-1,-1
194,50,1385.62,560.28,1448.45,711.05,1,-1,-1,-1
194,55,90.73,545.59,175.85,755.38,1,-1,-1,-1
194,64,34.20,527.48,132.42,757.45,1,-1,-1,-1
195,15,1721.13,536.51,1812.97,747.44,1,-1,-1,-1
195,8,480.25,538.23,551.89,706.41,1,-1,-1,-1
195,21,1796.51,518.11,1888.66,749.41,1,-1,-1,-1
195,27,1199.63,498.84,1297.77,719.39,1,-1,-1,-1
195,29,714.04,535.83,785.45,709.08,1,-1,-1,-1
195,42,1416.70,536.72,1495.48,706.64,1,-1,-1,-1
195,50,1385.44,559.98,1448.05,710.57,1,-1,-1,-1
195,55,95.50,544.79,181.59,756.61,1,-1,-1,-1
195,64,38.64,528.70,137.60,757.93,1,-1,-1,-1
196,15,1722.07,536.53,1813.66,747.30,1,-1,-1,-1
196,8,479.87,537.53,551.63,706.22,1,-1,-1,-1
196,21,1798.45,515.70,1890.45,747.20,1,-1,-1,-1
196,27,1199.38,498.93,1297.53,720.01,1,-1,-1,-1
196,29,712.44,536.01,783.82,709.79,1,-1,-1,-1
196,42,1415.46,536.97,1494.02,705.76,1,-1,-1,-1
196,50,1385.06,561.19,1447.03,710.36,1,-1,-1,-1
196,55,101.57,543.15,188.38,757.06,1,-1,-1,-1
196,64,41.16,529.80,140.38,757.43,1,-1,-1,-1
197,15,1726.29,536.50,1817.17,746.56,1,-1,-1,-1
197,8,479.74,537.25,551.51,706.14,1,-1,-1,-1
197,21,1804.29,514.76,1895.09,745.04,1,-1,-1,-1
197,27,1199.95,499.62,1297.39,719.56,1,-1,-1,-1
197,29,708.51,535.41,780.11,709.38,1,-1,-1,-1
197,42,1415.59,537.71,1493.59,704.74,1,-1,-1,-1
197,50,1385.73,562.32,1446.61,708.94,1,-1,-1,-1
197,55,103.36,540.54,191.80,758.52,1,-1,-1,-1
197,64,45.46,528.86,146.36,758.56,1,-1,-1,-1
198,15,1728.66,537.78,1818.18,744.95,1,-1,-1,-1
198,8,479.55,537.80,550.94,706.11,1,-1,-1,-1
198,21,1807.55,515.72,1896.87,743.57,1,-1,-1,-1
198,27,1200.46,499.88,1297.00,718.04,1,-1,-1,-1
198,29,706.17,534.51,778.40,709.88,1,-1,-1,-1
198,42,1414.97,537.32,1493.52,705.00,1,-1,-1,-1
198,50,1386.24,563.42,1445.66,706.40,1,-1,-1,-1
198,55,109.75,543.46,195.58,755.13,1,-1,-1,-1
198,64,50.59,527.16,153.39,759.63,1,-1,-1,-1
199,15,1728.82,533.56,1819.74,743.66,1,-1,-1,-1
199,8,479.89,538.00,550.96,706.09,1,-1,-1,-1
199,21,1812.79,515.39,1900.62,742.37,1,-1,-1,-1
199,27,1200.29,498.66,1297.18,718.11,1,-1,-1,-1
199,29,704.48,533.51,777.43,710.71,1,-1,-1,-1
199,42,1414.61,536.51,1493.68,704.43,1,-1,-1,-1
199,50,1382.85,562.50,1442.98,706.77,1,-1,-1,-1
199,55,115.68,538.60,201.77,751.79,1,-1,-1,-1
199,64,53.10,527.82,155.83,758.05,1,-1,-1,-1
200,15,1728.80,531.97,1820.26,742.53,1,-1,-1,-1
200,8,479.69,537.41,550.63,705.41,1,-1,-1,-1
200,21,1816.30,515.26,1902.23,739.94,1,-1,-1,-1
200,27,1199.92,497.54,1297.51,718.79,1,-1,-1,-1
200,29,701.32,533.14,774.49,710.36,1,-1,-1,-1
200,42,1413.88,536.20,1493.73,704.87,1,-1,-1,-1
200,50,1380.96,562.82,1441.39,706.91,1,-1,-1,-1
200,55,117.79,536.14,204.53,751.21,1,-1,-1,-1
200,64,57.95,526.07,161.77,758.09,1,-1,-1,-1
201,15,1728.76,530.70,1820.96,742.10,1,-1,-1,-1
201,8,479.48,537.84,549.98,705.15,1,-1,-1,-1
201,21,1821.43,514.52,1906.09,739.73,1,-1,-1,-1
201,27,1199.55,497.12,1297.19,718.38,1,-1,-1,-1
201,29,699.60,533.00,772.75,710.22,1,-1,-1,-1
201,42,1413.37,536.08,1493.37,704.37,1,-1,-1,-1
201,50,1380.73,559.63,1440.42,702.33,1,-1,-1,-1
201,55,123.82,536.54,209.22,749.03,1,-1,-1,-1
201,64,64.60,526.06,168.10,757.44,1,-1,-1,-1
202,15,1732.22,530.88,1824.22,741.29,1,-1,-1,-1
202,8,479.31,537.33,549.82,705.05,1,-1,-1,-1
202,21,1823.59,510.92,1907.72,737.68,1,-1,-1,-1
202,27,1199.01,497.63,1296.78,718.87,1,-1,-1,-1
202,29,698.71,534.27,771.19,710.15,1,-1,-1,-1
202,42,1412.21,534.05,1493.60,704.83,1,-1,-1,-1
202,50,1380.45,558.43,1439.70,700.60,1,-1,-1,-1
202,55,125.94,536.05,211.46,749.53,1,-1,-1,-1
202,64,75.87,525.39,179.26,757.84,1,-1,-1,-1
203,15,1733.79,530.95,1825.69,740.33,1,-1,-1,-1
203,8,479.14,537.80,549.22,705.02,1,-1,-1,-1
203,21,1825.17,510.23,1908.00,736.28,1,-1,-1,-1
203,27,1198.38,496.51,1297.02,719.70,1,-1,-1,-1
203,29,695.09,534.76,767.45,710.12,1,-1,-1,-1
203,42,1411.83,533.29,1493.67,705.00,1,-1,-1,-1
203,50,1379.10,556.00,1439.44,701.31,1,-1,-1,-1
203,55,131.45,537.20,215.85,748.41,1,-1,-1,-1
203,64,80.70,525.14,183.86,757.33,1,-1,-1,-1
204,15,1735.00,531.64,1826.80,739.98,1,-1,-1,-1
204,8,478.79,537.31,549.27,705.66,1,-1,-1,-1
204,21,1825.22,508.65,1907.74,736.45,1,-1,-1,-1
204,27,1198.64,496.75,1297.26,720.01,1,-1,-1,-1
204,29,692.83,533.62,765.13,709.44,1,-1,-1,-1
204,42,1407.87,533.00,1490.98,706.37,1,-1,-1,-1
204,50,1378.91,555.77,1439.11,701.59,1,-1,-1,-1
204,55,138.99,539.64,221.66,747.34,1,-1,-1,-1
204,64,87.13,521.74,189.83,754.49,1,-1,-1,-1
205,15,1735.57,531.90,1827.61,739.87,1,-1,-1,-1
205,8,478.80,537.78,549.16,705.91,1,-1,-1,-1
205,21,1825.97,508.73,1907.38,735.88,1,-1,-1,-1
205,27,1198.70,495.53,1297.38,720.11,1,-1,-1,-1
205,29,691.28,533.84,763.14,709.83,1,-1,-1,-1
205,42,1409.74,532.25,1493.20,706.23,1,-1,-1,-1
205,50,1379.09,556.37,1438.83,701.71,1,-1,-1,-1
205,55,142.15,544.57,223.81,748.95,1,-1,-1,-1
205,64,95.30,525.74,195.85,754.74,1,-1,-1,-1
206,15,1739.39,531.99,1831.47,739.84,1,-1,-1,-1
206,8,478.42,537.30,548.85,706.00,1,-1,-1,-1
206,21,1827.55,512.75,1907.07,737.02,1,-1,-1,-1
206,27,1199.60,496.39,1297.20,719.48,1,-1,-1,-1
206,29,687.98,533.27,760.00,709.98,1,-1,-1,-1
206,42,1406.49,531.97,1490.85,706.82,1,-1,-1,-1
206,50,1379.65,561.24,1438.32,703.76,1,-1,-1,-1
206,55,147.92,543.06,229.00,746.23,1,-1,-1,-1
206,64,100.71,524.62,202.67,757.51,1,-1,-1,-1
207,15,1740.67,531.36,1833.60,740.50,1,-1,-1,-1
207,8,478.60,537.11,549.07,706.03,1,-1,-1,-1
207,21,1831.35,511.62,1910.88,740.15,1,-1,-1,-1
207,27,1199.55,496.07,1296.84,719.23,1,-1,-1,-1
207,29,686.40,533.72,758.00,710.03,1,-1,-1,-1
207,42,1408.68,528.60,1493.80,704.41,1,-1,-1,-1
207,50,1376.22,559.12,1435.20,701.89,1,-1,-1,-1
207,55,154.07,541.81,235.24,745.90,1,-1,-1,-1
207,64,103.23,524.85,205.68,758.53,1,-1,-1,-1
208,15,1741.66,531.12,1835.07,740.76,1,-1,-1,-1
208,8,478.53,537.04,548.65,705.38,1,-1,-1,-1
208,21,1833.69,512.52,1911.90,740.66,1,-1,-1,-1
208,27,1200.00,495.30,1296.89,718.47,1,-1,-1,-1
208,29,684.90,533.89,756.34,710.71,1,-1,-1,-1
208,42,1409.10,526.67,1495.39,704.14,1,-1,-1,-1
208,50,1374.28,557.00,1434.10,701.86,1,-1,-1,-1
208,55,160.79,541.34,242.10,746.46,1,-1,-1,-1
208,64,108.36,524.29,210.79,758.26,1,-1,-1,-1
209,15,1742.02,531.69,1835.49,740.87,1,-1,-1,-1
209,8,479.21,537.01,549.10,704.47,1,-1,-1,-1
209,21,1835.90,512.59,1914.06,740.58,1,-1,-1,-1
209,27,1200.02,495.01,1296.39,717.52,1,-1,-1,-1
209,29,684.30,535.28,754.60,710.30,1,-1,-1,-1
209,42,1409.97,526.62,1495.97,702.73,1,-1,-1,-1
209,50,1373.95,556.87,1433.37,700.55,1,-1,-1,-1
209,55,163.35,541.81,244.28,745.36,1,-1,-1,-1
209,64,111.23,526.05,212.71,756.83,1,-1,-1,-1
210,15,1742.04,531.91,1835.62,740.25,1,-1,-1,-1
210,8,480.60,537.00,550.14,703.46,1,-1,-1,-1
210,27,1200.46,494.26,1296.41,716.49,1,-1,-1,-1
210,29,680.66,533.81,750.92,708.81,1,-1,-1,-1
210,42,1409.95,525.31,1496.57,702.19,1,-1,-1,-1
210,50,1373.62,556.18,1433.40,700.72,1,-1,-1,-1
210,55,168.42,539.99,250.56,746.29,1,-1,-1,-1
210,64,116.24,526.72,217.69,756.28,1,-1,-1,-1
211,15,1745.99,532.65,1838.88,739.36,1,-1,-1,-1
211,8,481.10,537.00,550.55,703.09,1,-1,-1,-1
211,27,1200.82,494.64,1296.22,716.11,1,-1,-1,-1
211,29,679.32,533.92,749.00,707.59,1,-1,-1,-1
211,42,1414.54,524.84,1500.76,701.33,1,-1,-1,-1
211,50,1373.65,555.93,1433.33,700.13,1,-1,-1,-1
211,55,174.62,538.65,257.51,746.65,1,-1,-1,-1
211,64,123.39,528.30,223.87,755.41,1,-1,-1,-1
212,15,1747.07,530.94,1841.05,739.70,1,-1,-1,-1
212,8,481.67,537.00,550.98,702.29,1,-1,-1,-1
212,27,1199.78,490.17,1296.65,715.97,1,-1,-1,-1
212,29,678.32,534.63,746.98,705.81,1,-1,-1,-1
212,42,1417.14,524.70,1502.82,700.36,1,-1,-1,-1
212,50,1374.07,555.19,1433.64,699.27,1,-1,-1,-1
212,55,176.54,536.83,260.87,746.80,1,-1,-1,-1
212,64,130.27,527.55,230.89,754.42,1,-1,-1,-1
213,15,1747.25,529.64,1841.97,739.83,1,-1,-1,-1
213,8,482.44,537.00,551.23,700.68,1,-1,-1,-1
213,27,1199.50,488.50,1296.70,715.93,1,-1,-1,-1
213,29,316.05,526.24,401.16,735.77,1,-1,-1,-1
213,42,1418.44,524.01,1503.92,699.34,1,-1,-1,-1
213,50,1374.11,555.59,1433.28,698.95,1,-1,-1,-1
213,55,181.22,536.44,265.63,746.61,1,-1,-1,-1
213,64,135.71,527.77,236.13,754.18,1,-1,-1,-1
214,15,1748.17,528.49,1843.32,739.23,1,-1,-1,-1
214,8,481.58,533.67,551.79,700.75,1,-1,-1,-1
214,27,1199.37,487.24,1296.73,715.92,1,-1,-1,-1
214,29,273.16,525.34,359.88,738.84,1,-1,-1,-1
214,42,1422.33,521.13,1508.81,698.97,1,-1,-1,-1
214,50,1374.42,555.75,1432.91,697.53,1,-1,-1,-1
214,64,138.09,522.52,240.11,752.42,1,-1,-1,-1
215,15,1751.20,524.10,1847.62,737.69,1,-1,-1,-1
215,8,483.74,531.79,554.77,701.44,1,-1,-1,-1
215,27,1199.42,486.79,1296.64,715.92,1,-1,-1,-1
215,42,1424.34,519.42,1511.36,698.84,1,-1,-1,-1
215,50,1374.45,555.83,1432.91,697.67,1,-1,-1,-1
215,55,196.08,538.48,279.14,745.19,1,-1,-1,-1
215,64,144.85,523.40,245.31,749.98,1,-1,-1,-1
216,15,1753.45,523.78,1849.34,735.80,1,-1,-1,-1
216,8,485.17,531.08,556.60,702.38,1,-1,-1,-1
216,27,1199.53,486.65,1296.51,715.93,1,-1,-1,-1
216,42,1428.85,518.14,1515.74,698.81,1,-1,-1,-1
216,50,1374.40,551.23,1433.67,695.75,1,-1,-1,-1
216,55,201.31,538.36,284.29,744.90,1,-1,-1,-1
216,64,151.68,522.39,251.84,749.12,1,-1,-1,-1
216,77,672.03,534.24,742.17,704.78,1,-1,-1,-1
217,15,1755.33,524.34,1850.14,733.78,1,-1,-1,-1
217,8,485.89,530.84,557.08,702.08,1,-1,-1,-1
217,27,1199.32,485.31,1296.71,715.93,1,-1,-1,-1
217,42,1431.92,519.01,1517.27,697.50,1,-1,-1,-1
217,50,1375.16,550.83,1433.22,693.08,1,-1,-1,-1
217,64,159.24,522.68,258.15,747.49,1,-1,-1,-1
217,77,671.63,534.78,741.54,705.03,1,-1,-1,-1
218,15,1759.81,525.25,1853.16,732.37,1,-1,-1,-1
218,8,487.03,530.10,558.33,701.98,1,-1,-1,-1
218,27,1199.39,485.49,1296.64,716.60,1,-1,-1,-1
218,42,1433.07,519.38,1517.75,697.02,1,-1,-1,-1
218,50,1375.42,550.05,1433.12,692.08,1,-1,-1,-1
218,64,166.99,522.15,265.15,746.25,1,-1,-1,-1
218,77,671.32,534.97,740.81,704.35,1,-1,-1,-1
219,15,1761.71,524.95,1854.60,731.21,1,-1,-1,-1
219,8,487.10,529.85,558.46,701.94,1,-1,-1,-1
219,27,1202.51,484.27,1300.10,718.17,1,-1,-1,-1
219,42,1433.94,518.89,1518.70,696.85,1,-1,-1,-1
219,50,1376.54,550.44,1432.74,689.75,1,-1,-1,-1
219,64,174.44,521.95,272.09,745.81,1,-1,-1,-1
219,77,671.06,535.74,740.03,704.11,1,-1,-1,-1
220,15,1763.29,525.51,1855.45,730.14,1,-1,-1,-1
220,8,487.89,529.77,559.02,701.28,1,-1,-1,-1
220,27,1201.08,484.49,1298.11,717.45,1,-1,-1,-1
220,42,1437.36,518.07,1522.45,697.46,1,-1,-1,-1
220,50,1376.52,549.29,1433.07,690.25,1,-1,-1,-1
220,64,182.16,523.22,278.61,744.35,1,-1,-1,-1
220,77,670.89,535.30,739.88,704.02,1,-1,-1,-1
221,15,1763.92,526.40,1855.57,729.77,1,-1,-1,-1
221,8,488.68,530.42,559.35,700.37,1,-1,-1,-1
221,27,1200.45,483.94,1297.39,717.17,1,-1,-1,-1
221,42,1438.70,517.13,1523.71,697.05,1,-1,-1,-1
221,50,1379.84,550.86,1434.51,688.48,1,-1,-1,-1
221,64,185.09,523.70,281.21,743.83,1,-1,-1,-1
221,77,667.13,534.44,736.68,704.68,1,-1,-1,-1
222,15,1768.54,528.08,1859.07,728.99,1,-1,-1,-1
222,8,491.38,530.02,561.67,699.37,1,-1,-1,-1
222,27,1200.15,483.10,1297.18,717.07,1,-1,-1,-1
222,29,623.99,532.17,695.53,709.21,1,-1,-1,-1
222,42,1439.18,516.14,1524.74,696.91,1,-1,-1,-1
222,50,1377.98,549.49,1433.52,689.85,1,-1,-1,-1
222,64,189.88,523.23,286.67,743.67,1,-1,-1,-1
222,77,666.19,534.40,735.79,704.76,1,-1,-1,-1
223,15,1771.25,529.38,1860.60,727.41,1,-1,-1,-1
223,8,492.28,529.23,562.60,699.01,1,-1,-1,-1
223,27,1203.23,482.15,1300.49,718.34,1,-1,-1,-1
223,29,655.58,532.05,725.79,706.61,1,-1,-1,-1
223,42,1439.78,516.45,1525.25,696.86,1,-1,-1,-1
223,50,1377.25,548.34,1433.20,690.37,1,-1,-1,-1
223,64,191.50,524.37,288.47,742.98,1,-1,-1,-1
224,15,1772.26,529.19,1861.67,727.51,1,-1,-1,-1
224,8,493.08,528.28,563.76,698.89,1,-1,-1,-1
224,27,1201.06,481.16,1297.85,716.85,1,-1,-1,-1
224,29,662.92,529.27,733.19,704.58,1,-1,-1,-1
224,42,1440.90,517.26,1525.76,695.54,1,-1,-1,-1
224,50,1376.66,547.92,1432.74,690.60,1,-1,-1,-1
224,64,196.17,524.81,293.93,742.75,1,-1,-1,-1
225,15,1776.28,529.12,1865.59,727.58,1,-1,-1,-1
225,8,493.51,527.28,564.66,698.85,1,-1,-1,-1
225,27,1204.39,482.12,1299.90,716.28,1,-1,-1,-1
225,29,662.77,531.00,732.76,705.23,1,-1,-1,-1
225,42,1444.40,516.26,1529.38,695.05,1,-1,-1,-1
225,50,1375.88,547.12,1432.48,691.36,1,-1,-1,-1
225,64,198.37,525.63,296.45,741.36,1,-1,-1,-1
226,15,1778.99,529.75,1867.04,726.31,1,-1,-1,-1
226,8,494.52,527.57,565.41,698.19,1,-1,-1,-1
226,27,1205.21,481.20,1300.45,716.06,1,-1,-1,-1
226,29,661.46,528.95,731.89,704.16,1,-1,-1,-1
226,42,1446.50,515.25,1531.83,694.88,1,-1,-1,-1
226,50,1376.10,546.84,1432.53,691.01,1,-1,-1,-1
226,64,203.28,527.27,301.56,740.87,1,-1,-1,-1
227,15,1780.30,529.98,1867.78,725.86,1,-1,-1,-1
227,8,495.61,528.37,566.25,697.95,1,-1,-1,-1
227,27,1205.56,480.87,1300.59,715.99,1,-1,-1,-1
227,29,661.08,528.87,731.02,703.13,1,-1,-1,-1
227,42,1447.15,514.88,1532.77,694.83,1,-1,-1,-1
227,50,1376.72,547.42,1432.69,690.89,1,-1,-1,-1
227,64,209.39,527.87,308.12,740.05,1,-1,-1,-1
228,15,1785.21,531.39,1870.79,723.72,1,-1,-1,-1
228,8,498.81,528.69,569.01,697.21,1,-1,-1,-1
228,27,1206.60,482.08,1300.37,714.64,1,-1,-1,-1
228,29,660.43,529.53,729.46,702.11,1,-1,-1,-1
228,42,1447.85,515.43,1533.21,694.17,1,-1,-1,-1
228,50,1376.42,547.00,1432.64,691.52,1,-1,-1,-1
228,64,215.89,524.09,315.96,738.44,1,-1,-1,-1
229,15,1787.74,531.91,1872.40,722.28,1,-1,-1,-1
229,8,501.14,528.82,570.84,696.28,1,-1,-1,-1
229,27,1207.65,483.23,1300.26,713.47,1,-1,-1,-1
229,29,659.51,529.78,727.88,701.09,1,-1,-1,-1
229,42,1452.38,516.98,1536.25,692.61,1,-1,-1,-1
229,50,1376.67,548.17,1432.26,691.11,1,-1,-1,-1
229,64,222.10,522.67,322.68,737.86,1,-1,-1,-1
230,15,1789.94,534.76,1871.57,718.45,1,-1,-1,-1
230,8,502.03,528.21,572.09,696.61,1,-1,-1,-1
230,27,1207.86,482.35,1300.37,713.05,1,-1,-1,-1
230,29,659.18,529.89,727.03,700.75,1,-1,-1,-1
230,42,1453.95,516.92,1538.08,692.70,1,-1,-1,-1
230,50,1376.90,548.63,1432.00,690.30,1,-1,-1,-1
230,64,229.61,525.45,329.56,739.00,1,-1,-1,-1
231,15,1790.74,537.16,1870.38,716.38,1,-1,-1,-1
231,8,501.95,527.99,572.23,696.75,1,-1,-1,-1
231,27,1207.94,479.38,1301.05,712.24,1,-1,-1,-1
231,29,656.27,529.93,723.96,699.98,1,-1,-1,-1
231,42,1454.34,516.24,1539.50,693.41,1,-1,-1,-1
231,50,1376.98,548.82,1431.91,690.00,1,-1,-1,-1
231,64,233.34,525.18,332.15,736.15,1,-1,-1,-1
232,15,1792.42,540.03,1869.08,712.98,1,-1,-1,-1
232,8,502.38,528.58,572.39,696.16,1,-1,-1,-1
232,27,1208.31,478.27,1301.59,711.94,1,-1,-1,-1
232,29,654.27,529.95,722.21,700.40,1,-1,-1,-1
232,42,1458.33,514.67,1543.33,691.72,1,-1,-1,-1
232,50,1377.50,549.55,1432.06,689.90,1,-1,-1,-1
232,64,239.11,524.41,337.61,735.10,1,-1,-1,-1
233,15,1794.58,541.13,1870.04,711.36,1,-1,-1,-1
233,8,503.21,528.81,573.02,695.28,1,-1,-1,-1
233,27,1208.64,477.22,1302.24,711.85,1,-1,-1,-1
233,29,653.93,529.29,721.70,699.25,1,-1,-1,-1
233,42,1461.16,514.75,1545.32,689.76,1,-1,-1,-1
233,50,1655.60,545.86,1716.84,702.48,1,-1,-1,-1
233,64,244.72,521.47,345.09,736.73,1,-1,-1,-1
234,8,502.92,528.90,573.12,695.63,1,-1,-1,-1
234,27,1208.80,477.50,1302.43,711.83,1,-1,-1,-1
234,29,652.31,529.05,720.26,699.51,1,-1,-1,-1
234,42,1466.00,514.80,1549.44,689.05,1,-1,-1,-1
234,50,1757.07,546.42,1819.52,705.78,1,-1,-1,-1
234,64,251.38,519.72,352.19,737.37,1,-1,-1,-1
235,8,502.87,528.28,573.70,695.77,1,-1,-1,-1
235,21,1453.15,556.82,1501.67,689.21,1,-1,-1,-1
235,27,1212.01,477.63,1305.25,711.83,1,-1,-1,-1
235,29,650.89,528.30,719.13,699.64,1,-1,-1,-1
235,42,1469.13,518.15,1550.84,689.46,1,-1,-1,-1
235,50,1797.40,549.25,1857.85,703.83,1,-1,-1,-1
235,64,259.12,519.72,359.12,736.97,1,-1,-1,-1
236,8,505.78,526.73,577.54,696.50,1,-1,-1,-1
236,21,1447.21,554.78,1498.12,688.68,1,-1,-1,-1
236,27,1213.75,477.05,1307.08,711.85,1,-1,-1,-1
236,29,647.48,527.37,716.23,699.71,1,-1,-1,-1
236,42,1471.13,520.75,1551.68,689.65,1,-1,-1,-1
236,50,1809.10,552.37,1867.06,701.01,1,-1,-1,-1
236,64,266.22,519.75,365.07,735.52,1,-1,-1,-1
236,84,1377.20,547.21,1432.67,691.79,1,-1,-1,-1
237,15,1815.13,528.32,1896.24,715.21,1,-1,-1,-1
237,8,506.85,526.15,578.95,696.78,1,-1,-1,-1
237,21,1444.40,555.29,1496.11,687.67,1,-1,-1,-1
237,27,1211.06,477.50,1304.47,711.20,1,-1,-1,-1
237,29,646.16,527.02,715.15,699.75,1,-1,-1,-1
237,42,1472.20,523.05,1551.50,689.07,1,-1,-1,-1
237,50,1812.15,553.55,1869.17,699.89,1,-1,-1,-1
237,64,269.23,519.77,367.85,735.65,1,-1,-1,-1
237,84,1377.06,547.69,1432.55,692.07,1,-1,-1,-1
238,15,1817.68,527.24,1898.31,716.19,1,-1,-1,-1
238,8,508.00,526.60,579.98,696.89,1,-1,-1,-1
238,21,1444.33,554.67,1497.05,686.72,1,-1,-1,-1
238,27,1209.84,481.00,1302.96,712.29,1,-1,-1,-1
238,29,645.58,528.23,714.15,699.12,1,-1,-1,-1
238,42,1475.88,522.55,1555.33,689.54,1,-1,-1,-1
238,50,1811.78,553.31,1869.05,700.13,1,-1,-1,-1
238,64,274.26,520.46,372.50,735.06,1,-1,-1,-1
238,84,1380.54,547.87,1435.70,691.40,1,-1,-1,-1
239,15,1819.45,526.20,1900.05,717.88,1,-1,-1,-1
239,8,509.01,527.44,580.37,696.28,1,-1,-1,-1
239,21,1444.19,552.98,1498.75,687.19,1,-1,-1,-1
239,27,1211.60,477.69,1306.79,713.38,1,-1,-1,-1
239,29,645.39,528.69,713.76,698.90,1,-1,-1,-1
239,42,1478.18,523.01,1557.00,689.07,1,-1,-1,-1
239,50,1810.28,553.21,1868.31,701.52,1,-1,-1,-1
239,64,276.48,520.73,374.82,734.19,1,-1,-1,-1
239,84,1381.10,547.23,1436.70,691.86,1,-1,-1,-1
240,15,1823.37,523.87,1904.43,720.49,1,-1,-1,-1
240,8,509.73,528.43,580.76,696.71,1,-1,-1,-1
240,21,1443.80,550.98,1500.42,688.10,1,-1,-1,-1
240,27,1212.70,475.81,1309.05,713.78,1,-1,-1,-1
240,29,645.24,530.20,713.03,698.83,1,-1,-1,-1
240,42,1479.28,523.16,1557.88,688.90,1,-1,-1,-1
240,50,1811.65,552.50,1870.03,702.69,1,-1,-1,-1
240,64,280.94,520.84,380.26,735.21,1,-1,-1,-1
240,84,1382.01,548.40,1436.98,691.32,1,-1,-1,-1
241,15,1825.90,524.30,1905.54,720.84,1,-1,-1,-1
241,8,513.34,527.48,584.77,696.88,1,-1,-1,-1
241,21,1441.77,544.82,1502.11,689.15,1,-1,-1,-1
241,27,1213.65,475.76,1310.01,713.28,1,-1,-1,-1
241,29,644.95,530.10,713.01,699.49,1,-1,-1,-1
241,42,1483.03,521.21,1562.68,690.18,1,-1,-1,-1
241,50,1811.38,552.22,1869.68,703.11,1,-1,-1,-1
241,64,283.16,521.55,382.71,735.61,1,-1,-1,-1
241,84,1382.00,548.14,1437.36,691.81,1,-1,-1,-1
242,15,1827.70,527.78,1905.54,722.94,1,-1,-1,-1
242,8,515.06,527.13,586.50,696.94,1,-1,-1,-1
242,21,1441.12,542.57,1502.96,688.90,1,-1,-1,-1
242,27,1213.71,475.10,1310.62,713.75,1,-1,-1,-1
242,29,644.86,530.06,713.00,699.75,1,-1,-1,-1
242,42,1484.63,520.47,1564.79,691.33,1,-1,-1,-1
242,50,1810.99,552.77,1868.72,702.59,1,-1,-1,-1
242,64,288.05,521.83,387.78,735.78,1,-1,-1,-1
242,84,1381.82,548.05,1437.62,692.66,1,-1,-1,-1
243,15,1830.39,527.46,1908.46,723.22,1,-1,-1,-1
243,8,516.74,527.00,588.00,696.97,1,-1,-1,-1
243,21,1441.06,542.42,1503.54,688.82,1,-1,-1,-1
243,27,1214.77,479.48,1310.43,713.93,1,-1,-1,-1
243,29,644.72,530.04,713.11,700.51,1,-1,-1,-1
243,42,1486.09,520.84,1565.89,691.11,1,-1,-1,-1
243,50,1810.40,552.31,1868.46,703.02,1,-1,-1,-1
243,64,294.61,521.27,394.52,735.85,1,-1,-1,-1
243,84,1381.48,547.34,1437.95,693.64,1,-1,-1,-1
244,8,517.46,528.27,587.72,696.32,1,-1,-1,-1
244,21,1441.19,542.42,1503.97,688.15,1,-1,-1,-1
244,27,1214.24,477.18,1311.24,713.99,1,-1,-1,-1
244,29,644.03,530.04,712.49,700.81,1,-1,-1,-1
244,42,1489.66,519.66,1569.72,691.69,1,-1,-1,-1
244,50,1809.97,552.79,1868.02,703.17,1,-1,-1,-1
244,64,301.01,519.74,401.36,735.88,1,-1,-1,-1
244,84,1380.84,546.41,1437.88,694.00,1,-1,-1,-1
245,8,520.52,528.10,590.68,696.74,1,-1,-1,-1
245,21,1440.86,541.80,1504.14,687.91,1,-1,-1,-1
245,27,1213.48,475.01,1312.06,714.67,1,-1,-1,-1
245,29,643.51,530.03,711.86,700.92,1,-1,-1,-1
245,42,1491.91,519.87,1571.42,691.25,1,-1,-1,-1
245,50,1809.34,552.97,1867.72,703.21,1,-1,-1,-1
245,64,307.74,518.51,407.82,735.24,1,-1,-1,-1
245,84,1380.69,546.73,1437.74,694.12,1,-1,-1,-1
245,88,1638.61,598.22,1669.42,655.78,1,-1,-1,-1
