3,16,707.94,247.73,819.83,556.24,1,-1,-1,-1
3,17,262.76,108.88,469.24,651.12,1,-1,-1,-1
3,18,664.65,357.62,734.33,546.20,1,-1,-1,-1
3,19,575.34,359.08,653.67,553.28,1,-1,-1,-1
4,16,708.96,248.64,819.83,554.50,1,-1,-1,-1
4,17,254.90,103.35,465.83,656.65,1,-1,-1,-1
4,18,661.35,363.59,729.12,546.70,1,-1,-1,-1
4,19,570.10,358.47,649.08,553.93,1,-1,-1,-1
5,16,709.39,248.81,819.95,553.81,1,-1,-1,-1
5,17,253.38,104.53,463.82,655.47,1,-1,-1,-1
5,18,660.34,366.49,726.98,546.55,1,-1,-1,-1
5,19,562.82,357.49,643.07,555.58,1,-1,-1,-1
6,17,244.85,97.25,461.48,662.75,1,-1,-1,-1
6,19,560.44,357.85,640.53,554.69,1,-1,-1,-1
7,17,240.53,94.31,459.42,665.69,1,-1,-1,-1
7,19,559.88,359.38,639.76,555.04,1,-1,-1,-1
7,32,714.57,381.82,770.23,534.98,1,-1,-1,-1
7,21,659.37,368.03,727.63,547.00,1,-1,-1,-1
7,27,714.07,248.20,824.27,553.56,1,-1,-1,-1
8,19,559.74,359.92,639.73,555.14,1,-1,-1,-1
8,32,714.64,382.89,769.66,534.19,1,-1,-1,-1
8,21,658.43,368.09,727.04,547.77,1,-1,-1,-1
8,27,715.13,247.17,826.15,554.81,1,-1,-1,-1
8,29,1284.56,275.86,1379.64,530.62,1,-1,-1,-1
9,19,559.98,360.10,640.37,555.84,1,-1,-1,-1
9,32,714.94,383.71,769.51,533.79,1,-1,-1,-1
9,21,658.56,368.83,727.16,548.01,1,-1,-1,-1
9,27,715.46,247.59,826.56,555.18,1,-1,-1,-1
9,29,1284.15,273.58,1380.51,530.97,1,-1,-1,-1
9,8,242.92,92.22,474.33,668.76,1,-1,-1,-1
10,19,559.76,360.15,640.43,556.76,1,-1,-1,-1
10,32,713.97,381.49,770.11,535.64,1,-1,-1,-1
10,21,658.05,367.63,727.78,549.51,1,-1,-1,-1
10,27,715.40,248.49,826.68,555.97,1,-1,-1,-1
10,29,1283.80,272.47,1380.69,531.26,1,-1,-1,-1
10,8,237.84,93.54,468.50,668.17,1,-1,-1,-1
11,19,555.36,361.49,635.53,556.41,1,-1,-1,-1
11,32,713.99,381.62,770.13,535.75,1,-1,-1,-1
11,21,657.15,367.20,727.34,550.02,1,-1,-1,-1
11,27,711.81,253.71,821.78,556.21,1,-1,-1,-1
11,29,1278.75,278.59,1374.42,532.76,1,-1,-1,-1
11,8,236.03,93.90,466.46,667.94,1,-1,-1,-1
12,19,552.63,360.64,633.60,556.93,1,-1,-1,-1
12,21,656.08,364.30,727.94,551.55,1,-1,-1,-1
12,27,714.45,254.89,825.00,558.34,1,-1,-1,-1
12,29,1276.51,274.69,1373.71,530.94,1,-1,-1,-1
12,8,228.81,91.47,461.58,670.53,1,-1,-1,-1
13,19,548.86,365.64,629.14,559.77,1,-1,-1,-1
13,21,655.64,363.25,728.22,552.08,1,-1,-1,-1
13,27,715.55,255.96,825.99,558.39,1,-1,-1,-1
13,29,1267.31,275.45,1363.49,528.28,1,-1,-1,-1
13,8,226.96,91.77,460.10,670.26,1,-1,-1,-1
14,19,547.26,368.18,626.49,559.49,1,-1,-1,-1
14,21,652.84,363.55,724.96,550.91,1,-1,-1,-1
14,27,716.65,258.34,826.28,557.70,1,-1,-1,-1
14,29,1263.63,275.07,1360.19,527.98,1,-1,-1,-1
14,8,222.46,97.41,454.66,671.55,1,-1,-1,-1
15,19,547.18,369.75,625.19,558.01,1,-1,-1,-1
15,21,651.59,363.69,723.27,549.77,1,-1,-1,-1
15,27,721.04,259.17,830.47,558.08,1,-1,-1,-1
15,29,1262.02,275.61,1358.79,527.89,1,-1,-1,-1
15,8,220.12,98.08,453.64,673.36,1,-1,-1,-1
16,19,546.19,369.62,624.52,558.78,1,-1,-1,-1
16,21,650.47,363.76,722.01,549.33,1,-1,-1,-1
16,27,722.93,260.10,832.35,558.87,1,-1,-1,-1
16,29,1261.22,279.19,1358.03,530.56,1,-1,-1,-1
16,8,216.10,103.02,447.21,669.27,1,-1,-1,-1
17,19,542.04,370.20,620.22,559.05,1,-1,-1,-1
17,32,713.86,381.05,771.11,536.98,1,-1,-1,-1
17,21,650.07,363.80,721.58,549.15,1,-1,-1,-1
17,27,723.48,260.40,833.10,559.14,1,-1,-1,-1
17,29,1256.58,280.52,1353.60,532.23,1,-1,-1,-1
17,8,214.49,104.82,445.21,667.05,1,-1,-1,-1
18,19,539.91,371.14,617.85,559.42,1,-1,-1,-1
18,32,712.73,378.93,771.60,537.74,1,-1,-1,-1
18,21,649.74,363.83,721.66,549.75,1,-1,-1,-1
18,27,722.99,259.80,833.31,559.89,1,-1,-1,-1
18,29,1246.26,281.00,1342.70,531.51,1,-1,-1,-1
18,8,215.03,108.78,443.61,662.86,1,-1,-1,-1
19,19,535.60,371.23,612.75,557.60,1,-1,-1,-1
19,32,712.65,378.70,771.69,537.97,1,-1,-1,-1
19,21,650.35,366.51,721.01,548.64,1,-1,-1,-1
19,27,723.74,264.86,832.37,559.48,1,-1,-1,-1
19,29,1236.96,277.16,1334.28,529.89,1,-1,-1,-1
19,8,210.99,110.86,439.43,661.33,1,-1,-1,-1
20,19,533.80,370.66,611.33,557.91,1,-1,-1,-1
20,32,711.88,376.54,772.20,538.04,1,-1,-1,-1
20,21,650.06,367.53,720.67,548.88,1,-1,-1,-1
20,27,724.88,268.07,832.41,558.64,1,-1,-1,-1
20,29,1232.47,273.72,1331.77,531.94,1,-1,-1,-1
20,8,207.61,108.87,439.32,663.49,1,-1,-1,-1
21,19,532.52,369.78,610.24,558.02,1,-1,-1,-1
21,32,711.63,375.36,773.06,538.76,1,-1,-1,-1
21,21,649.22,367.91,720.66,550.31,1,-1,-1,-1
21,27,724.97,269.87,832.01,558.30,1,-1,-1,-1
21,29,1227.57,277.04,1325.77,533.36,1,-1,-1,-1
21,8,207.01,110.74,438.16,661.65,1,-1,-1,-1
22,19,531.97,370.76,608.75,557.39,1,-1,-1,-1
22,32,710.96,373.63,773.30,539.01,1,-1,-1,-1
22,21,648.52,368.04,720.42,550.83,1,-1,-1,-1
22,27,725.47,271.15,832.00,557.50,1,-1,-1,-1
22,29,1224.35,275.02,1324.53,536.55,1,-1,-1,-1
22,8,207.82,114.05,437.60,659.65,1,-1,-1,-1
23,19,528.45,370.44,605.70,557.81,1,-1,-1,-1
23,32,710.66,372.99,773.43,539.09,1,-1,-1,-1
23,21,648.58,368.09,720.71,551.02,1,-1,-1,-1
23,27,725.15,270.90,831.78,557.20,1,-1,-1,-1
23,29,1219.41,276.23,1318.87,536.42,1,-1,-1,-1
23,8,211.92,113.22,442.47,660.27,1,-1,-1,-1
24,19,526.49,370.30,604.04,558.63,1,-1,-1,-1
24,32,710.41,372.77,773.61,539.77,1,-1,-1,-1
24,21,648.25,367.43,721.21,551.75,1,-1,-1,-1
24,27,725.08,270.74,831.60,556.41,1,-1,-1,-1
24,29,1216.94,274.73,1317.64,537.66,1,-1,-1,-1
24,8,212.97,111.53,444.90,661.86,1,-1,-1,-1
25,19,525.57,370.24,603.10,558.93,1,-1,-1,-1
25,32,709.89,372.06,774.11,541.34,1,-1,-1,-1
25,21,648.67,367.84,721.55,551.35,1,-1,-1,-1
25,27,725.86,271.30,832.02,555.46,1,-1,-1,-1
25,29,1213.31,277.45,1312.26,535.48,1,-1,-1,-1
25,8,215.45,115.49,443.82,657.84,1,-1,-1,-1
26,19,525.68,370.19,602.46,557.72,1,-1,-1,-1
26,32,709.54,371.15,774.45,541.92,1,-1,-1,-1
26,21,648.89,367.99,721.64,550.53,1,-1,-1,-1
26,27,726.27,272.13,832.01,555.10,1,-1,-1,-1
26,29,1209.97,272.53,1311.20,534.61,1,-1,-1,-1
26,8,217.29,118.94,442.60,654.33,1,-1,-1,-1
27,19,525.20,365.53,602.91,555.93,1,-1,-1,-1
27,32,709.70,371.48,774.29,541.47,1,-1,-1,-1
27,21,648.92,368.04,721.75,550.21,1,-1,-1,-1
27,27,727.31,273.73,831.76,552.98,1,-1,-1,-1
27,29,1207.22,268.08,1311.88,536.91,1,-1,-1,-1
27,8,218.86,121.51,441.99,652.40,1,-1,-1,-1
28,19,524.42,363.12,603.13,556.58,1,-1,-1,-1
28,32,709.52,370.94,774.45,541.82,1,-1,-1,-1
28,21,688.08,370.70,757.49,544.79,1,-1,-1,-1
28,27,730.91,272.95,835.75,554.19,1,-1,-1,-1
28,29,1202.00,270.32,1308.07,540.38,1,-1,-1,-1
28,8,219.74,123.07,441.52,651.72,1,-1,-1,-1
29,19,520.62,362.22,599.63,556.17,1,-1,-1,-1
29,32,710.01,372.41,774.76,542.04,1,-1,-1,-1
29,21,662.39,367.67,734.86,549.47,1,-1,-1,-1
29,27,732.39,271.96,837.71,555.32,1,-1,-1,-1
29,29,1199.72,271.23,1307.17,541.71,1,-1,-1,-1
29,8,223.46,120.92,446.65,654.85,1,-1,-1,-1
30,19,518.54,361.23,597.72,555.36,1,-1,-1,-1
30,32,710.29,373.37,775.33,542.80,1,-1,-1,-1
30,21,652.57,365.92,726.67,551.80,1,-1,-1,-1
30,27,732.71,272.22,837.96,555.75,1,-1,-1,-1
30,29,1198.28,271.59,1307.01,542.84,1,-1,-1,-1
30,8,218.72,116.09,446.10,660.02,1,-1,-1,-1
31,19,517.34,358.91,597.54,555.72,1,-1,-1,-1
31,32,710.30,373.06,775.62,542.40,1,-1,-1,-1
31,21,648.98,365.91,723.30,552.69,1,-1,-1,-1
31,27,733.12,272.29,838.36,555.91,1,-1,-1,-1
31,29,1193.70,272.40,1302.68,542.58,1,-1,-1,-1
31,8,213.84,107.66,448.33,667.90,1,-1,-1,-1
32,19,516.62,356.74,597.85,556.51,1,-1,-1,-1
32,32,710.43,374.27,775.59,542.24,1,-1,-1,-1
32,21,648.54,370.51,721.09,553.02,1,-1,-1,-1
32,27,734.04,274.28,838.33,555.31,1,-1,-1,-1
32,29,1191.14,272.72,1301.44,543.11,1,-1,-1,-1
32,8,218.67,109.03,451.65,666.96,1,-1,-1,-1
33,16,1102.97,271.97,1204.95,546.98,1,-1,-1,-1
33,19,516.45,357.90,596.67,556.17,1,-1,-1,-1
33,32,710.88,375.39,775.84,542.16,1,-1,-1,-1
33,21,647.75,370.85,720.32,553.39,1,-1,-1,-1
33,27,737.84,274.34,842.11,555.75,1,-1,-1,-1
33,29,1184.92,271.54,1296.58,543.94,1,-1,-1,-1
33,8,218.35,118.14,446.59,664.59,1,-1,-1,-1
33,37,477.00,344.26,554.29,556.53,1,-1,-1,-1
34,16,1117.12,272.80,1218.70,546.74,1,-1,-1,-1
34,19,517.23,360.36,595.51,554.72,1,-1,-1,-1
34,32,710.99,375.82,776.00,542.13,1,-1,-1,-1
34,21,647.79,374.17,719.88,555.51,1,-1,-1,-1
34,27,739.87,276.32,843.51,555.25,1,-1,-1,-1
34,29,1127.74,277.01,1238.08,546.86,1,-1,-1,-1
34,8,223.99,124.27,447.53,661.66,1,-1,-1,-1
34,37,478.59,347.21,554.19,554.62,1,-1,-1,-1
35,16,1103.08,273.93,1206.14,545.29,1,-1,-1,-1
35,19,514.67,367.30,590.74,556.16,1,-1,-1,-1
35,32,710.74,375.31,776.33,542.77,1,-1,-1,-1
35,21,649.14,381.04,718.97,556.02,1,-1,-1,-1
35,27,740.82,277.71,844.43,554.40,1,-1,-1,-1
35,29,1157.02,274.48,1268.11,544.63,1,-1,-1,-1
35,8,225.19,123.87,448.79,663.22,1,-1,-1,-1
35,37,479.07,349.61,553.39,553.26,1,-1,-1,-1
36,16,1096.96,279.08,1200.09,546.35,1,-1,-1,-1
36,19,513.65,365.91,589.13,553.37,1,-1,-1,-1
36,32,710.66,379.08,775.77,544.98,1,-1,-1,-1
36,21,649.78,384.14,718.52,556.18,1,-1,-1,-1
36,27,740.78,277.53,845.74,555.42,1,-1,-1,-1
36,29,1163.88,273.51,1275.57,545.08,1,-1,-1,-1
36,8,225.05,122.35,449.83,665.78,1,-1,-1,-1
36,37,479.27,351.06,553.03,552.85,1,-1,-1,-1
37,16,1105.69,280.53,1208.19,546.16,1,-1,-1,-1
37,19,511.59,363.38,588.32,554.34,1,-1,-1,-1
37,32,709.90,374.54,776.94,544.48,1,-1,-1,-1
37,21,648.79,379.19,719.63,556.23,1,-1,-1,-1
37,27,740.96,278.09,846.61,555.80,1,-1,-1,-1
37,29,1110.30,277.10,1221.64,549.18,1,-1,-1,-1
37,8,226.38,123.72,449.47,664.76,1,-1,-1,-1
37,37,479.50,352.18,552.72,552.04,1,-1,-1,-1
38,19,506.89,365.73,584.15,557.34,1,-1,-1,-1
38,32,709.11,372.18,777.89,545.60,1,-1,-1,-1
38,21,648.68,376.69,720.46,555.57,1,-1,-1,-1
38,27,743.13,274.97,851.38,558.59,1,-1,-1,-1
38,29,1085.84,277.81,1197.07,550.71,1,-1,-1,-1
38,8,227.34,124.21,448.86,664.35,1,-1,-1,-1
38,37,483.40,354.59,557.84,556.68,1,-1,-1,-1
39,19,492.89,357.39,575.08,559.82,1,-1,-1,-1
39,32,708.54,371.94,777.85,545.36,1,-1,-1,-1
39,21,648.55,375.71,720.24,553.99,1,-1,-1,-1
39,27,745.06,275.09,853.95,558.98,1,-1,-1,-1
39,29,1076.87,278.06,1187.53,551.26,1,-1,-1,-1
39,8,221.02,120.38,445.35,668.16,1,-1,-1,-1
39,37,484.61,356.23,558.53,556.91,1,-1,-1,-1
40,19,483.88,354.93,567.82,560.73,1,-1,-1,-1
40,32,708.18,371.21,777.98,545.25,1,-1,-1,-1
40,21,647.44,368.70,721.92,553.37,1,-1,-1,-1
40,27,746.35,279.74,854.27,559.77,1,-1,-1,-1
40,29,1069.72,278.14,1179.92,552.08,1,-1,-1,-1
40,8,218.45,117.61,444.88,670.89,1,-1,-1,-1
41,19,485.61,356.60,569.08,560.42,1,-1,-1,-1
41,32,708.31,371.60,777.76,544.53,1,-1,-1,-1
41,21,647.78,367.40,722.45,551.84,1,-1,-1,-1
41,27,746.43,280.83,854.68,560.72,1,-1,-1,-1
41,29,1063.51,278.82,1172.77,551.70,1,-1,-1,-1
41,8,223.06,119.18,447.68,669.28,1,-1,-1,-1
42,19,487.48,361.89,569.33,562.25,1,-1,-1,-1
42,32,708.39,370.44,778.30,544.25,1,-1,-1,-1
42,21,646.72,364.94,723.23,553.21,1,-1,-1,-1
42,27,747.07,283.86,854.13,559.07,1,-1,-1,-1
42,29,1060.62,278.40,1169.41,552.18,1,-1,-1,-1
42,8,219.04,117.13,445.31,671.27,1,-1,-1,-1
43,19,488.09,364.59,569.11,563.59,1,-1,-1,-1
43,32,708.79,370.02,778.79,543.48,1,-1,-1,-1
43,21,647.61,364.69,724.19,552.43,1,-1,-1,-1
43,27,751.47,284.30,858.31,557.77,1,-1,-1,-1
43,29,1059.94,276.91,1169.11,553.65,1,-1,-1,-1
43,8,218.58,117.05,445.18,672.00,1,-1,-1,-1
44,19,489.17,367.58,568.35,562.09,1,-1,-1,-1
44,32,711.99,370.53,781.86,543.84,1,-1,-1,-1
44,21,651.90,365.94,727.87,551.47,1,-1,-1,-1
44,27,753.15,285.09,859.75,557.27,1,-1,-1,-1
44,29,1056.45,278.31,1164.31,552.86,1,-1,-1,-1
44,8,217.76,117.77,442.94,670.61,1,-1,-1,-1
45,19,489.52,369.37,567.66,561.50,1,-1,-1,-1
45,32,713.18,370.08,783.69,544.63,1,-1,-1,-1
45,21,655.66,372.40,729.13,550.44,1,-1,-1,-1
45,27,754.21,282.69,861.06,554.43,1,-1,-1,-1
45,29,1050.83,280.17,1157.55,551.86,1,-1,-1,-1
45,8,219.10,121.30,440.85,666.31,1,-1,-1,-1
46,19,489.45,370.01,567.07,561.26,1,-1,-1,-1
46,32,714.07,370.58,784.56,544.93,1,-1,-1,-1
46,21,661.02,376.89,733.01,550.06,1,-1,-1,-1
46,27,758.05,279.77,865.97,554.70,1,-1,-1,-1
46,29,1043.68,280.19,1150.71,552.12,1,-1,-1,-1
46,8,220.42,123.89,439.29,663.44,1,-1,-1,-1
47,19,486.23,370.89,563.54,561.16,1,-1,-1,-1
47,32,714.49,370.78,784.78,544.38,1,-1,-1,-1
47,21,663.14,379.20,734.91,549.93,1,-1,-1,-1
47,27,761.02,281.30,867.49,552.17,1,-1,-1,-1
47,29,1036.30,280.19,1144.14,552.86,1,-1,-1,-1
47,8,221.60,125.50,438.71,661.71,1,-1,-1,-1
48,19,485.01,375.18,561.70,563.78,1,-1,-1,-1
48,32,714.03,369.54,785.43,546.14,1,-1,-1,-1
48,21,667.86,378.68,740.96,551.24,1,-1,-1,-1
48,27,765.67,280.54,872.37,552.55,1,-1,-1,-1
48,29,1029.76,281.49,1137.39,551.80,1,-1,-1,-1
48,8,221.69,121.43,438.87,659.09,1,-1,-1,-1
49,19,484.23,373.43,560.81,561.42,1,-1,-1,-1
49,32,714.04,369.09,786.12,547.46,1,-1,-1,-1
49,21,670.33,377.80,745.03,551.72,1,-1,-1,-1
49,27,768.18,280.91,874.60,552.04,1,-1,-1,-1
49,29,1028.38,287.28,1134.36,552.04,1,-1,-1,-1
49,8,224.11,129.15,436.57,655.48,1,-1,-1,-1
50,19,484.35,377.39,559.54,561.85,1,-1,-1,-1
50,32,714.37,368.77,786.74,547.85,1,-1,-1,-1
50,21,674.76,376.78,750.88,551.91,1,-1,-1,-1
50,27,772.53,279.72,879.82,553.86,1,-1,-1,-1
50,29,1022.79,287.43,1130.26,554.12,1,-1,-1,-1
50,8,227.31,138.08,433.43,648.80,1,-1,-1,-1
51,19,484.95,379.52,559.32,562.01,1,-1,-1,-1
51,21,677.06,377.04,754.29,552.64,1,-1,-1,-1
51,27,775.66,283.22,882.10,555.21,1,-1,-1,-1
51,29,1019.89,286.14,1129.33,556.20,1,-1,-1,-1
51,8,228.72,141.35,432.07,645.69,1,-1,-1,-1
52,19,485.73,380.92,559.47,562.06,1,-1,-1,-1
52,21,681.76,376.46,759.51,552.25,1,-1,-1,-1
52,27,781.40,284.55,886.82,555.07,1,-1,-1,-1
52,29,1014.62,286.94,1124.40,555.65,1,-1,-1,-1
52,8,228.21,141.14,431.94,646.62,1,-1,-1,-1
53,19,485.46,381.40,559.52,563.41,1,-1,-1,-1
53,21,683.45,376.23,761.38,551.44,1,-1,-1,-1
53,27,787.63,285.03,892.28,555.68,1,-1,-1,-1
53,29,1011.72,283.24,1122.61,553.42,1,-1,-1,-1
53,8,224.12,140.32,428.48,646.37,1,-1,-1,-1
54,19,485.52,382.19,559.45,563.90,1,-1,-1,-1
54,21,688.69,376.80,765.89,549.81,1,-1,-1,-1
54,27,791.17,286.51,894.23,554.58,1,-1,-1,-1
54,29,1007.30,285.79,1117.76,553.89,1,-1,-1,-1
54,8,221.12,136.62,428.67,649.65,1,-1,-1,-1
55,19,485.68,382.45,559.38,564.07,1,-1,-1,-1
55,21,691.07,377.01,768.30,549.20,1,-1,-1,-1
55,27,793.57,290.37,894.31,553.51,1,-1,-1,-1
55,29,1005.68,287.41,1115.67,554.05,1,-1,-1,-1
55,8,224.52,136.52,432.20,649.60,1,-1,-1,-1
56,19,485.81,382.50,559.34,564.13,1,-1,-1,-1
56,21,695.50,376.41,772.75,548.98,1,-1,-1,-1
56,27,797.88,289.79,898.68,555.11,1,-1,-1,-1
56,29,1005.80,289.33,1114.57,552.78,1,-1,-1,-1
56,8,225.93,137.10,433.47,648.95,1,-1,-1,-1
57,19,485.59,381.15,559.66,564.80,1,-1,-1,-1
57,21,696.18,371.55,775.87,549.57,1,-1,-1,-1
57,27,800.09,290.87,900.14,555.04,1,-1,-1,-1
57,29,1001.54,290.02,1110.22,552.96,1,-1,-1,-1
57,8,226.13,136.63,434.29,649.40,1,-1,-1,-1
58,19,485.43,380.62,559.24,564.38,1,-1,-1,-1
58,21,696.63,369.73,777.33,549.79,1,-1,-1,-1
58,27,801.58,291.90,900.46,553.69,1,-1,-1,-1
58,29,999.06,287.60,1109.16,555.01,1,-1,-1,-1
58,8,226.00,135.76,434.81,650.26,1,-1,-1,-1
59,19,485.85,380.39,559.31,564.21,1,-1,-1,-1
59,21,701.58,369.71,781.41,547.92,1,-1,-1,-1
59,27,805.63,290.93,904.83,555.18,1,-1,-1,-1
59,29,999.39,289.31,1107.78,553.80,1,-1,-1,-1
59,8,225.68,134.09,435.94,651.92,1,-1,-1,-1
60,19,485.67,379.62,559.72,566.12,1,-1,-1,-1
60,21,679.38,390.87,751.33,551.17,1,-1,-1,-1
60,27,933.74,289.88,1033.47,554.41,1,-1,-1,-1
60,29,995.68,289.83,1103.92,553.95,1,-1,-1,-1
60,8,223.01,124.21,438.25,654.54,1,-1,-1,-1
61,16,809.72,293.07,907.50,552.96,1,-1,-1,-1
61,19,485.69,383.26,559.16,569.46,1,-1,-1,-1
61,32,727.92,370.86,799.67,547.13,1,-1,-1,-1
61,21,692.40,381.88,765.18,544.88,1,-1,-1,-1
61,27,981.71,288.13,1082.85,556.11,1,-1,-1,-1
61,8,222.23,121.81,438.24,653.57,1,-1,-1,-1
62,16,805.05,293.20,901.60,551.76,1,-1,-1,-1
62,19,485.73,383.98,558.95,570.71,1,-1,-1,-1
62,32,728.70,372.38,799.76,546.35,1,-1,-1,-1
62,21,693.14,378.80,765.62,542.73,1,-1,-1,-1
62,27,994.09,287.46,1096.63,558.06,1,-1,-1,-1
62,8,223.03,122.89,437.78,651.22,1,-1,-1,-1
63,16,807.53,291.24,903.91,552.63,1,-1,-1,-1
63,19,486.16,381.59,559.14,568.53,1,-1,-1,-1
63,32,729.12,373.53,799.65,545.44,1,-1,-1,-1
63,21,688.87,377.63,761.58,542.62,1,-1,-1,-1
63,27,992.59,284.57,1097.33,559.45,1,-1,-1,-1
63,8,223.18,122.68,438.43,650.99,1,-1,-1,-1
64,16,808.75,289.83,905.36,552.29,1,-1,-1,-1
64,19,485.71,379.34,559.19,568.33,1,-1,-1,-1
64,32,729.99,377.96,798.83,545.77,1,-1,-1,-1
64,21,681.43,378.51,755.20,545.26,1,-1,-1,-1
64,27,991.57,286.75,1096.07,559.31,1,-1,-1,-1
64,8,225.19,127.25,436.72,646.29,1,-1,-1,-1
65,16,809.68,286.64,906.96,550.17,1,-1,-1,-1
65,19,486.16,379.80,558.61,566.93,1,-1,-1,-1
65,32,731.06,380.27,799.04,545.91,1,-1,-1,-1
65,21,678.70,376.86,752.05,542.98,1,-1,-1,-1
65,27,984.95,283.63,1091.69,560.56,1,-1,-1,-1
65,8,224.47,125.03,438.21,647.84,1,-1,-1,-1
66,16,810.27,285.43,908.01,548.70,1,-1,-1,-1
66,19,486.75,383.28,558.00,568.36,1,-1,-1,-1
66,32,732.01,381.26,799.57,545.87,1,-1,-1,-1
66,21,715.48,380.22,787.34,544.78,1,-1,-1,-1
66,27,982.81,285.74,1088.81,559.70,1,-1,-1,-1
66,8,224.79,125.53,438.17,646.46,1,-1,-1,-1
67,16,811.84,286.98,909.00,546.82,1,-1,-1,-1
67,19,486.85,381.26,557.91,567.57,1,-1,-1,-1
67,21,688.12,382.15,758.68,543.49,1,-1,-1,-1
67,27,979.46,281.93,1087.74,561.34,1,-1,-1,-1
67,8,224.97,127.06,437.43,644.64,1,-1,-1,-1
68,16,815.26,284.25,914.44,548.79,1,-1,-1,-1
68,19,486.86,382.48,557.92,570.56,1,-1,-1,-1
68,32,735.22,380.47,803.99,547.68,1,-1,-1,-1
68,21,672.08,376.85,744.77,543.02,1,-1,-1,-1
68,27,973.64,281.83,1082.75,562.59,1,-1,-1,-1
68,8,224.12,125.66,438.05,645.96,1,-1,-1,-1
69,16,817.60,285.89,916.36,547.55,1,-1,-1,-1
69,19,486.64,382.79,557.77,571.06,1,-1,-1,-1
69,32,735.32,379.68,805.07,548.64,1,-1,-1,-1
69,21,667.51,378.18,738.39,540.23,1,-1,-1,-1
69,27,971.20,282.46,1079.60,561.08,1,-1,-1,-1
69,8,224.13,125.80,437.96,645.82,1,-1,-1,-1
70,16,819.03,287.20,917.65,545.76,1,-1,-1,-1
70,32,732.22,380.07,802.59,548.30,1,-1,-1,-1
70,21,665.10,379.38,734.76,539.18,1,-1,-1,-1
70,27,969.70,282.06,1077.60,559.82,1,-1,-1,-1
70,8,225.06,127.19,437.65,644.46,1,-1,-1,-1
71,16,815.81,287.10,914.29,545.31,1,-1,-1,-1
71,32,734.92,380.86,804.35,546.84,1,-1,-1,-1
71,21,659.97,377.82,729.81,538.81,1,-1,-1,-1
71,27,873.60,285.88,977.11,549.44,1,-1,-1,-1
71,8,230.66,129.70,440.90,642.64,1,-1,-1,-1
72,32,736.47,381.13,805.77,546.28,1,-1,-1,-1
72,21,658.08,377.24,727.46,538.04,1,-1,-1,-1
72,27,838.59,283.98,943.00,548.15,1,-1,-1,-1
72,29,955.16,274.42,1070.51,558.94,1,-1,-1,-1
72,8,226.64,127.33,438.94,644.64,1,-1,-1,-1
73,32,735.84,379.88,806.12,546.74,1,-1,-1,-1
73,21,653.37,375.70,723.48,539.10,1,-1,-1,-1
73,27,826.98,285.96,930.64,546.38,1,-1,-1,-1
73,29,954.42,273.86,1067.98,558.43,1,-1,-1,-1
73,8,229.30,125.12,443.26,646.72,1,-1,-1,-1
74,32,735.70,375.44,807.42,545.59,1,-1,-1,-1
74,21,652.00,377.11,721.11,538.86,1,-1,-1,-1
74,27,823.02,284.70,927.67,545.76,1,-1,-1,-1
74,29,951.23,274.32,1062.86,557.58,1,-1,-1,-1
74,8,232.69,130.22,442.50,641.60,1,-1,-1,-1
75,32,736.36,375.21,808.13,545.46,1,-1,-1,-1
75,21,650.24,375.67,719.70,539.46,1,-1,-1,-1
75,27,822.92,287.55,926.47,544.24,1,-1,-1,-1
75,29,945.43,274.53,1055.88,557.26,1,-1,-1,-1
75,8,234.84,134.17,441.30,637.65,1,-1,-1,-1
76,21,650.22,377.11,718.04,538.38,1,-1,-1,-1
76,27,825.88,285.95,931.11,546.39,1,-1,-1,-1
76,29,942.57,273.32,1052.82,557.13,1,-1,-1,-1
76,8,235.07,130.96,441.37,634.20,1,-1,-1,-1
77,21,647.48,377.68,713.73,536.65,1,-1,-1,-1
77,27,828.71,286.68,933.48,545.89,1,-1,-1,-1
77,29,937.92,272.88,1047.59,556.41,1,-1,-1,-1
77,8,235.31,129.09,441.87,632.97,1,-1,-1,-1
77,50,735.27,372.98,809.74,544.00,1,-1,-1,-1
78,21,647.26,379.22,711.50,535.36,1,-1,-1,-1
78,27,830.00,286.28,934.67,545.73,1,-1,-1,-1
78,29,936.52,275.38,1044.19,556.14,1,-1,-1,-1
78,8,235.58,129.04,441.83,632.55,1,-1,-1,-1
78,50,738.95,373.71,812.95,544.00,1,-1,-1,-1
79,21,648.24,382.47,709.13,532.23,1,-1,-1,-1
79,27,833.81,284.14,940.11,547.69,1,-1,-1,-1
79,29,932.25,278.34,1037.68,554.05,1,-1,-1,-1
79,8,235.08,128.36,441.72,633.11,1,-1,-1,-1
79,50,740.69,375.44,813.42,543.26,1,-1,-1,-1
80,21,648.50,385.03,706.56,529.74,1,-1,-1,-1
80,27,835.85,282.68,942.46,547.78,1,-1,-1,-1
80,29,925.34,276.80,1031.50,553.93,1,-1,-1,-1
80,8,234.24,126.11,442.29,634.02,1,-1,-1,-1
80,50,741.96,376.73,813.47,542.29,1,-1,-1,-1
81,21,649.09,385.93,705.31,528.20,1,-1,-1,-1
81,27,841.97,282.79,947.48,546.51,1,-1,-1,-1
81,29,918.29,276.23,1025.34,554.56,1,-1,-1,-1
81,8,234.67,127.25,441.74,632.42,1,-1,-1,-1
81,50,742.35,377.14,813.41,541.97,1,-1,-1,-1
82,21,647.67,386.72,703.11,527.01,1,-1,-1,-1
82,27,846.08,284.83,949.14,544.05,1,-1,-1,-1
82,29,915.61,277.34,1022.68,554.14,1,-1,-1,-1
82,8,235.27,128.36,441.73,631.85,1,-1,-1,-1
82,50,742.99,377.25,813.49,541.18,1,-1,-1,-1
83,27,851.72,284.28,953.82,543.81,1,-1,-1,-1
83,29,909.67,276.44,1017.69,553.99,1,-1,-1,-1
83,8,235.52,129.44,441.01,630.34,1,-1,-1,-1
83,50,743.18,377.94,812.79,540.23,1,-1,-1,-1
84,27,854.68,285.40,954.76,542.42,1,-1,-1,-1
84,29,903.19,277.43,1011.77,553.94,1,-1,-1,-1
84,8,235.88,129.85,440.45,629.14,1,-1,-1,-1
84,50,742.88,378.17,812.14,539.91,1,-1,-1,-1
85,27,855.76,284.49,955.20,541.91,1,-1,-1,-1
85,29,899.93,275.82,1010.03,555.25,1,-1,-1,-1
85,8,236.45,130.00,440.46,628.73,1,-1,-1,-1
85,50,739.66,378.91,808.87,539.81,1,-1,-1,-1
85,53,1761.82,304.68,1845.18,512.26,1,-1,-1,-1
86,27,857.15,284.81,955.71,541.75,1,-1,-1,-1
86,29,899.34,277.19,1008.39,554.43,1,-1,-1,-1
86,8,237.62,132.04,439.49,626.62,1,-1,-1,-1
86,50,737.93,378.48,807.51,539.80,1,-1,-1,-1
86,53,1753.78,303.26,1837.91,512.08,1,-1,-1,-1
87,27,858.18,285.60,955.42,541.05,1,-1,-1,-1
87,29,895.71,279.05,1003.59,552.79,1,-1,-1,-1
87,8,237.05,131.47,438.79,626.53,1,-1,-1,-1
87,50,736.44,376.96,806.52,539.14,1,-1,-1,-1
87,53,1745.62,302.10,1830.52,512.75,1,-1,-1,-1
88,27,862.18,283.90,959.66,542.80,1,-1,-1,-1
88,29,893.59,277.09,1002.18,553.51,1,-1,-1,-1
88,8,235.63,127.93,440.38,630.51,1,-1,-1,-1
88,50,735.34,376.38,806.05,539.57,1,-1,-1,-1
88,53,1743.73,304.59,1826.91,510.84,1,-1,-1,-1
89,27,861.59,275.36,963.32,546.11,1,-1,-1,-1
89,29,888.28,275.69,997.86,553.78,1,-1,-1,-1
89,8,233.77,123.31,442.30,635.31,1,-1,-1,-1
89,50,734.86,376.16,805.32,538.42,1,-1,-1,-1
89,53,1738.98,305.53,1821.92,510.86,1,-1,-1,-1
90,27,862.71,277.36,963.97,547.36,1,-1,-1,-1
90,29,884.43,275.50,994.04,553.68,1,-1,-1,-1
90,8,231.54,118.29,444.55,641.08,1,-1,-1,-1
90,50,731.73,377.40,801.37,536.67,1,-1,-1,-1
90,53,1736.65,304.48,1820.56,511.58,1,-1,-1,-1
91,27,865.66,274.24,970.86,552.44,1,-1,-1,-1
91,8,232.27,119.67,444.47,640.00,1,-1,-1,-1
91,50,730.53,377.86,799.95,536.03,1,-1,-1,-1
91,53,1732.21,304.33,1816.15,511.50,1,-1,-1,-1
92,27,868.25,278.29,972.59,551.10,1,-1,-1,-1
92,8,232.60,121.56,443.72,638.23,1,-1,-1,-1
92,50,730.51,379.36,799.06,535.15,1,-1,-1,-1
93,27,867.75,275.30,974.00,552.52,1,-1,-1,-1
93,8,232.49,121.66,443.67,638.20,1,-1,-1,-1
93,50,729.94,379.24,798.70,535.52,1,-1,-1,-1
94,27,867.05,272.89,974.97,554.35,1,-1,-1,-1
94,8,231.93,121.05,443.50,638.17,1,-1,-1,-1
94,50,730.04,379.85,798.98,536.34,1,-1,-1,-1
95,27,867.85,273.95,974.85,553.06,1,-1,-1,-1
95,8,233.91,126.12,441.25,632.88,1,-1,-1,-1
95,50,730.08,380.07,799.14,536.66,1,-1,-1,-1
95,53,1710.03,304.90,1794.62,511.02,1,-1,-1,-1
96,27,866.83,272.43,974.73,554.51,1,-1,-1,-1
96,8,233.22,135.38,433.18,624.20,1,-1,-1,-1
96,50,730.22,380.80,799.13,536.80,1,-1,-1,-1
96,53,1705.18,304.88,1789.74,510.92,1,-1,-1,-1
97,27,866.46,271.88,975.27,556.35,1,-1,-1,-1
97,8,235.17,132.80,437.36,627.01,1,-1,-1,-1
97,50,729.59,380.40,799.18,538.19,1,-1,-1,-1
98,27,862.49,273.00,970.73,557.03,1,-1,-1,-1
98,8,235.66,131.17,439.12,628.07,1,-1,-1,-1
98,50,730.47,384.85,798.13,538.71,1,-1,-1,-1
99,27,859.72,270.18,969.54,559.89,1,-1,-1,-1
99,8,235.05,127.89,441.24,631.14,1,-1,-1,-1
99,50,731.00,386.54,797.58,538.24,1,-1,-1,-1
100,27,859.35,269.78,968.40,559.64,1,-1,-1,-1
100,8,238.62,125.32,446.80,634.29,1,-1,-1,-1
100,50,731.65,387.80,797.62,538.07,1,-1,-1,-1
101,27,858.94,269.01,967.58,560.16,1,-1,-1,-1
101,8,239.51,123.04,449.36,636.80,1,-1,-1,-1
101,50,730.89,384.23,798.00,537.34,1,-1,-1,-1
102,27,858.87,269.40,966.54,560.33,1,-1,-1,-1
102,8,243.75,119.55,456.24,641.03,1,-1,-1,-1
102,50,730.92,382.89,798.51,537.07,1,-1,-1,-1
103,27,855.92,270.89,962.50,559.71,1,-1,-1,-1
103,8,246.59,120.87,457.55,639.35,1,-1,-1,-1
103,50,732.80,388.31,798.17,536.98,1,-1,-1,-1
104,27,857.77,270.16,964.61,561.42,1,-1,-1,-1
104,8,247.38,120.09,458.25,639.32,1,-1,-1,-1
104,50,736.23,391.04,800.72,538.29,1,-1,-1,-1
105,27,854.90,269.24,961.78,562.04,1,-1,-1,-1
105,29,906.03,286.81,1003.98,543.12,1,-1,-1,-1
105,8,247.99,120.48,458.10,637.97,1,-1,-1,-1
105,50,737.80,391.35,801.35,536.77,1,-1,-1,-1
106,27,853.98,270.23,959.90,562.26,1,-1,-1,-1
106,29,907.46,284.97,1004.14,544.29,1,-1,-1,-1
106,8,248.50,121.31,458.33,637.44,1,-1,-1,-1
106,50,738.56,390.75,802.05,536.21,1,-1,-1,-1
107,27,854.56,275.89,958.29,562.97,1,-1,-1,-1
107,29,911.98,282.43,1008.83,546.63,1,-1,-1,-1
107,8,251.83,119.66,463.11,639.87,1,-1,-1,-1
107,50,738.50,390.50,802.63,537.33,1,-1,-1,-1
108,27,853.20,270.76,958.66,564.54,1,-1,-1,-1
108,29,913.43,278.83,1012.07,550.16,1,-1,-1,-1
108,8,253.03,119.71,464.89,640.78,1,-1,-1,-1
108,50,738.08,389.72,803.22,539.08,1,-1,-1,-1
109,27,853.91,275.40,957.62,565.10,1,-1,-1,-1
109,29,913.85,278.79,1012.71,550.18,1,-1,-1,-1
109,8,254.15,121.07,464.80,639.13,1,-1,-1,-1
109,50,738.33,390.06,803.66,539.74,1,-1,-1,-1
110,27,852.32,269.92,957.81,565.94,1,-1,-1,-1
110,29,914.78,279.46,1013.41,549.51,1,-1,-1,-1
110,8,254.15,120.28,465.73,639.80,1,-1,-1,-1
110,50,738.02,388.85,804.21,540.65,1,-1,-1,-1
111,27,848.73,272.46,953.71,566.89,1,-1,-1,-1
111,29,918.93,280.39,1017.09,547.91,1,-1,-1,-1
111,8,253.92,119.99,466.22,640.04,1,-1,-1,-1
111,50,737.67,387.73,804.63,541.64,1,-1,-1,-1
112,27,848.15,274.77,952.05,565.91,1,-1,-1,-1
112,29,920.60,281.41,1018.94,547.31,1,-1,-1,-1
112,8,252.89,117.91,467.25,641.44,1,-1,-1,-1
112,50,737.51,386.63,805.45,542.66,1,-1,-1,-1
113,27,846.38,270.35,951.71,565.50,1,-1,-1,-1
113,29,920.65,279.81,1020.78,548.41,1,-1,-1,-1
113,8,251.19,114.51,468.87,644.59,1,-1,-1,-1
113,50,737.04,386.22,805.49,543.03,1,-1,-1,-1
114,27,845.27,270.03,950.89,565.97,1,-1,-1,-1
114,29,869.58,269.97,977.38,560.71,1,-1,-1,-1
114,8,255.10,112.58,474.06,646.42,1,-1,-1,-1
114,50,737.78,386.71,806.53,543.16,1,-1,-1,-1
114,42,519.01,354.22,596.98,549.02,1,-1,-1,-1
115,27,910.91,282.35,1007.33,548.25,1,-1,-1,-1
115,29,847.05,266.96,957.19,564.62,1,-1,-1,-1
115,8,256.14,111.22,475.76,647.09,1,-1,-1,-1
115,50,738.31,386.90,807.32,543.19,1,-1,-1,-1
115,42,518.14,354.74,596.40,549.81,1,-1,-1,-1
115,58,1698.86,317.56,1779.99,515.22,1,-1,-1,-1
116,27,925.82,284.51,1021.55,544.13,1,-1,-1,-1
116,29,837.39,265.18,948.89,567.41,1,-1,-1,-1
116,8,257.38,112.71,476.12,646.66,1,-1,-1,-1
116,50,738.67,387.63,807.44,542.53,1,-1,-1,-1
116,42,517.83,354.19,596.42,550.05,1,-1,-1,-1
116,58,1691.42,317.28,1772.71,514.98,1,-1,-1,-1
117,27,936.40,289.28,1029.84,539.41,1,-1,-1,-1
117,29,829.99,269.08,941.32,569.73,1,-1,-1,-1
117,8,257.40,112.00,476.60,647.12,1,-1,-1,-1
117,50,738.96,387.73,807.81,542.78,1,-1,-1,-1
117,42,517.50,354.00,596.05,550.12,1,-1,-1,-1
117,58,1689.27,317.16,1770.46,514.18,1,-1,-1,-1
118,27,939.83,290.96,1032.69,537.10,1,-1,-1,-1
118,29,822.83,271.31,934.05,569.90,1,-1,-1,-1
118,8,252.54,110.44,473.01,647.27,1,-1,-1,-1
118,50,739.75,390.30,805.79,539.11,1,-1,-1,-1
118,42,519.01,360.23,595.09,550.82,1,-1,-1,-1
118,58,1682.74,314.94,1765.16,515.36,1,-1,-1,-1
119,27,939.98,292.18,1032.93,536.34,1,-1,-1,-1
119,29,814.36,265.63,928.30,570.55,1,-1,-1,-1
119,8,255.24,110.53,475.58,647.30,1,-1,-1,-1
119,50,740.09,390.65,805.91,538.96,1,-1,-1,-1
119,42,515.50,362.49,590.51,551.06,1,-1,-1,-1
119,58,1675.63,314.87,1758.04,515.79,1,-1,-1,-1
120,27,939.99,291.21,1033.92,536.15,1,-1,-1,-1
120,29,811.00,266.77,926.02,573.35,1,-1,-1,-1
120,8,255.75,109.28,477.04,647.95,1,-1,-1,-1
120,42,514.43,363.24,588.77,551.13,1,-1,-1,-1
120,58,1673.65,314.86,1755.97,515.94,1,-1,-1,-1
121,27,939.92,292.14,1033.95,535.48,1,-1,-1,-1
121,29,805.55,267.25,921.30,575.02,1,-1,-1,-1
121,8,256.86,110.81,476.61,646.20,1,-1,-1,-1
121,42,513.38,364.42,587.38,551.43,1,-1,-1,-1
121,58,1669.05,315.56,1750.66,515.32,1,-1,-1,-1
122,27,939.14,291.10,1034.31,535.98,1,-1,-1,-1
122,29,802.88,266.82,919.23,576.25,1,-1,-1,-1
122,8,253.56,113.40,471.51,643.53,1,-1,-1,-1
122,50,739.30,386.61,802.38,530.01,1,-1,-1,-1
122,58,1667.47,316.50,1748.29,514.41,1,-1,-1,-1
123,27,936.63,284.01,1036.36,538.21,1,-1,-1,-1
123,29,797.29,265.37,914.94,577.32,1,-1,-1,-1
123,8,253.80,118.38,468.05,638.53,1,-1,-1,-1
123,50,738.98,386.14,801.50,529.71,1,-1,-1,-1
123,58,1667.09,316.85,1747.60,514.08,1,-1,-1,-1
124,27,939.85,281.36,1041.31,538.42,1,-1,-1,-1
124,29,794.91,264.84,913.30,577.66,1,-1,-1,-1
124,8,252.50,116.92,468.12,639.99,1,-1,-1,-1
124,50,739.20,385.32,801.56,529.60,1,-1,-1,-1
124,58,1666.54,316.98,1747.40,514.63,1,-1,-1,-1
125,27,941.54,281.01,1043.79,538.53,1,-1,-1,-1
125,29,789.71,264.67,908.87,577.73,1,-1,-1,-1
125,8,257.65,119.68,471.11,637.90,1,-1,-1,-1
125,50,735.12,384.36,798.45,530.26,1,-1,-1,-1
125,58,1661.76,316.36,1743.48,516.18,1,-1,-1,-1
126,27,946.63,282.21,1047.28,535.97,1,-1,-1,-1
126,29,787.00,261.36,906.98,575.08,1,-1,-1,-1
126,8,255.46,122.04,467.75,635.79,1,-1,-1,-1
126,50,732.85,383.35,796.71,530.53,1,-1,-1,-1
126,58,1671.15,318.77,1750.33,512.12,1,-1,-1,-1
127,27,950.05,284.00,1048.82,533.03,1,-1,-1,-1
127,29,781.78,258.81,902.96,574.02,1,-1,-1,-1
127,8,259.75,124.91,470.00,634.36,1,-1,-1,-1
127,50,731.12,382.32,795.65,531.32,1,-1,-1,-1
127,58,1675.06,321.72,1752.28,509.89,1,-1,-1,-1
128,27,955.55,283.35,1053.58,531.31,1,-1,-1,-1
128,29,775.08,256.57,897.97,574.90,1,-1,-1,-1
128,8,260.78,124.62,470.74,634.52,1,-1,-1,-1
128,50,727.19,381.95,792.65,531.63,1,-1,-1,-1
128,58,1671.32,321.43,1748.89,510.44,1,-1,-1,-1
129,27,958.49,284.43,1054.87,528.71,1,-1,-1,-1
129,29,771.97,254.44,896.31,575.87,1,-1,-1,-1
129,8,261.99,125.14,470.83,633.28,1,-1,-1,-1
129,50,725.26,382.48,790.69,531.11,1,-1,-1,-1
129,58,1665.23,321.31,1743.12,510.65,1,-1,-1,-1
130,27,960.37,285.51,1055.62,527.79,1,-1,-1,-1
130,29,771.09,255.65,894.43,574.90,1,-1,-1,-1
130,8,262.05,123.97,471.22,634.17,1,-1,-1,-1
130,50,725.33,384.69,789.88,530.26,1,-1,-1,-1
130,58,1652.85,320.58,1731.89,511.42,1,-1,-1,-1
131,27,964.71,285.90,1059.34,528.17,1,-1,-1,-1
131,29,767.67,256.82,889.94,572.52,1,-1,-1,-1
131,8,262.00,122.19,472.06,635.85,1,-1,-1,-1
131,50,724.60,384.87,789.11,529.96,1,-1,-1,-1
131,58,1654.06,321.62,1731.97,509.07,1,-1,-1,-1
132,27,966.78,286.71,1060.70,527.69,1,-1,-1,-1
132,29,765.65,255.99,888.64,573.58,1,-1,-1,-1
132,8,260.65,118.20,473.01,639.81,1,-1,-1,-1
132,50,724.19,384.28,789.03,529.86,1,-1,-1,-1
132,58,1651.43,322.00,1728.98,508.57,1,-1,-1,-1
133,27,967.87,287.00,1061.31,526.89,1,-1,-1,-1
133,29,764.47,255.05,887.54,573.97,1,-1,-1,-1
133,8,255.04,115.37,469.25,642.62,1,-1,-1,-1
133,50,723.13,383.39,788.65,530.49,1,-1,-1,-1
134,27,971.65,283.77,1066.59,528.62,1,-1,-1,-1
134,29,764.19,255.38,887.26,575.42,1,-1,-1,-1
134,8,257.58,113.65,472.31,644.34,1,-1,-1,-1
134,50,723.08,383.73,788.23,530.75,1,-1,-1,-1
134,53,1562.88,322.97,1641.98,510.99,1,-1,-1,-1
135,27,973.04,282.57,1069.04,530.61,1,-1,-1,-1
135,29,760.20,255.54,883.41,575.96,1,-1,-1,-1
135,8,258.69,113.01,473.34,644.98,1,-1,-1,-1
135,50,720.32,384.52,784.94,530.19,1,-1,-1,-1
135,53,1558.96,330.31,1633.91,508.86,1,-1,-1,-1
136,27,973.80,282.11,1070.18,530.73,1,-1,-1,-1
136,29,753.91,254.97,877.76,576.15,1,-1,-1,-1
136,8,258.82,111.48,474.02,646.51,1,-1,-1,-1
136,50,719.04,384.16,784.00,530.65,1,-1,-1,-1
136,53,1553.77,333.99,1626.35,506.79,1,-1,-1,-1
137,27,977.58,281.29,1074.15,531.46,1,-1,-1,-1
137,29,752.12,256.75,875.28,574.88,1,-1,-1,-1
137,8,253.29,108.95,470.63,649.04,1,-1,-1,-1
137,50,718.19,384.03,783.43,531.49,1,-1,-1,-1
137,53,1549.91,335.75,1621.52,506.24,1,-1,-1,-1
138,27,979.21,280.99,1075.92,531.74,1,-1,-1,-1
138,29,749.98,256.13,874.12,576.37,1,-1,-1,-1
138,8,248.51,98.83,471.36,651.95,1,-1,-1,-1
138,50,717.17,383.32,782.68,531.81,1,-1,-1,-1
139,27,980.13,281.55,1076.73,531.85,1,-1,-1,-1
139,29,746.58,261.84,869.28,576.26,1,-1,-1,-1
139,8,247.18,96.33,471.17,651.71,1,-1,-1,-1
139,50,716.99,383.06,782.26,531.28,1,-1,-1,-1
140,27,980.77,282.43,1077.20,531.24,1,-1,-1,-1
140,29,744.91,263.37,868.10,576.86,1,-1,-1,-1
140,8,247.06,96.10,470.74,650.92,1,-1,-1,-1
140,50,717.37,384.29,781.73,530.41,1,-1,-1,-1
141,27,980.17,280.79,1078.03,532.34,1,-1,-1,-1
141,29,743.93,259.95,868.26,575.75,1,-1,-1,-1
141,8,247.43,96.74,470.20,649.27,1,-1,-1,-1
141,50,717.65,384.76,781.48,530.09,1,-1,-1,-1
141,53,1529.82,335.46,1603.40,508.71,1,-1,-1,-1
141,58,1571.88,323.07,1649.25,510.81,1,-1,-1,-1
142,27,982.78,275.57,1082.60,532.10,1,-1,-1,-1
142,29,743.58,258.00,868.52,575.98,1,-1,-1,-1
142,8,243.65,99.03,464.73,647.30,1,-1,-1,-1
142,50,717.26,384.93,780.61,529.97,1,-1,-1,-1
142,53,1523.45,335.42,1597.85,508.91,1,-1,-1,-1
142,58,1564.35,323.09,1641.47,510.25,1,-1,-1,-1
143,27,984.58,274.26,1084.69,530.70,1,-1,-1,-1
143,29,743.82,257.26,868.45,575.40,1,-1,-1,-1
143,8,242.15,99.95,462.76,646.53,1,-1,-1,-1
143,50,713.73,384.33,777.10,529.27,1,-1,-1,-1
143,53,1518.89,336.21,1592.97,508.93,1,-1,-1,-1
143,58,1557.55,323.28,1634.57,510.19,1,-1,-1,-1
144,27,984.41,272.48,1085.51,530.17,1,-1,-1,-1
144,29,744.49,258.97,867.39,573.86,1,-1,-1,-1
144,8,243.53,104.30,460.13,641.61,1,-1,-1,-1
144,50,711.85,384.11,775.07,529.02,1,-1,-1,-1
144,53,1510.32,337.00,1584.68,508.20,1,-1,-1,-1
145,27,984.26,271.84,1085.75,528.66,1,-1,-1,-1
145,29,745.01,260.96,866.24,571.94,1,-1,-1,-1
145,8,244.78,108.65,457.83,637.75,1,-1,-1,-1
145,50,711.59,384.02,774.60,528.93,1,-1,-1,-1
145,53,1507.21,336.57,1581.80,507.36,1,-1,-1,-1
146,27,984.36,272.29,1086.20,527.44,1,-1,-1,-1
146,29,745.05,261.04,865.47,570.56,1,-1,-1,-1
146,8,244.74,107.62,458.22,638.32,1,-1,-1,-1
146,50,710.03,382.01,773.99,530.23,1,-1,-1,-1
146,53,1501.33,335.74,1576.41,507.07,1,-1,-1,-1
146,58,1547.54,322.21,1625.62,510.89,1,-1,-1,-1
147,27,989.14,273.82,1090.07,525.67,1,-1,-1,-1
147,29,741.06,259.74,862.01,570.72,1,-1,-1,-1
147,8,244.86,106.56,458.95,639.22,1,-1,-1,-1
147,50,706.73,382.57,769.99,529.41,1,-1,-1,-1
147,53,1499.46,336.73,1573.78,505.64,1,-1,-1,-1
147,58,1541.74,322.24,1619.81,510.91,1,-1,-1,-1
147,30,1542.13,322.76,1620.55,510.24,1,-1,-1,-1
148,27,991.74,276.42,1091.27,523.03,1,-1,-1,-1
148,29,738.75,258.58,860.34,571.45,1,-1,-1,-1
148,8,243.81,104.18,459.70,641.57,1,-1,-1,-1
148,50,704.88,382.13,768.46,530.42,1,-1,-1,-1
148,53,1494.98,337.27,1568.93,505.32,1,-1,-1,-1
148,30,1536.26,323.80,1613.49,508.44,1,-1,-1,-1
149,27,996.65,277.41,1095.63,522.06,1,-1,-1,-1
149,29,736.83,255.51,860.23,573.72,1,-1,-1,-1
149,8,242.90,103.29,459.89,642.46,1,-1,-1,-1
149,50,703.62,382.63,766.58,530.14,1,-1,-1,-1
149,30,1529.83,324.11,1606.66,507.90,1,-1,-1,-1
150,27,999.67,279.78,1097.23,520.41,1,-1,-1,-1
150,29,735.18,251.07,860.59,576.55,1,-1,-1,-1
150,8,242.47,101.65,460.75,644.79,1,-1,-1,-1
150,50,699.25,382.17,762.59,530.70,1,-1,-1,-1
150,30,1526.89,323.48,1603.99,508.46,1,-1,-1,-1
151,27,1001.13,280.67,1097.98,519.15,1,-1,-1,-1
151,29,731.36,251.37,856.20,576.32,1,-1,-1,-1
151,8,246.12,98.41,466.52,648.30,1,-1,-1,-1
151,50,697.18,378.71,760.97,528.27,1,-1,-1,-1
151,53,1480.95,333.64,1555.05,501.37,1,-1,-1,-1
151,30,1522.49,325.31,1597.79,506.61,1,-1,-1,-1
152,27,1005.08,279.66,1102.02,520.06,1,-1,-1,-1
152,29,726.02,251.52,850.64,576.87,1,-1,-1,-1
152,8,247.71,97.86,468.52,648.96,1,-1,-1,-1
152,50,696.56,377.41,760.32,527.36,1,-1,-1,-1
152,53,1473.90,332.52,1548.88,500.92,1,-1,-1,-1
152,30,1515.70,325.27,1590.79,506.66,1,-1,-1,-1
153,27,1007.43,279.94,1103.82,520.43,1,-1,-1,-1
153,29,724.20,252.26,847.81,576.41,1,-1,-1,-1
153,8,248.29,98.34,468.64,648.53,1,-1,-1,-1
153,50,696.15,379.57,759.71,529.65,1,-1,-1,-1
153,53,1471.24,332.80,1546.43,500.77,1,-1,-1,-1
153,30,1509.22,324.56,1584.49,506.70,1,-1,-1,-1
154,27,1008.62,281.36,1104.01,519.93,1,-1,-1,-1
154,29,723.17,252.57,845.94,576.88,1,-1,-1,-1
154,8,248.36,97.68,469.16,649.02,1,-1,-1,-1
154,50,691.63,376.45,756.06,528.55,1,-1,-1,-1
154,53,1466.19,332.91,1541.29,500.08,1,-1,-1,-1
154,30,1507.46,326.30,1581.27,505.39,1,-1,-1,-1
155,27,1009.55,282.56,1104.07,518.44,1,-1,-1,-1
155,29,718.07,251.39,841.54,578.37,1,-1,-1,-1
155,50,689.13,375.29,753.61,528.14,1,-1,-1,-1
155,53,1461.65,332.87,1536.51,499.51,1,-1,-1,-1
155,30,1503.17,326.79,1576.53,504.78,1,-1,-1,-1
156,27,1009.06,282.32,1104.10,518.58,1,-1,-1,-1
156,29,716.01,250.30,839.51,578.92,1,-1,-1,-1
156,8,235.88,96.90,457.79,650.00,1,-1,-1,-1
156,50,684.28,374.87,748.82,527.99,1,-1,-1,-1
156,53,1452.11,332.18,1528.24,500.55,1,-1,-1,-1
156,30,1496.17,326.26,1569.99,505.63,1,-1,-1,-1
157,27,1009.32,282.89,1104.19,517.32,1,-1,-1,-1
157,29,710.31,246.62,835.97,581.75,1,-1,-1,-1
157,8,234.37,96.09,456.20,650.16,1,-1,-1,-1
157,50,678.89,380.00,742.14,529.91,1,-1,-1,-1
157,53,1444.67,331.35,1521.99,501.40,1,-1,-1,-1
157,30,1492.20,324.83,1567.40,507.79,1,-1,-1,-1
158,27,1013.27,282.42,1108.23,516.88,1,-1,-1,-1
158,29,703.74,245.24,830.03,582.15,1,-1,-1,-1
158,8,229.63,97.14,449.96,648.22,1,-1,-1,-1
158,50,675.40,380.65,739.23,531.98,1,-1,-1,-1
158,53,1439.38,331.16,1516.67,501.15,1,-1,-1,-1
158,30,1487.10,328.31,1561.70,509.88,1,-1,-1,-1
159,27,1013.77,277.58,1110.59,516.07,1,-1,-1,-1
159,29,700.13,238.85,828.42,582.27,1,-1,-1,-1
159,8,227.10,97.56,447.13,647.48,1,-1,-1,-1
159,50,668.74,378.26,735.11,534.72,1,-1,-1,-1
159,30,1480.78,326.29,1555.69,508.68,1,-1,-1,-1
160,27,1013.51,275.12,1111.81,516.45,1,-1,-1,-1
160,29,693.83,235.81,823.13,582.95,1,-1,-1,-1
160,8,220.74,95.75,443.00,649.84,1,-1,-1,-1
160,50,666.73,378.02,733.21,535.09,1,-1,-1,-1
160,30,1473.22,324.19,1549.05,508.89,1,-1,-1,-1
161,27,1013.96,274.85,1112.25,515.96,1,-1,-1,-1
161,29,688.59,237.96,815.65,578.62,1,-1,-1,-1
161,8,217.48,92.45,442.42,652.70,1,-1,-1,-1
161,50,665.43,375.31,731.28,531.28,1,-1,-1,-1
161,30,1468.08,324.16,1543.93,508.91,1,-1,-1,-1
162,27,1013.32,273.45,1112.43,516.46,1,-1,-1,-1
162,29,685.78,235.57,813.21,578.24,1,-1,-1,-1
162,8,215.19,91.63,440.71,653.32,1,-1,-1,-1
162,50,661.16,374.94,726.64,529.80,1,-1,-1,-1
162,30,1460.18,326.37,1533.97,505.87,1,-1,-1,-1
163,27,1013.40,272.94,1112.75,516.67,1,-1,-1,-1
163,29,684.08,234.05,811.86,578.76,1,-1,-1,-1
163,8,218.80,97.94,438.62,647.00,1,-1,-1,-1
163,50,654.94,373.50,721.12,529.90,1,-1,-1,-1
163,30,1452.60,326.18,1526.32,505.18,1,-1,-1,-1
164,27,1012.78,272.12,1112.75,517.42,1,-1,-1,-1
164,29,678.97,232.87,807.52,578.95,1,-1,-1,-1
164,8,217.08,97.86,436.90,646.91,1,-1,-1,-1
164,50,651.74,372.97,718.13,529.94,1,-1,-1,-1
164,30,1445.96,327.45,1519.17,504.94,1,-1,-1,-1
165,27,1013.03,272.48,1112.85,517.06,1,-1,-1,-1
165,29,673.45,230.51,801.81,575.73,1,-1,-1,-1
165,8,210.96,103.48,425.74,641.43,1,-1,-1,-1
165,50,646.77,373.45,713.10,529.30,1,-1,-1,-1
165,30,1438.47,327.25,1511.32,503.54,1,-1,-1,-1
166,27,1013.37,273.31,1112.56,516.27,1,-1,-1,-1
166,29,671.07,228.34,799.53,575.16,1,-1,-1,-1
166,8,208.75,103.99,423.07,640.78,1,-1,-1,-1
166,50,643.95,372.34,711.06,530.38,1,-1,-1,-1
166,30,1431.51,327.83,1503.69,503.02,1,-1,-1,-1
167,27,1013.77,272.31,1113.43,516.65,1,-1,-1,-1
167,29,669.14,224.95,798.65,576.93,1,-1,-1,-1
167,50,639.10,371.28,706.42,530.13,1,-1,-1,-1
167,30,1424.31,326.70,1496.60,502.85,1,-1,-1,-1
168,27,1017.72,271.30,1117.81,518.12,1,-1,-1,-1
168,29,665.57,226.34,793.53,574.34,1,-1,-1,-1
168,50,637.10,371.55,703.74,529.38,1,-1,-1,-1
168,30,1417.51,328.26,1489.24,503.47,1,-1,-1,-1
169,27,1019.06,270.93,1118.90,518.68,1,-1,-1,-1
169,29,664.51,227.61,790.88,572.02,1,-1,-1,-1
169,50,633.35,373.00,698.73,527.78,1,-1,-1,-1
169,30,1409.99,327.52,1481.98,503.72,1,-1,-1,-1
170,27,1021.01,272.12,1119.09,516.92,1,-1,-1,-1
170,29,659.68,228.15,785.97,571.16,1,-1,-1,-1
170,50,631.50,373.57,696.23,527.17,1,-1,-1,-1
170,30,1402.88,326.57,1475.42,503.82,1,-1,-1,-1
171,27,1022.09,272.60,1118.74,514.93,1,-1,-1,-1
171,29,657.64,226.40,785.27,572.84,1,-1,-1,-1
171,8,194.38,101.36,409.84,642.64,1,-1,-1,-1
171,50,626.48,371.14,692.57,527.62,1,-1,-1,-1
171,53,1352.37,331.94,1428.28,499.96,1,-1,-1,-1
171,30,1395.51,325.54,1468.23,503.21,1,-1,-1,-1
172,27,1027.51,272.79,1122.79,513.52,1,-1,-1,-1
172,29,656.41,226.44,784.37,573.49,1,-1,-1,-1
172,8,193.65,96.32,409.50,640.76,1,-1,-1,-1
172,50,624.71,372.21,689.99,526.48,1,-1,-1,-1
172,53,1349.19,331.29,1425.68,502.03,1,-1,-1,-1
172,30,1388.17,325.82,1460.65,502.98,1,-1,-1,-1
173,27,1030.40,273.53,1124.01,511.68,1,-1,-1,-1
173,29,655.56,226.49,784.01,574.41,1,-1,-1,-1
173,8,189.37,95.96,404.14,638.14,1,-1,-1,-1
173,50,624.26,372.64,689.10,526.06,1,-1,-1,-1
173,53,1343.07,329.76,1420.47,503.36,1,-1,-1,-1
173,30,1380.98,324.60,1454.14,503.57,1,-1,-1,-1
174,27,1031.71,274.48,1124.13,511.01,1,-1,-1,-1
174,29,655.02,226.55,783.65,575.43,1,-1,-1,-1
174,8,182.65,95.17,397.50,637.18,1,-1,-1,-1
174,50,623.94,372.81,688.49,525.91,1,-1,-1,-1
174,53,1337.29,333.79,1412.55,503.86,1,-1,-1,-1
174,30,1374.32,326.78,1446.23,502.48,1,-1,-1,-1
175,27,1036.12,274.18,1128.11,512.12,1,-1,-1,-1
175,29,655.59,229.24,782.93,574.49,1,-1,-1,-1
175,8,187.08,98.86,398.15,633.53,1,-1,-1,-1
175,50,622.93,371.56,688.06,527.19,1,-1,-1,-1
175,53,1331.27,338.01,1403.92,502.70,1,-1,-1,-1
175,30,1367.82,328.29,1439.15,502.07,1,-1,-1,-1
176,27,1037.83,272.74,1130.09,513.21,1,-1,-1,-1
176,29,651.42,228.96,779.98,575.46,1,-1,-1,-1
176,8,184.27,100.94,393.18,631.52,1,-1,-1,-1
176,50,619.00,371.10,684.37,527.68,1,-1,-1,-1
176,53,1324.31,337.57,1397.22,503.60,1,-1,-1,-1
176,30,1360.42,327.51,1432.03,501.93,1,-1,-1,-1
177,27,1038.84,272.86,1130.35,512.32,1,-1,-1,-1
177,29,650.63,232.83,778.91,576.49,1,-1,-1,-1
177,8,183.44,101.72,391.29,630.14,1,-1,-1,-1
177,50,617.09,370.93,682.27,527.87,1,-1,-1,-1
177,53,1316.93,333.40,1391.35,503.93,1,-1,-1,-1
177,30,1353.05,327.22,1425.20,502.55,1,-1,-1,-1
178,27,1039.00,271.58,1131.18,512.66,1,-1,-1,-1
178,29,649.10,229.01,779.27,576.88,1,-1,-1,-1
178,8,181.24,102.00,388.54,629.01,1,-1,-1,-1
178,50,615.80,369.56,681.57,529.26,1,-1,-1,-1
178,53,1309.49,331.17,1384.37,504.05,1,-1,-1,-1
178,30,1346.35,327.76,1418.47,502.79,1,-1,-1,-1
179,27,1038.61,271.11,1131.16,512.79,1,-1,-1,-1
179,29,648.19,225.60,779.87,577.02,1,-1,-1,-1
179,8,170.30,98.15,381.35,633.45,1,-1,-1,-1
179,50,612.03,369.71,677.55,529.13,1,-1,-1,-1
179,53,1303.07,330.98,1377.25,502.77,1,-1,-1,-1
179,30,1334.50,327.30,1407.27,502.89,1,-1,-1,-1
180,27,1038.76,271.60,1131.41,512.85,1,-1,-1,-1
180,29,647.39,223.01,780.05,577.06,1,-1,-1,-1
180,8,167.18,97.98,378.09,632.93,1,-1,-1,-1
180,50,610.40,370.44,675.08,528.42,1,-1,-1,-1
180,53,1296.71,330.91,1370.40,502.27,1,-1,-1,-1
180,30,1330.67,328.45,1402.27,500.95,1,-1,-1,-1
181,27,1038.12,271.80,1131.44,513.55,1,-1,-1,-1
181,29,647.26,222.71,780.07,577.07,1,-1,-1,-1
181,8,166.17,96.39,379.10,635.23,1,-1,-1,-1
181,50,610.40,372.06,673.74,527.48,1,-1,-1,-1
181,53,1293.43,330.90,1366.54,501.42,1,-1,-1,-1
181,30,1324.58,328.88,1395.70,500.22,1,-1,-1,-1
182,27,1037.92,273.20,1131.31,513.81,1,-1,-1,-1
182,29,647.97,223.28,780.11,575.76,1,-1,-1,-1
182,8,166.30,96.70,378.95,635.00,1,-1,-1,-1
182,50,606.45,372.01,670.07,527.79,1,-1,-1,-1
182,53,1287.17,329.58,1361.35,503.09,1,-1,-1,-1
182,30,1318.17,329.03,1389.27,500.62,1,-1,-1,-1
183,27,1037.85,273.07,1131.85,513.92,1,-1,-1,-1
183,29,647.11,222.21,780.05,576.57,1,-1,-1,-1
183,8,164.39,92.84,380.29,638.90,1,-1,-1,-1
183,50,604.07,370.01,669.12,529.24,1,-1,-1,-1
183,53,1281.43,333.03,1354.65,505.03,1,-1,-1,-1
183,30,1310.81,328.42,1382.40,501.45,1,-1,-1,-1
184,27,1037.76,273.69,1132.04,513.96,1,-1,-1,-1
184,29,647.18,221.83,780.38,577.54,1,-1,-1,-1
184,8,161.92,92.20,378.15,639.11,1,-1,-1,-1
184,50,602.89,369.92,667.88,529.78,1,-1,-1,-1
184,53,1275.54,335.69,1347.06,504.44,1,-1,-1,-1
184,30,1304.54,330.16,1375.23,501.10,1,-1,-1,-1
185,27,1037.43,273.26,1132.35,514.64,1,-1,-1,-1
185,29,646.64,220.40,780.50,577.90,1,-1,-1,-1
185,50,602.57,370.55,666.81,529.32,1,-1,-1,-1
185,53,1270.03,338.02,1340.03,503.55,1,-1,-1,-1
185,30,1302.57,330.82,1372.72,500.98,1,-1,-1,-1
186,27,1037.12,272.43,1132.60,514.89,1,-1,-1,-1
186,29,647.05,220.54,780.66,578.03,1,-1,-1,-1
186,50,597.62,369.48,662.83,531.12,1,-1,-1,-1
186,53,1263.13,338.20,1333.41,504.54,1,-1,-1,-1
186,30,1296.86,330.39,1367.31,502.27,1,-1,-1,-1
187,27,1037.10,271.46,1133.21,515.65,1,-1,-1,-1
187,29,646.23,219.30,780.46,580.05,1,-1,-1,-1
187,50,595.77,370.39,660.15,530.48,1,-1,-1,-1
187,53,1255.17,336.93,1326.83,506.89,1,-1,-1,-1
187,30,1295.55,334.84,1364.22,503.41,1,-1,-1,-1
188,27,1036.80,271.10,1133.03,515.93,1,-1,-1,-1
188,29,642.04,217.54,777.09,581.46,1,-1,-1,-1
188,50,591.10,369.43,656.02,530.89,1,-1,-1,-1
188,53,1248.24,337.09,1320.18,507.76,1,-1,-1,-1
188,30,1290.86,337.85,1357.84,503.18,1,-1,-1,-1
189,27,1035.87,268.33,1133.08,516.69,1,-1,-1,-1
189,29,640.30,216.90,775.35,581.98,1,-1,-1,-1
189,50,589.03,370.39,652.97,530.37,1,-1,-1,-1
189,53,1240.46,337.14,1312.75,508.74,1,-1,-1,-1
189,42,413.82,364.01,490.18,550.00,1,-1,-1,-1
189,30,1284.90,339.61,1350.80,502.42,1,-1,-1,-1
190,27,1036.47,267.95,1133.42,516.97,1,-1,-1,-1
190,29,639.52,216.69,774.25,582.82,1,-1,-1,-1
190,50,586.43,370.31,650.46,530.50,1,-1,-1,-1
190,53,1232.21,336.49,1305.84,511.07,1,-1,-1,-1
190,42,411.50,357.02,491.39,548.72,1,-1,-1,-1
190,30,1274.28,340.22,1340.33,503.48,1,-1,-1,-1
191,27,1036.23,267.17,1133.33,517.73,1,-1,-1,-1
191,29,635.24,217.30,769.35,583.12,1,-1,-1,-1
191,53,1225.45,340.82,1297.48,511.93,1,-1,-1,-1
191,42,409.43,352.04,492.58,549.48,1,-1,-1,-1
191,30,1268.72,337.76,1336.52,505.86,1,-1,-1,-1
192,27,1035.75,266.23,1133.01,518.66,1,-1,-1,-1
192,29,633.44,218.21,766.43,582.56,1,-1,-1,-1
192,50,432.51,354.83,509.08,544.47,1,-1,-1,-1
192,53,1217.89,341.15,1290.58,513.55,1,-1,-1,-1
192,42,407.86,350.41,491.65,549.38,1,-1,-1,-1
192,30,1258.37,337.47,1326.68,506.74,1,-1,-1,-1
193,27,1035.30,262.61,1133.13,517.69,1,-1,-1,-1
193,29,627.95,217.26,761.67,582.98,1,-1,-1,-1
193,50,403.90,347.97,483.72,544.07,1,-1,-1,-1
193,53,1210.57,337.96,1284.37,512.81,1,-1,-1,-1
193,30,1253.27,336.02,1322.59,507.72,1,-1,-1,-1
194,27,1036.15,262.57,1132.79,515.35,1,-1,-1,-1
194,29,621.66,217.58,755.65,583.13,1,-1,-1,-1
194,50,392.29,344.05,473.90,543.86,1,-1,-1,-1
194,53,1203.10,337.39,1276.69,511.85,1,-1,-1,-1
194,30,1242.62,334.14,1313.15,508.07,1,-1,-1,-1
195,27,1036.51,265.89,1131.29,515.76,1,-1,-1,-1
195,29,617.78,214.42,753.71,585.81,1,-1,-1,-1
195,50,384.34,343.22,466.94,544.38,1,-1,-1,-1
195,53,1192.41,339.15,1264.37,509.48,1,-1,-1,-1
195,30,1233.58,335.38,1303.22,506.88,1,-1,-1,-1
195,69,531.58,337.32,599.46,519.44,1,-1,-1,-1
196,27,1036.76,267.83,1129.93,515.92,1,-1,-1,-1
196,29,611.93,211.94,749.66,587.46,1,-1,-1,-1
196,50,377.08,342.98,459.93,543.89,1,-1,-1,-1
196,53,1188.56,339.81,1259.42,507.89,1,-1,-1,-1
196,30,1226.98,337.18,1295.22,505.08,1,-1,-1,-1
196,69,525.63,334.17,595.59,522.04,1,-1,-1,-1
197,27,1033.57,270.56,1124.75,513.99,1,-1,-1,-1
197,29,606.23,213.63,743.24,585.44,1,-1,-1,-1
197,50,374.37,342.96,457.00,543.01,1,-1,-1,-1
197,53,1178.17,339.38,1249.12,507.96,1,-1,-1,-1
197,30,1213.79,330.52,1284.88,505.05,1,-1,-1,-1
197,69,522.47,333.88,592.88,522.87,1,-1,-1,-1
198,27,1031.63,270.93,1122.86,514.60,1,-1,-1,-1
198,29,603.10,214.99,739.33,583.98,1,-1,-1,-1
198,8,117.76,92.84,330.68,625.27,1,-1,-1,-1
198,50,369.47,341.72,452.39,542.64,1,-1,-1,-1
198,53,1170.14,340.53,1240.02,506.66,1,-1,-1,-1
198,30,1205.45,330.04,1275.73,503.09,1,-1,-1,-1
198,69,517.20,333.11,587.86,522.42,1,-1,-1,-1
199,27,1030.56,271.05,1121.89,514.83,1,-1,-1,-1
199,29,597.68,214.20,735.06,584.73,1,-1,-1,-1
199,8,114.80,92.77,327.44,624.50,1,-1,-1,-1
199,50,367.94,341.96,450.58,542.47,1,-1,-1,-1
199,53,1158.33,338.96,1228.69,506.17,1,-1,-1,-1
199,30,1198.24,330.53,1267.65,501.66,1,-1,-1,-1
199,69,515.07,334.95,584.54,520.84,1,-1,-1,-1
200,27,1026.58,271.75,1117.85,514.26,1,-1,-1,-1
200,29,593.73,207.32,733.61,584.35,1,-1,-1,-1
200,50,363.87,342.11,446.54,543.03,1,-1,-1,-1
200,53,1150.34,341.01,1219.33,505.33,1,-1,-1,-1
200,30,1191.48,330.73,1260.64,501.79,1,-1,-1,-1
200,69,510.93,334.95,580.12,519.56,1,-1,-1,-1
201,27,1024.62,271.35,1116.18,513.38,1,-1,-1,-1
201,29,588.71,206.71,728.95,583.54,1,-1,-1,-1
201,50,362.03,341.57,444.83,543.22,1,-1,-1,-1
201,53,1147.14,341.79,1215.35,505.02,1,-1,-1,-1
201,30,1185.10,334.12,1253.16,503.17,1,-1,-1,-1
201,69,508.79,334.27,578.78,520.47,1,-1,-1,-1
202,27,1023.30,271.18,1115.56,514.38,1,-1,-1,-1
202,29,585.81,203.24,727.76,584.54,1,-1,-1,-1
202,50,357.59,341.41,440.23,543.27,1,-1,-1,-1
202,53,1142.70,346.72,1208.40,504.92,1,-1,-1,-1
202,30,1178.38,336.74,1245.33,503.70,1,-1,-1,-1
202,69,502.75,333.35,573.68,521.49,1,-1,-1,-1
203,27,1022.60,271.78,1114.95,514.77,1,-1,-1,-1
203,29,580.69,201.31,723.69,584.91,1,-1,-1,-1
203,50,352.23,342.71,433.74,541.96,1,-1,-1,-1
203,53,1135.76,346.54,1202.39,507.58,1,-1,-1,-1
203,30,1170.81,335.72,1238.73,505.23,1,-1,-1,-1
203,69,496.33,329.67,568.18,519.86,1,-1,-1,-1
204,27,1018.47,271.99,1110.73,514.25,1,-1,-1,-1
204,29,578.27,200.62,721.54,584.39,1,-1,-1,-1
204,50,349.95,343.26,431.00,542.10,1,-1,-1,-1
204,53,1127.93,347.11,1194.62,508.55,1,-1,-1,-1
204,30,1167.47,336.65,1234.63,504.48,1,-1,-1,-1
204,69,492.54,326.98,565.79,520.57,1,-1,-1,-1
205,27,1016.47,270.74,1109.67,515.38,1,-1,-1,-1
205,29,577.49,202.39,719.52,582.87,1,-1,-1,-1
205,50,345.50,344.81,425.65,542.14,1,-1,-1,-1
205,53,1120.74,345.97,1188.55,510.24,1,-1,-1,-1
205,30,1162.31,337.65,1229.00,504.19,1,-1,-1,-1
205,69,486.56,324.67,561.13,521.51,1,-1,-1,-1
206,27,1011.21,270.27,1105.31,517.13,1,-1,-1,-1
206,29,573.27,202.45,715.02,582.28,1,-1,-1,-1
206,50,343.61,343.45,423.85,542.14,1,-1,-1,-1
206,53,1110.09,347.49,1177.60,510.87,1,-1,-1,-1
206,30,1156.15,338.02,1223.03,504.74,1,-1,-1,-1
206,69,484.06,324.49,558.56,521.21,1,-1,-1,-1
207,27,1009.46,270.09,1103.52,517.13,1,-1,-1,-1
207,29,571.14,201.85,713.44,582.72,1,-1,-1,-1
207,50,338.88,343.61,419.19,542.79,1,-1,-1,-1
207,53,1101.65,348.71,1168.51,510.43,1,-1,-1,-1
207,30,1148.94,338.14,1216.26,505.60,1,-1,-1,-1
207,69,479.21,324.47,553.87,521.75,1,-1,-1,-1
207,72,120.15,384.44,180.63,546.07,1,-1,-1,-1
208,27,1009.53,272.00,1102.25,515.80,1,-1,-1,-1
208,29,569.89,200.34,713.52,584.21,1,-1,-1,-1
208,50,333.18,343.70,413.34,543.03,1,-1,-1,-1
208,53,1097.86,349.81,1163.66,509.58,1,-1,-1,-1
208,30,1142.09,338.17,1209.77,505.93,1,-1,-1,-1
208,69,476.40,324.51,551.38,522.61,1,-1,-1,-1
208,72,115.92,385.42,175.74,545.44,1,-1,-1,-1
209,27,1008.69,272.06,1101.46,515.95,1,-1,-1,-1
209,29,564.55,199.14,710.09,586.75,1,-1,-1,-1
209,50,330.26,343.09,411.11,544.42,1,-1,-1,-1
209,53,1087.65,348.19,1154.62,511.25,1,-1,-1,-1
209,30,1134.42,338.83,1202.35,506.70,1,-1,-1,-1
209,69,473.09,330.48,545.72,521.61,1,-1,-1,-1
209,72,109.01,385.06,169.27,545.93,1,-1,-1,-1
210,27,1008.48,271.42,1101.83,517.33,1,-1,-1,-1
210,29,562.20,198.72,708.66,588.36,1,-1,-1,-1
210,8,49.63,88.08,271.47,629.71,1,-1,-1,-1
210,50,326.50,349.44,405.53,546.26,1,-1,-1,-1
210,53,1078.93,347.58,1146.75,512.52,1,-1,-1,-1
210,30,1122.47,337.74,1191.95,508.97,1,-1,-1,-1
210,69,471.19,334.15,542.56,521.89,1,-1,-1,-1
210,72,100.54,379.96,164.47,549.64,1,-1,-1,-1
211,27,1007.85,271.17,1101.32,517.84,1,-1,-1,-1
211,29,557.59,199.91,703.51,587.65,1,-1,-1,-1
211,8,43.40,81.06,273.21,636.81,1,-1,-1,-1
211,50,319.67,349.91,399.43,548.27,1,-1,-1,-1
211,53,1071.40,347.98,1139.35,512.99,1,-1,-1,-1
211,30,1114.09,342.57,1182.53,509.81,1,-1,-1,-1
211,69,466.46,334.17,538.35,523.33,1,-1,-1,-1
211,72,92.30,378.88,158.18,552.27,1,-1,-1,-1
212,27,1007.80,271.73,1101.04,518.69,1,-1,-1,-1
212,29,555.39,199.74,702.22,589.33,1,-1,-1,-1
212,8,35.38,75.45,270.43,641.80,1,-1,-1,-1
212,50,313.22,353.37,391.59,547.02,1,-1,-1,-1
212,53,1063.70,348.35,1131.69,513.44,1,-1,-1,-1
212,30,1107.52,345.75,1175.01,510.11,1,-1,-1,-1
212,69,460.11,334.16,532.37,523.85,1,-1,-1,-1
212,72,85.39,383.26,151.44,555.91,1,-1,-1,-1
213,27,1008.49,277.22,1099.66,519.00,1,-1,-1,-1
213,29,554.30,198.38,702.21,590.61,1,-1,-1,-1
213,8,30.12,73.99,266.29,643.04,1,-1,-1,-1
213,50,310.23,352.01,389.74,548.51,1,-1,-1,-1
213,30,1104.92,348.91,1170.94,509.54,1,-1,-1,-1
213,69,457.75,335.47,529.71,524.04,1,-1,-1,-1
213,72,76.48,380.93,146.38,561.93,1,-1,-1,-1
214,27,1004.82,278.63,1095.85,519.77,1,-1,-1,-1
214,29,554.43,203.81,701.22,593.05,1,-1,-1,-1
214,8,31.95,73.67,269.75,645.61,1,-1,-1,-1
214,50,304.19,349.51,385.77,551.02,1,-1,-1,-1
214,30,1099.56,350.04,1165.08,509.30,1,-1,-1,-1
214,69,456.16,334.63,529.07,526.09,1,-1,-1,-1
214,72,72.82,380.09,144.54,564.75,1,-1,-1,-1
215,27,1003.37,279.80,1094.60,520.71,1,-1,-1,-1
215,29,549.89,205.90,696.41,593.29,1,-1,-1,-1
215,8,27.43,72.33,266.36,646.99,1,-1,-1,-1
215,50,301.82,348.56,384.10,551.95,1,-1,-1,-1
215,30,1093.07,349.08,1159.25,509.87,1,-1,-1,-1
215,69,456.33,340.23,526.99,526.19,1,-1,-1,-1
215,72,66.43,379.39,139.37,567.16,1,-1,-1,-1
216,27,1002.15,280.21,1093.59,520.38,1,-1,-1,-1
216,29,547.72,201.40,695.91,592.03,1,-1,-1,-1
216,50,297.40,349.50,378.91,550.96,1,-1,-1,-1
216,30,1086.44,350.04,1152.36,510.20,1,-1,-1,-1
216,69,451.88,338.35,523.05,525.54,1,-1,-1,-1
216,72,65.96,381.25,138.15,565.26,1,-1,-1,-1
217,27,997.86,281.65,1089.19,519.58,1,-1,-1,-1
217,29,546.18,198.39,695.96,592.19,1,-1,-1,-1
217,50,295.99,350.52,376.45,549.88,1,-1,-1,-1
217,42,449.18,342.81,524.02,526.12,1,-1,-1,-1
217,69,448.57,338.90,519.65,525.84,1,-1,-1,-1
217,72,64.61,380.95,137.42,565.71,1,-1,-1,-1
218,27,994.76,276.18,1088.47,518.60,1,-1,-1,-1
218,29,546.54,199.90,695.22,589.60,1,-1,-1,-1
218,50,295.00,349.58,375.74,550.12,1,-1,-1,-1
218,42,443.77,335.33,520.98,527.31,1,-1,-1,-1
218,30,1071.95,346.90,1139.17,510.98,1,-1,-1,-1
218,72,59.42,380.55,133.09,567.47,1,-1,-1,-1
218,78,1541.51,105.83,1758.85,624.93,1,-1,-1,-1
219,27,993.20,276.76,1088.06,520.86,1,-1,-1,-1
219,29,546.14,198.51,695.68,589.26,1,-1,-1,-1
219,50,291.02,349.88,371.51,550.19,1,-1,-1,-1
219,42,442.51,333.42,519.66,527.54,1,-1,-1,-1
219,30,1069.29,347.11,1136.02,511.11,1,-1,-1,-1
219,72,60.27,384.69,130.49,562.85,1,-1,-1,-1
219,78,1521.35,110.04,1735.05,619.40,1,-1,-1,-1
220,27,991.95,276.98,1088.02,522.38,1,-1,-1,-1
220,29,545.31,196.02,696.68,590.44,1,-1,-1,-1
220,8,22.77,65.97,264.66,653.06,1,-1,-1,-1
220,50,289.44,350.65,369.67,550.86,1,-1,-1,-1
220,42,437.96,334.10,514.38,526.99,1,-1,-1,-1
220,30,1062.92,347.52,1129.62,511.43,1,-1,-1,-1
220,72,61.01,392.48,127.88,561.92,1,-1,-1,-1
220,78,1504.65,116.52,1718.01,623.68,1,-1,-1,-1
220,79,1695.12,289.67,1852.84,668.37,1,-1,-1,-1
221,27,987.22,277.71,1084.49,523.60,1,-1,-1,-1
221,29,544.79,196.42,696.73,590.88,1,-1,-1,-1
221,8,25.41,71.77,261.50,647.92,1,-1,-1,-1
221,50,284.93,352.26,363.99,549.11,1,-1,-1,-1
221,42,435.38,333.74,511.84,527.49,1,-1,-1,-1
221,72,59.20,385.67,129.25,563.61,1,-1,-1,-1
221,78,1490.89,123.58,1701.08,620.86,1,-1,-1,-1
221,79,1688.28,288.88,1846.81,669.52,1,-1,-1,-1
222,27,984.95,278.64,1083.09,524.05,1,-1,-1,-1
222,29,543.12,192.64,698.35,595.00,1,-1,-1,-1
222,8,22.66,74.38,255.42,645.54,1,-1,-1,-1
222,50,282.90,351.53,362.52,549.77,1,-1,-1,-1
222,42,432.95,330.96,511.06,529.71,1,-1,-1,-1
222,72,57.14,379.35,131.21,567.47,1,-1,-1,-1
222,78,1476.59,125.82,1686.48,619.93,1,-1,-1,-1
223,27,984.58,279.65,1082.87,523.53,1,-1,-1,-1
223,29,543.15,191.24,699.05,595.88,1,-1,-1,-1
223,8,22.21,76.02,252.76,643.98,1,-1,-1,-1
223,50,281.39,350.59,361.68,550.66,1,-1,-1,-1
223,42,429.04,329.95,507.19,529.22,1,-1,-1,-1
223,72,53.00,383.38,126.47,570.21,1,-1,-1,-1
223,78,1461.70,125.71,1673.08,620.35,1,-1,-1,-1
224,27,984.96,281.34,1082.40,522.00,1,-1,-1,-1
224,29,539.45,193.37,693.95,594.23,1,-1,-1,-1
224,8,19.72,75.96,250.34,644.12,1,-1,-1,-1
224,50,277.43,350.89,357.80,550.99,1,-1,-1,-1
224,42,426.88,329.62,505.12,530.37,1,-1,-1,-1
224,72,47.03,384.37,120.70,571.23,1,-1,-1,-1
224,78,1448.11,127.58,1659.29,618.48,1,-1,-1,-1
224,79,1629.60,306.93,1779.97,664.45,1,-1,-1,-1
225,27,985.73,283.29,1081.74,519.41,1,-1,-1,-1
225,29,541.14,190.26,697.58,596.21,1,-1,-1,-1
225,8,14.97,90.83,236.78,638.59,1,-1,-1,-1
225,50,276.00,352.32,355.89,551.10,1,-1,-1,-1
225,42,426.97,335.49,502.20,529.48,1,-1,-1,-1
225,72,41.55,388.70,112.77,568.93,1,-1,-1,-1
225,78,1439.35,135.62,1648.50,618.52,1,-1,-1,-1
225,79,1611.42,304.01,1766.02,668.46,1,-1,-1,-1
226,27,985.91,285.33,1081.05,518.43,1,-1,-1,-1
226,29,543.24,187.80,698.22,591.69,1,-1,-1,-1
226,8,9.20,93.49,229.05,637.35,1,-1,-1,-1
226,50,272.49,352.56,352.39,551.39,1,-1,-1,-1
226,42,423.69,337.79,497.82,529.13,1,-1,-1,-1
226,72,37.56,389.08,109.02,569.95,1,-1,-1,-1
226,78,1430.30,130.92,1642.19,618.59,1,-1,-1,-1
226,79,1602.36,305.94,1755.46,666.22,1,-1,-1,-1
227,27,984.90,282.72,1081.97,520.07,1,-1,-1,-1
227,29,539.53,186.24,693.83,590.59,1,-1,-1,-1
227,8,6.95,94.39,226.08,637.60,1,-1,-1,-1
227,42,421.45,337.97,496.00,530.35,1,-1,-1,-1
227,78,1418.15,129.77,1630.88,617.29,1,-1,-1,-1
227,79,1595.22,307.93,1746.55,664.01,1,-1,-1,-1
228,27,984.16,280.42,1082.74,521.35,1,-1,-1,-1
228,29,538.18,185.04,692.18,590.84,1,-1,-1,-1
228,8,3.90,95.97,222.20,637.14,1,-1,-1,-1
228,50,274.31,351.32,355.27,552.84,1,-1,-1,-1
228,42,415.65,334.05,491.78,530.14,1,-1,-1,-1
228,78,1407.18,125.22,1624.15,620.86,1,-1,-1,-1
228,79,1583.72,305.17,1733.70,658.45,1,-1,-1,-1
229,27,985.47,282.82,1082.83,519.85,1,-1,-1,-1
229,29,537.78,185.28,690.87,590.28,1,-1,-1,-1
229,50,270.44,351.80,350.98,551.71,1,-1,-1,-1
229,42,414.25,337.19,489.54,530.71,1,-1,-1,-1
229,78,1395.37,126.37,1611.74,620.64,1,-1,-1,-1
229,79,1577.95,319.65,1722.17,659.82,1,-1,-1,-1
230,27,985.85,284.40,1082.41,519.27,1,-1,-1,-1
230,29,533.95,190.70,685.57,591.38,1,-1,-1,-1
230,8,0.83,84.56,227.36,649.64,1,-1,-1,-1
230,50,267.70,351.92,348.28,551.93,1,-1,-1,-1
230,42,409.62,339.07,484.32,530.27,1,-1,-1,-1
230,78,1379.83,121.62,1600.00,623.23,1,-1,-1,-1
230,79,1566.60,322.66,1709.22,659.06,1,-1,-1,-1
231,27,985.95,283.64,1082.36,519.06,1,-1,-1,-1
231,29,1264.53,145.74,1439.19,601.08,1,-1,-1,-1
231,8,-1.98,84.61,224.91,650.59,1,-1,-1,-1
231,53,951.69,365.91,1017.74,522.00,1,-1,-1,-1
231,42,406.45,337.78,482.64,532.76,1,-1,-1,-1
231,78,1367.61,115.27,1592.88,629.19,1,-1,-1,-1
232,27,986.08,285.33,1080.96,518.98,1,-1,-1,-1
232,29,1343.71,140.52,1520.78,602.19,1,-1,-1,-1
232,53,945.73,366.80,1011.60,522.45,1,-1,-1,-1
232,42,401.39,337.29,478.13,533.68,1,-1,-1,-1
232,78,1357.58,120.91,1578.59,624.72,1,-1,-1,-1
233,27,986.19,285.95,1079.76,518.30,1,-1,-1,-1
233,50,261.26,350.26,343.13,553.84,1,-1,-1,-1
233,42,399.56,337.10,476.51,534.02,1,-1,-1,-1
233,78,1348.70,125.08,1570.01,628.96,1,-1,-1,-1
234,27,981.99,284.83,1076.29,520.03,1,-1,-1,-1
234,29,1579.65,130.02,1763.37,599.96,1,-1,-1,-1
234,50,261.40,356.20,341.14,554.74,1,-1,-1,-1
234,42,394.47,337.69,471.27,534.14,1,-1,-1,-1
234,78,1335.76,126.61,1558.05,631.19,1,-1,-1,-1
234,83,528.44,193.80,676.17,593.20,1,-1,-1,-1
235,27,985.79,289.68,1077.59,521.35,1,-1,-1,-1
235,29,1604.10,130.31,1790.70,598.21,1,-1,-1,-1
235,8,-16.62,84.98,208.58,649.48,1,-1,-1,-1
235,50,257.39,358.92,336.56,556.38,1,-1,-1,-1
235,42,391.69,337.92,468.35,534.16,1,-1,-1,-1
235,78,1322.67,129.81,1543.48,630.02,1,-1,-1,-1
235,83,525.91,191.77,674.99,594.46,1,-1,-1,-1
236,27,982.52,286.85,1074.25,520.51,1,-1,-1,-1
236,29,1684.65,125.59,1873.33,598.70,1,-1,-1,-1
236,8,-19.78,85.05,205.61,649.99,1,-1,-1,-1
236,50,254.88,359.69,333.96,556.91,1,-1,-1,-1
236,42,387.30,338.66,463.53,533.50,1,-1,-1,-1
236,78,1308.49,134.29,1529.60,633.52,1,-1,-1,-1
236,83,524.50,189.63,674.70,594.89,1,-1,-1,-1
237,27,978.54,292.38,1067.21,518.88,1,-1,-1,-1
237,50,250.34,360.88,328.91,556.31,1,-1,-1,-1
237,42,383.68,337.61,460.59,534.56,1,-1,-1,-1
237,78,1298.67,147.86,1511.25,624.87,1,-1,-1,-1
237,83,518.26,187.51,670.57,598.59,1,-1,-1,-1
238,27,975.67,289.11,1064.64,517.58,1,-1,-1,-1
238,8,-22.39,90.99,198.03,644.19,1,-1,-1,-1
238,50,249.70,364.62,325.56,552.83,1,-1,-1,-1
238,53,908.04,366.29,975.99,521.20,1,-1,-1,-1
238,42,378.03,337.87,455.42,535.61,1,-1,-1,-1
238,30,949.92,350.05,1020.02,520.97,1,-1,-1,-1
238,78,1282.61,144.84,1499.05,628.28,1,-1,-1,-1
238,83,516.81,189.58,667.85,597.10,1,-1,-1,-1
238,86,1514.63,143.58,1727.85,597.94,1,-1,-1,-1
239,27,975.70,289.87,1063.36,516.45,1,-1,-1,-1
239,8,-25.20,91.61,194.91,644.05,1,-1,-1,-1
239,50,247.23,365.76,322.62,552.81,1,-1,-1,-1
239,53,904.16,358.58,975.42,519.71,1,-1,-1,-1
239,42,371.70,337.31,449.98,536.66,1,-1,-1,-1
239,30,947.11,350.07,1016.86,520.47,1,-1,-1,-1
239,78,1271.75,144.35,1489.70,629.51,1,-1,-1,-1
239,83,512.73,191.77,662.41,594.43,1,-1,-1,-1
239,86,1497.02,141.94,1713.06,601.72,1,-1,-1,-1
240,27,974.91,288.14,1062.48,516.70,1,-1,-1,-1
240,50,239.04,366.98,313.19,550.58,1,-1,-1,-1
240,53,898.65,361.97,969.43,521.19,1,-1,-1,-1
240,42,364.96,337.10,443.29,536.38,1,-1,-1,-1
240,30,942.12,351.40,1011.26,519.64,1,-1,-1,-1
240,78,1261.42,150.71,1474.19,622.67,1,-1,-1,-1
240,83,504.83,189.85,656.81,596.87,1,-1,-1,-1
240,86,1486.81,142.79,1702.87,602.04,1,-1,-1,-1
241,27,971.79,290.13,1057.14,514.16,1,-1,-1,-1
241,50,235.94,368.13,309.51,550.31,1,-1,-1,-1
241,53,892.73,363.96,963.52,521.76,1,-1,-1,-1
241,42,361.42,335.70,440.70,537.58,1,-1,-1,-1
241,30,936.23,351.89,1005.67,520.64,1,-1,-1,-1
241,78,1246.07,142.97,1462.86,622.74,1,-1,-1,-1
241,83,502.34,190.51,654.62,597.08,1,-1,-1,-1
241,86,1479.83,143.78,1694.93,601.26,1,-1,-1,-1
242,27,966.53,291.53,1050.65,512.54,1,-1,-1,-1
242,50,230.23,367.46,304.72,550.81,1,-1,-1,-1
242,53,886.04,365.38,956.25,520.65,1,-1,-1,-1
242,42,356.52,335.83,435.67,537.36,1,-1,-1,-1
242,30,929.62,353.39,998.48,519.68,1,-1,-1,-1
242,78,1238.12,144.72,1451.81,617.49,1,-1,-1,-1
242,79,1394.35,329.38,1526.47,641.12,1,-1,-1,-1
242,83,500.76,188.08,654.76,598.48,1,-1,-1,-1
242,86,1465.73,134.29,1685.34,601.58,1,-1,-1,-1
243,27,959.78,292.04,1043.82,512.63,1,-1,-1,-1
243,50,226.86,368.41,300.89,550.62,1,-1,-1,-1
243,53,873.61,363.23,945.91,522.22,1,-1,-1,-1
243,42,353.76,335.23,432.97,537.26,1,-1,-1,-1
243,30,921.43,351.28,991.97,520.63,1,-1,-1,-1
243,78,1224.71,141.32,1440.50,618.85,1,-1,-1,-1
243,79,1380.64,330.47,1511.73,639.78,1,-1,-1,-1
243,83,496.61,189.85,649.95,596.99,1,-1,-1,-1
243,86,1458.22,135.01,1675.00,596.85,1,-1,-1,-1
244,27,958.17,294.20,1040.56,510.69,1,-1,-1,-1
244,50,226.68,365.11,302.96,552.47,1,-1,-1,-1
244,53,868.77,363.09,940.70,521.48,1,-1,-1,-1
244,42,349.39,336.33,427.67,535.89,1,-1,-1,-1
244,30,914.82,351.80,984.91,519.66,1,-1,-1,-1
244,78,1210.89,140.69,1426.75,619.38,1,-1,-1,-1
244,83,495.67,192.55,647.11,593.73,1,-1,-1,-1
244,86,1452.84,139.45,1664.68,591.61,1,-1,-1,-1
245,27,958.09,300.34,1037.71,509.98,1,-1,-1,-1
245,29,559.92,183.87,723.54,597.24,1,-1,-1,-1
245,50,222.32,364.52,299.48,552.17,1,-1,-1,-1
245,53,861.77,357.74,935.83,521.19,1,-1,-1,-1
245,42,343.75,337.41,421.34,534.69,1,-1,-1,-1
245,30,907.27,351.33,977.85,519.94,1,-1,-1,-1
245,78,1195.18,147.04,1405.22,613.65,1,-1,-1,-1
245,83,492.78,192.69,644.09,593.53,1,-1,-1,-1
245,86,1448.05,143.17,1655.19,587.63,1,-1,-1,-1
