3,8,1119.10,626.89,1262.44,1004.06,1,-1,-1,-1
3,11,968.16,617.21,1042.60,800.89,1,-1,-1,-1
3,12,1373.99,637.00,1437.74,792.22,1,-1,-1,-1
3,14,1076.90,620.02,1162.53,835.42,1,-1,-1,-1
4,8,1125.57,627.48,1267.01,1000.49,1,-1,-1,-1
4,11,967.59,615.40,1042.62,800.68,1,-1,-1,-1
4,12,1372.75,637.77,1435.44,790.45,1,-1,-1,-1
4,14,1076.12,620.05,1161.30,834.14,1,-1,-1,-1
4,3,1516.69,639.02,1578.89,797.98,1,-1,-1,-1
4,2,518.74,627.20,592.45,800.42,1,-1,-1,-1
4,1,1237.32,619.31,1387.46,1011.62,1,-1,-1,-1
5,8,1128.92,626.96,1269.59,997.94,1,-1,-1,-1
5,11,967.52,614.44,1042.58,799.77,1,-1,-1,-1
5,12,1371.40,638.03,1433.64,789.62,1,-1,-1,-1
5,14,1075.77,620.17,1160.51,833.15,1,-1,-1,-1
5,3,1517.18,639.20,1579.23,797.80,1,-1,-1,-1
5,2,518.46,626.70,592.04,799.60,1,-1,-1,-1
5,1,1237.37,617.37,1387.73,1010.29,1,-1,-1,-1
7,29,1244.84,614.64,1391.17,1002.09,1,-1,-1,-1
7,22,517.29,626.98,587.91,796.97,1,-1,-1,-1
7,21,1522.48,634.44,1586.14,795.77,1,-1,-1,-1
7,23,1068.87,619.22,1157.20,833.00,1,-1,-1,-1
7,20,1367.69,635.98,1430.60,788.98,1,-1,-1,-1
7,30,966.13,612.20,1042.11,799.20,1,-1,-1,-1
7,28,1138.04,626.98,1271.22,999.22,1,-1,-1,-1
8,29,1245.13,613.88,1390.92,1000.07,1,-1,-1,-1
8,22,514.37,625.42,585.97,797.67,1,-1,-1,-1
8,21,1525.59,633.19,1589.72,795.22,1,-1,-1,-1
8,23,1068.14,619.74,1155.88,832.24,1,-1,-1,-1
8,20,1366.60,635.19,1429.40,788.19,1,-1,-1,-1
8,30,965.87,611.17,1042.15,798.93,1,-1,-1,-1
8,28,1139.40,627.72,1271.88,997.45,1,-1,-1,-1
9,29,1245.50,612.97,1391.29,999.53,1,-1,-1,-1
9,22,512.70,624.94,584.65,797.91,1,-1,-1,-1
9,21,1526.42,633.56,1590.25,794.30,1,-1,-1,-1
9,23,1067.73,618.44,1154.28,828.30,1,-1,-1,-1
9,20,1365.91,633.47,1428.01,785.00,1,-1,-1,-1
9,30,965.32,610.13,1041.91,798.87,1,-1,-1,-1
9,28,1140.05,628.70,1271.71,995.42,1,-1,-1,-1
10,29,1245.79,612.71,1391.24,998.73,1,-1,-1,-1
10,22,510.88,624.81,582.71,797.28,1,-1,-1,-1
10,21,1528.15,635.88,1590.24,791.84,1,-1,-1,-1
10,23,1067.82,618.02,1153.62,826.28,1,-1,-1,-1
10,20,1364.72,632.92,1426.47,783.95,1,-1,-1,-1
10,30,965.43,610.52,1041.53,798.16,1,-1,-1,-1
10,28,1143.82,629.02,1275.16,993.35,1,-1,-1,-1
10,24,1842.50,632.25,1915.71,793.18,1,-1,-1,-1
11,29,1246.29,613.37,1390.80,997.12,1,-1,-1,-1
11,22,509.64,624.09,582.05,797.76,1,-1,-1,-1
11,21,1529.34,636.71,1590.91,791.01,1,-1,-1,-1
11,23,1068.06,618.59,1153.28,825.65,1,-1,-1,-1
11,20,1364.36,633.47,1425.30,782.94,1,-1,-1,-1
11,30,965.96,610.70,1041.64,797.22,1,-1,-1,-1
11,28,1145.24,627.00,1276.82,990.59,1,-1,-1,-1
11,24,1842.43,632.07,1915.54,792.88,1,-1,-1,-1
12,29,1247.59,615.03,1390.90,995.91,1,-1,-1,-1
12,22,508.49,624.54,580.58,797.25,1,-1,-1,-1
12,21,1530.08,634.90,1592.80,792.15,1,-1,-1,-1
12,23,1065.36,619.51,1149.77,824.80,1,-1,-1,-1
12,20,1364.28,634.39,1424.25,781.95,1,-1,-1,-1
12,30,966.01,610.79,1041.82,797.60,1,-1,-1,-1
12,28,1146.28,626.27,1278.10,988.98,1,-1,-1,-1
12,24,1838.09,631.27,1911.69,792.83,1,-1,-1,-1
13,29,1248.21,615.65,1390.77,994.86,1,-1,-1,-1
13,22,506.23,622.01,579.26,797.06,1,-1,-1,-1
13,21,1532.83,632.22,1597.03,792.58,1,-1,-1,-1
13,23,1064.14,619.85,1148.15,824.56,1,-1,-1,-1
13,20,1361.59,633.36,1421.82,781.64,1,-1,-1,-1
13,30,966.52,610.16,1042.77,797.76,1,-1,-1,-1
13,28,1146.06,624.65,1279.02,989.16,1,-1,-1,-1
13,24,1840.86,628.85,1914.08,789.97,1,-1,-1,-1
14,29,1248.90,617.24,1390.24,993.18,1,-1,-1,-1
14,22,505.17,621.10,578.45,796.99,1,-1,-1,-1
14,21,1534.01,631.23,1598.98,792.76,1,-1,-1,-1
14,23,1063.03,618.61,1147.64,825.20,1,-1,-1,-1
14,20,1360.30,633.00,1420.67,781.57,1,-1,-1,-1
14,30,967.49,609.26,1043.01,795.13,1,-1,-1,-1
14,28,1146.35,623.39,1279.53,987.26,1,-1,-1,-1
14,24,1838.06,628.03,1911.09,789.00,1,-1,-1,-1
15,29,1253.01,618.50,1392.93,991.26,1,-1,-1,-1
15,22,503.23,621.46,575.78,795.63,1,-1,-1,-1
15,21,1534.93,630.21,1600.45,792.84,1,-1,-1,-1
15,23,1061.80,616.81,1147.03,825.48,1,-1,-1,-1
15,20,1359.68,632.21,1419.82,780.24,1,-1,-1,-1
15,30,968.02,608.27,1043.59,794.17,1,-1,-1,-1
15,28,1146.44,622.94,1279.63,985.94,1,-1,-1,-1
15,24,1837.39,627.77,1909.73,788.01,1,-1,-1,-1
16,29,1254.83,617.60,1394.95,991.29,1,-1,-1,-1
16,22,502.06,620.95,574.66,795.12,1,-1,-1,-1
16,21,1534.82,626.53,1601.32,791.54,1,-1,-1,-1
16,23,1061.27,616.14,1146.29,824.94,1,-1,-1,-1
16,20,1358.33,631.26,1418.72,779.78,1,-1,-1,-1
16,30,967.76,606.58,1044.25,794.51,1,-1,-1,-1
16,28,1149.85,619.44,1282.91,982.16,1,-1,-1,-1
16,24,1837.89,628.40,1909.26,787.69,1,-1,-1,-1
17,29,1255.84,615.92,1394.63,986.67,1,-1,-1,-1
17,22,500.52,619.46,573.47,794.28,1,-1,-1,-1
17,21,1535.31,624.51,1602.33,790.41,1,-1,-1,-1
17,23,1058.68,616.58,1143.15,824.10,1,-1,-1,-1
17,20,1357.32,630.93,1417.58,778.98,1,-1,-1,-1
17,30,967.55,605.97,1044.60,794.66,1,-1,-1,-1
17,28,1151.63,617.50,1284.19,979.47,1,-1,-1,-1
17,24,1837.77,630.01,1908.79,790.34,1,-1,-1,-1
18,29,1256.32,615.29,1394.34,984.99,1,-1,-1,-1
18,22,498.52,618.26,571.90,793.97,1,-1,-1,-1
18,21,1537.87,623.12,1605.52,789.33,1,-1,-1,-1
18,23,1057.12,616.09,1141.32,822.48,1,-1,-1,-1
18,20,1354.47,630.15,1415.05,778.71,1,-1,-1,-1
18,30,967.91,606.43,1044.93,794.07,1,-1,-1,-1
18,28,1152.51,616.14,1285.01,977.88,1,-1,-1,-1
18,24,1837.00,629.28,1906.72,788.65,1,-1,-1,-1
19,29,1257.37,615.05,1393.96,981.77,1,-1,-1,-1
19,22,497.31,617.17,571.20,793.87,1,-1,-1,-1
19,21,1538.73,621.98,1607.38,788.94,1,-1,-1,-1
19,23,1055.87,615.92,1140.07,821.90,1,-1,-1,-1
19,20,1353.16,628.55,1413.11,775.99,1,-1,-1,-1
19,30,967.77,606.64,1044.66,793.20,1,-1,-1,-1
19,28,1154.15,615.02,1285.22,972.69,1,-1,-1,-1
19,24,1832.92,628.34,1902.41,788.71,1,-1,-1,-1
20,29,1257.06,614.30,1393.80,980.63,1,-1,-1,-1
20,22,495.36,617.45,568.58,792.53,1,-1,-1,-1
20,21,1539.16,620.94,1609.20,789.47,1,-1,-1,-1
20,23,1054.74,613.87,1139.04,819.72,1,-1,-1,-1
20,20,1351.60,627.31,1411.56,774.99,1,-1,-1,-1
20,30,967.61,606.73,1044.64,792.90,1,-1,-1,-1
20,28,1154.90,613.97,1285.73,970.15,1,-1,-1,-1
20,24,1830.68,628.00,1899.60,788.75,1,-1,-1,-1
21,29,1257.85,612.70,1392.79,974.29,1,-1,-1,-1
21,22,492.97,617.59,566.04,792.03,1,-1,-1,-1
21,21,1539.53,621.90,1609.57,788.37,1,-1,-1,-1
21,23,1053.54,612.46,1138.20,818.93,1,-1,-1,-1
21,20,1350.87,626.20,1411.24,775.33,1,-1,-1,-1
21,30,967.47,606.78,1044.70,792.80,1,-1,-1,-1
21,28,1155.45,614.29,1285.55,967.30,1,-1,-1,-1
21,24,1826.18,627.22,1894.99,788.78,1,-1,-1,-1
22,29,1258.11,610.77,1393.08,971.99,1,-1,-1,-1
22,22,490.32,616.34,564.29,792.52,1,-1,-1,-1
22,21,1540.01,622.98,1609.91,787.31,1,-1,-1,-1
22,23,1051.06,612.61,1135.37,818.01,1,-1,-1,-1
22,20,1350.80,625.81,1411.01,774.82,1,-1,-1,-1
22,30,967.62,606.82,1045.18,792.78,1,-1,-1,-1
22,28,1158.83,613.79,1288.89,965.66,1,-1,-1,-1
22,24,1824.06,626.94,1891.82,787.48,1,-1,-1,-1
23,29,1258.23,610.07,1393.12,970.55,1,-1,-1,-1
23,22,488.10,617.21,561.68,792.06,1,-1,-1,-1
23,21,1540.43,623.42,1610.35,786.26,1,-1,-1,-1
23,23,1049.46,612.03,1133.74,817.70,1,-1,-1,-1
23,20,1347.93,625.70,1407.92,774.67,1,-1,-1,-1
23,30,967.70,606.84,1045.32,792.13,1,-1,-1,-1
23,28,1160.53,614.97,1290.26,964.47,1,-1,-1,-1
23,24,1819.97,626.19,1887.41,787.01,1,-1,-1,-1
24,29,1258.72,608.50,1392.66,966.12,1,-1,-1,-1
24,22,485.95,616.91,559.48,791.24,1,-1,-1,-1
24,21,1540.74,624.28,1610.28,784.56,1,-1,-1,-1
24,23,1047.97,610.50,1132.81,817.61,1,-1,-1,-1
24,20,1346.00,625.68,1405.71,774.64,1,-1,-1,-1
24,30,967.89,606.20,1045.87,791.90,1,-1,-1,-1
24,28,1161.85,616.11,1291.32,962.78,1,-1,-1,-1
24,24,1812.71,623.27,1881.69,788.17,1,-1,-1,-1
25,29,1259.21,610.60,1392.81,967.21,1,-1,-1,-1
25,22,484.01,616.81,557.94,791.61,1,-1,-1,-1
25,21,1541.41,624.62,1610.93,783.28,1,-1,-1,-1
25,23,1047.06,609.29,1132.25,817.61,1,-1,-1,-1
25,20,1345.14,625.70,1404.46,773.99,1,-1,-1,-1
25,30,967.45,603.98,1046.58,791.83,1,-1,-1,-1
25,28,1165.79,617.23,1295.49,962.24,1,-1,-1,-1
25,24,1809.28,623.50,1877.78,787.31,1,-1,-1,-1
25,38,1459.87,614.16,1508.16,769.80,1,-1,-1,-1
26,29,1263.37,611.41,1396.85,967.05,1,-1,-1,-1
26,22,482.80,616.13,557.31,791.76,1,-1,-1,-1
26,21,1544.26,624.77,1614.50,783.50,1,-1,-1,-1
26,23,1046.81,608.86,1132.05,817.64,1,-1,-1,-1
26,20,1344.01,625.06,1403.58,774.44,1,-1,-1,-1
26,30,970.15,603.16,1049.23,791.16,1,-1,-1,-1
26,28,1167.57,618.32,1297.30,961.45,1,-1,-1,-1
26,24,1803.75,622.31,1873.46,788.31,1,-1,-1,-1
26,38,1457.66,613.03,1506.51,770.87,1,-1,-1,-1
27,29,1264.92,611.72,1399.00,967.73,1,-1,-1,-1
27,22,480.69,616.55,554.89,791.17,1,-1,-1,-1
27,21,1545.51,624.17,1616.89,784.27,1,-1,-1,-1
27,23,1046.75,609.38,1131.38,817.02,1,-1,-1,-1
27,20,1340.67,624.84,1400.32,774.63,1,-1,-1,-1
27,30,971.58,603.53,1050.49,791.58,1,-1,-1,-1
27,28,1168.62,618.74,1298.79,961.22,1,-1,-1,-1
27,24,1800.57,621.22,1871.15,788.04,1,-1,-1,-1
27,38,1456.14,611.26,1505.49,771.19,1,-1,-1,-1
28,29,1265.90,611.85,1400.67,968.05,1,-1,-1,-1
28,22,479.66,616.73,553.69,790.95,1,-1,-1,-1
28,21,1546.54,623.95,1618.46,784.59,1,-1,-1,-1
28,23,1044.63,610.93,1128.03,815.48,1,-1,-1,-1
28,20,1342.99,624.78,1402.22,774.06,1,-1,-1,-1
28,30,972.53,603.03,1051.18,791.09,1,-1,-1,-1
28,28,1172.40,619.57,1302.48,959.88,1,-1,-1,-1
28,24,1795.66,618.86,1866.96,785.97,1,-1,-1,-1
28,38,1455.84,610.71,1505.09,771.25,1,-1,-1,-1
29,29,1270.48,613.23,1404.97,966.24,1,-1,-1,-1
29,22,478.95,616.81,553.03,790.89,1,-1,-1,-1
29,21,1549.66,623.22,1622.17,785.38,1,-1,-1,-1
29,23,1043.47,610.87,1126.56,814.93,1,-1,-1,-1
29,20,1344.79,625.44,1402.79,772.54,1,-1,-1,-1
29,30,974.36,602.86,1052.57,790.92,1,-1,-1,-1
29,28,1175.21,621.21,1304.32,958.11,1,-1,-1,-1
29,24,1792.83,619.96,1865.26,787.17,1,-1,-1,-1
29,38,1456.02,610.57,1504.82,770.55,1,-1,-1,-1
30,29,1272.39,611.09,1406.99,962.95,1,-1,-1,-1
30,22,478.72,616.85,552.87,790.87,1,-1,-1,-1
30,21,1551.43,619.66,1624.85,785.04,1,-1,-1,-1
30,23,1042.94,611.52,1125.53,814.74,1,-1,-1,-1
30,20,1346.05,626.37,1402.52,770.66,1,-1,-1,-1
30,30,978.02,603.47,1055.36,790.21,1,-1,-1,-1
30,28,1176.60,620.49,1306.52,958.84,1,-1,-1,-1
30,24,1791.40,620.42,1864.55,787.64,1,-1,-1,-1
30,38,1456.26,610.57,1504.68,770.27,1,-1,-1,-1
31,29,1273.77,610.96,1407.64,961.12,1,-1,-1,-1
31,22,478.01,616.87,552.23,790.88,1,-1,-1,-1
31,21,1556.57,621.61,1628.51,784.92,1,-1,-1,-1
31,23,1041.84,611.11,1124.82,815.37,1,-1,-1,-1
31,20,1346.89,627.40,1402.13,769.31,1,-1,-1,-1
31,30,980.88,603.72,1057.54,789.95,1,-1,-1,-1
31,28,1180.93,619.55,1310.03,955.19,1,-1,-1,-1
31,24,1787.20,618.63,1860.91,785.85,1,-1,-1,-1
31,38,1457.08,610.62,1505.35,770.83,1,-1,-1,-1
32,29,1278.60,610.25,1412.76,960.49,1,-1,-1,-1
32,22,477.78,616.89,552.06,790.89,1,-1,-1,-1
32,21,1559.37,622.39,1630.25,784.88,1,-1,-1,-1
32,23,1040.98,610.31,1124.43,815.62,1,-1,-1,-1
32,20,1348.51,628.46,1402.08,767.50,1,-1,-1,-1
32,30,982.96,603.82,1059.25,790.53,1,-1,-1,-1
32,28,1183.31,616.52,1313.10,953.20,1,-1,-1,-1
32,24,1784.92,617.98,1859.12,785.18,1,-1,-1,-1
32,38,1458.11,609.99,1506.29,771.03,1,-1,-1,-1
33,29,1284.75,610.66,1418.84,959.65,1,-1,-1,-1
33,22,477.52,614.26,552.93,790.90,1,-1,-1,-1
33,21,1561.86,620.71,1631.98,782.90,1,-1,-1,-1
33,23,1040.32,610.01,1124.05,815.73,1,-1,-1,-1
33,20,1348.22,628.54,1401.41,766.59,1,-1,-1,-1
33,30,986.71,603.87,1062.14,790.10,1,-1,-1,-1
33,28,1188.55,616.06,1317.69,950.53,1,-1,-1,-1
33,24,1783.35,617.10,1858.06,784.93,1,-1,-1,-1
33,38,1458.84,609.78,1507.01,771.10,1,-1,-1,-1
34,29,1287.66,610.82,1421.71,958.07,1,-1,-1,-1
34,22,477.58,613.94,553.18,790.91,1,-1,-1,-1
34,21,1566.32,620.75,1635.57,782.16,1,-1,-1,-1
34,23,1037.78,610.57,1121.00,814.47,1,-1,-1,-1
34,30,989.44,603.23,1064.47,790.61,1,-1,-1,-1
34,28,1194.03,615.24,1323.04,950.26,1,-1,-1,-1
34,24,1779.16,616.13,1854.88,785.52,1,-1,-1,-1
34,38,1461.28,609.07,1509.82,771.78,1,-1,-1,-1
35,29,1292.96,610.89,1427.04,956.87,1,-1,-1,-1
35,22,478.33,616.47,552.62,790.26,1,-1,-1,-1
35,21,1569.11,620.79,1637.65,781.90,1,-1,-1,-1
35,23,1037.51,611.46,1119.90,813.34,1,-1,-1,-1
35,30,991.30,603.00,1065.72,790.81,1,-1,-1,-1
35,28,1198.03,616.27,1325.55,948.89,1,-1,-1,-1
35,24,1777.56,616.45,1853.22,785.09,1,-1,-1,-1
35,38,1463.68,608.82,1512.72,772.02,1,-1,-1,-1
36,29,1299.13,611.59,1432.63,954.48,1,-1,-1,-1
36,22,478.93,617.45,552.84,790.02,1,-1,-1,-1
36,21,1573.41,620.81,1641.63,782.48,1,-1,-1,-1
36,23,1039.10,610.47,1121.89,813.60,1,-1,-1,-1
36,30,995.41,602.26,1068.60,788.25,1,-1,-1,-1
36,28,1203.25,616.67,1329.86,948.44,1,-1,-1,-1
36,24,1777.09,616.60,1852.68,784.94,1,-1,-1,-1
36,38,1465.09,607.43,1515.29,772.77,1,-1,-1,-1
37,29,1302.63,610.52,1435.31,950.32,1,-1,-1,-1
37,22,478.04,614.50,553.44,790.60,1,-1,-1,-1
37,21,1575.66,622.16,1643.65,784.03,1,-1,-1,-1
37,23,1039.44,609.44,1122.96,814.38,1,-1,-1,-1
37,30,998.09,603.98,1070.43,788.61,1,-1,-1,-1
37,28,1206.19,616.83,1332.25,948.33,1,-1,-1,-1
37,24,1777.07,617.34,1851.86,784.23,1,-1,-1,-1
37,38,1468.44,608.24,1518.68,772.38,1,-1,-1,-1
38,29,1307.29,609.46,1440.05,949.49,1,-1,-1,-1
38,22,478.25,614.06,553.81,790.17,1,-1,-1,-1
38,21,1580.54,624.00,1647.46,783.97,1,-1,-1,-1
38,23,1037.68,610.38,1120.70,814.03,1,-1,-1,-1
38,30,999.90,603.31,1072.83,790.09,1,-1,-1,-1
38,28,1210.95,616.24,1337.21,949.01,1,-1,-1,-1
38,24,1776.66,618.31,1850.82,783.97,1,-1,-1,-1
38,38,1470.17,608.58,1520.79,772.21,1,-1,-1,-1
39,29,1309.33,607.74,1442.61,949.92,1,-1,-1,-1
39,22,478.08,613.25,554.26,790.66,1,-1,-1,-1
39,21,1583.51,624.70,1649.57,783.29,1,-1,-1,-1
39,23,1036.77,610.74,1119.47,813.24,1,-1,-1,-1
39,30,1003.12,603.06,1076.33,790.65,1,-1,-1,-1
39,28,1213.63,616.02,1339.94,949.97,1,-1,-1,-1
39,24,1772.23,617.36,1847.58,785.22,1,-1,-1,-1
39,38,1471.10,608.18,1521.91,772.42,1,-1,-1,-1
40,29,1310.87,606.45,1444.55,950.80,1,-1,-1,-1
40,22,478.31,615.59,553.50,790.86,1,-1,-1,-1
40,21,1585.93,624.95,1651.50,783.04,1,-1,-1,-1
40,23,1036.91,610.89,1119.26,812.30,1,-1,-1,-1
40,30,1005.49,602.97,1079.00,791.53,1,-1,-1,-1
40,28,1218.14,616.60,1343.83,949.04,1,-1,-1,-1
40,24,1770.17,619.64,1845.59,787.00,1,-1,-1,-1
41,29,1314.96,606.64,1448.15,951.18,1,-1,-1,-1
41,22,478.06,616.49,552.93,790.93,1,-1,-1,-1
41,21,1589.65,621.73,1655.85,782.29,1,-1,-1,-1
41,23,1037.26,612.93,1118.28,810.63,1,-1,-1,-1
41,30,1009.30,604.26,1082.22,791.20,1,-1,-1,-1
41,28,1220.99,618.16,1345.88,948.07,1,-1,-1,-1
41,24,1769.25,620.53,1844.50,787.03,1,-1,-1,-1
41,44,1472.48,610.78,1530.31,774.81,1,-1,-1,-1
42,29,1317.90,607.39,1449.86,950.05,1,-1,-1,-1
42,22,477.85,616.83,552.86,791.63,1,-1,-1,-1
42,21,1591.81,620.52,1657.85,782.01,1,-1,-1,-1
42,23,1036.83,614.37,1117.20,810.02,1,-1,-1,-1
42,20,1757.55,621.22,1823.72,787.22,1,-1,-1,-1
42,30,1011.70,604.76,1084.30,790.41,1,-1,-1,-1
42,28,1222.75,619.41,1347.02,947.73,1,-1,-1,-1
42,24,1767.16,620.59,1842.41,787.11,1,-1,-1,-1
42,44,1474.56,611.78,1532.28,775.12,1,-1,-1,-1
43,29,1323.24,609.02,1453.33,948.34,1,-1,-1,-1
43,22,477.51,616.96,552.47,791.89,1,-1,-1,-1
43,21,1593.66,620.73,1658.70,781.26,1,-1,-1,-1
43,23,1036.71,615.57,1116.16,808.48,1,-1,-1,-1
43,20,1774.09,621.53,1841.93,787.52,1,-1,-1,-1
43,30,1013.13,604.94,1085.70,790.11,1,-1,-1,-1
43,28,1227.71,621.86,1350.88,946.31,1,-1,-1,-1
43,44,1475.81,612.09,1533.60,775.18,1,-1,-1,-1
44,29,1326.12,609.64,1455.50,947.74,1,-1,-1,-1
44,22,477.54,617.01,552.19,791.32,1,-1,-1,-1
44,21,1597.06,622.80,1661.39,782.97,1,-1,-1,-1
44,23,1036.60,616.67,1115.22,806.60,1,-1,-1,-1
44,20,1775.55,621.68,1844.52,787.59,1,-1,-1,-1
44,30,1017.14,605.01,1089.88,790.01,1,-1,-1,-1
44,28,1229.64,622.78,1352.68,945.81,1,-1,-1,-1
44,44,1479.27,612.16,1537.25,775.17,1,-1,-1,-1
45,29,1327.54,613.19,1456.41,950.21,1,-1,-1,-1
45,22,477.46,617.02,552.20,791.77,1,-1,-1,-1
45,21,1598.84,623.59,1663.04,784.28,1,-1,-1,-1
45,23,1031.28,611.70,1112.85,807.27,1,-1,-1,-1
45,20,1802.33,621.28,1871.90,788.63,1,-1,-1,-1
45,30,1019.87,607.02,1092.04,789.97,1,-1,-1,-1
45,28,1231.31,623.76,1353.49,943.67,1,-1,-1,-1
45,24,1750.60,620.09,1826.92,788.81,1,-1,-1,-1
45,44,1481.13,612.87,1539.11,775.15,1,-1,-1,-1
46,29,1331.89,615.85,1459.98,950.51,1,-1,-1,-1
46,22,477.09,617.03,551.92,791.94,1,-1,-1,-1
46,21,1600.45,623.89,1664.51,784.78,1,-1,-1,-1
46,23,1028.11,609.22,1111.26,807.53,1,-1,-1,-1
46,30,1022.32,607.31,1094.34,789.88,1,-1,-1,-1
46,28,1235.04,624.11,1357.10,942.90,1,-1,-1,-1
46,24,1748.10,620.71,1823.74,788.32,1,-1,-1,-1
46,44,1481.54,613.10,1539.82,775.12,1,-1,-1,-1
47,29,1334.04,616.83,1461.92,950.65,1,-1,-1,-1
47,22,476.43,616.37,551.69,792.66,1,-1,-1,-1
47,21,1601.70,624.66,1665.55,784.97,1,-1,-1,-1
47,23,1027.04,608.93,1110.60,807.65,1,-1,-1,-1
47,28,1236.41,623.55,1358.92,942.65,1,-1,-1,-1
47,24,1743.57,621.59,1818.39,787.49,1,-1,-1,-1
47,44,1481.44,612.48,1540.82,776.47,1,-1,-1,-1
48,29,1338.46,619.16,1465.44,949.40,1,-1,-1,-1
48,22,476.36,616.77,551.45,792.93,1,-1,-1,-1
48,21,1604.57,624.28,1669.32,786.35,1,-1,-1,-1
48,23,1026.47,608.18,1110.61,808.38,1,-1,-1,-1
48,28,1236.76,622.00,1360.88,943.91,1,-1,-1,-1
48,24,1741.45,621.91,1815.72,787.18,1,-1,-1,-1
48,44,1481.41,612.24,1541.72,777.63,1,-1,-1,-1
49,29,1341.03,620.68,1467.60,948.28,1,-1,-1,-1
49,22,476.10,617.59,550.97,793.69,1,-1,-1,-1
49,21,1606.85,624.80,1672.01,786.87,1,-1,-1,-1
49,23,1027.05,611.21,1110.57,809.99,1,-1,-1,-1
49,28,1240.84,620.08,1364.73,941.11,1,-1,-1,-1
49,24,1736.15,620.70,1811.51,788.39,1,-1,-1,-1
49,44,1481.20,612.81,1542.78,780.05,1,-1,-1,-1
50,29,1345.83,621.21,1472.33,946.55,1,-1,-1,-1
50,22,476.06,617.90,550.74,793.97,1,-1,-1,-1
50,21,1610.35,625.65,1676.16,787.71,1,-1,-1,-1
50,23,1027.27,613.03,1109.97,809.95,1,-1,-1,-1
50,28,1243.62,620.68,1366.73,938.76,1,-1,-1,-1
50,24,1730.17,620.24,1806.24,790.15,1,-1,-1,-1
50,44,1481.41,613.68,1543.46,780.27,1,-1,-1,-1
51,29,1347.79,620.04,1475.69,947.26,1,-1,-1,-1
51,22,476.10,618.01,550.62,794.06,1,-1,-1,-1
51,21,1612.24,625.96,1678.96,788.68,1,-1,-1,-1
51,23,1026.99,613.72,1109.52,810.61,1,-1,-1,-1
51,20,1745.33,620.86,1816.89,792.19,1,-1,-1,-1
51,28,1248.00,620.90,1370.57,936.58,1,-1,-1,-1
51,24,1726.53,620.21,1802.76,790.47,1,-1,-1,-1
51,44,1483.30,613.33,1546.44,780.99,1,-1,-1,-1
52,29,1351.87,620.23,1480.00,946.23,1,-1,-1,-1
52,22,476.29,618.71,550.43,794.09,1,-1,-1,-1
52,21,1613.34,626.07,1680.75,789.03,1,-1,-1,-1
52,23,1027.32,615.30,1108.98,810.20,1,-1,-1,-1
52,20,1733.46,620.19,1806.21,793.01,1,-1,-1,-1
52,28,1250.17,620.98,1372.60,936.47,1,-1,-1,-1
52,44,1483.66,613.19,1547.82,781.89,1,-1,-1,-1
52,46,1345.16,630.02,1400.68,767.77,1,-1,-1,-1
53,29,1354.06,618.29,1482.05,942.54,1,-1,-1,-1
53,22,476.28,618.96,550.46,794.76,1,-1,-1,-1
53,21,1616.39,626.10,1684.55,790.47,1,-1,-1,-1
53,23,1027.12,615.22,1109.16,811.37,1,-1,-1,-1
53,20,1728.67,619.97,1801.36,791.97,1,-1,-1,-1
53,30,1041.36,608.06,1111.51,789.97,1,-1,-1,-1
53,28,1251.83,620.35,1374.28,935.80,1,-1,-1,-1
53,44,1483.64,612.47,1549.05,782.87,1,-1,-1,-1
53,46,1346.69,630.81,1402.34,768.74,1,-1,-1,-1
54,29,1355.65,617.54,1483.79,941.19,1,-1,-1,-1
54,22,476.32,619.05,550.44,795.00,1,-1,-1,-1
54,21,1618.68,626.76,1686.64,790.34,1,-1,-1,-1
54,23,1026.56,613.86,1109.76,812.47,1,-1,-1,-1
54,20,1726.20,621.21,1798.27,791.55,1,-1,-1,-1
54,30,1042.93,606.70,1113.64,791.36,1,-1,-1,-1
54,28,1255.98,620.77,1377.81,934.27,1,-1,-1,-1
54,44,1483.05,612.19,1549.35,783.21,1,-1,-1,-1
54,46,1347.06,631.05,1402.79,769.05,1,-1,-1,-1
55,29,1359.73,617.25,1488.02,940.06,1,-1,-1,-1
55,22,476.38,619.08,550.41,795.08,1,-1,-1,-1
55,21,1620.55,627.01,1688.22,790.27,1,-1,-1,-1
55,23,1026.08,613.99,1109.64,812.88,1,-1,-1,-1
55,20,1724.95,622.35,1796.82,791.37,1,-1,-1,-1
55,30,1046.76,605.59,1118.34,793.80,1,-1,-1,-1
55,28,1258.35,620.93,1379.44,933.07,1,-1,-1,-1
55,44,1483.27,612.08,1550.24,783.31,1,-1,-1,-1
55,46,1347.65,631.83,1403.03,769.13,1,-1,-1,-1
56,29,1361.65,616.47,1490.32,939.67,1,-1,-1,-1
56,22,476.32,619.08,550.50,795.76,1,-1,-1,-1
56,21,1624.68,626.43,1692.47,790.23,1,-1,-1,-1
56,23,1023.32,615.36,1105.63,811.71,1,-1,-1,-1
56,20,1721.29,622.13,1793.70,791.28,1,-1,-1,-1
56,30,1048.83,605.18,1121.29,796.02,1,-1,-1,-1
56,28,1263.12,622.32,1383.26,932.00,1,-1,-1,-1
56,44,1483.15,612.04,1550.70,783.32,1,-1,-1,-1
56,46,1348.00,630.68,1404.25,770.54,1,-1,-1,-1
57,29,1365.58,615.51,1495.03,939.56,1,-1,-1,-1
57,22,476.05,618.42,550.12,795.35,1,-1,-1,-1
57,21,1630.31,627.52,1697.07,788.88,1,-1,-1,-1
57,23,1021.94,614.54,1103.82,810.59,1,-1,-1,-1
57,20,1719.02,622.70,1791.05,790.57,1,-1,-1,-1
57,30,1052.52,604.36,1125.87,798.16,1,-1,-1,-1
57,28,1266.06,623.50,1385.31,930.31,1,-1,-1,-1
57,44,1482.99,611.36,1551.58,783.96,1,-1,-1,-1
57,46,1347.83,629.57,1404.90,771.71,1,-1,-1,-1
58,29,1368.28,615.15,1497.34,938.24,1,-1,-1,-1
58,22,476.14,618.16,549.81,794.53,1,-1,-1,-1
58,21,1633.55,627.26,1700.15,788.35,1,-1,-1,-1
58,23,1021.77,614.89,1102.86,809.51,1,-1,-1,-1
58,20,1714.71,624.24,1785.85,789.62,1,-1,-1,-1
58,30,1054.92,604.71,1128.41,798.31,1,-1,-1,-1
58,28,1270.66,623.27,1390.35,930.39,1,-1,-1,-1
58,44,1483.86,612.42,1552.23,782.87,1,-1,-1,-1
58,46,1348.18,629.84,1405.31,772.12,1,-1,-1,-1
59,29,1373.45,616.34,1501.10,935.12,1,-1,-1,-1
59,22,476.62,618.06,549.91,793.55,1,-1,-1,-1
59,21,1637.45,625.84,1705.03,788.81,1,-1,-1,-1
59,23,1021.48,615.68,1101.47,807.78,1,-1,-1,-1
59,20,1711.17,624.16,1782.17,788.59,1,-1,-1,-1
59,30,1059.35,604.86,1132.87,798.33,1,-1,-1,-1
59,28,1273.52,623.17,1393.52,929.79,1,-1,-1,-1
59,44,1484.49,612.83,1552.77,781.76,1,-1,-1,-1
59,46,1351.22,629.27,1408.52,772.24,1,-1,-1,-1
60,29,1376.67,616.79,1504.31,934.65,1,-1,-1,-1
60,22,477.19,618.03,550.24,793.17,1,-1,-1,-1
60,21,1640.23,626.61,1707.31,788.32,1,-1,-1,-1
60,23,1020.80,613.31,1100.92,805.81,1,-1,-1,-1
60,20,1705.57,622.79,1776.92,788.20,1,-1,-1,-1
60,30,1062.06,604.91,1135.31,797.66,1,-1,-1,-1
60,28,1278.44,623.13,1398.59,928.28,1,-1,-1,-1
60,44,1484.46,612.98,1553.17,781.33,1,-1,-1,-1
60,46,1353.26,629.72,1410.08,771.59,1,-1,-1,-1
61,29,1381.43,616.29,1509.68,934.52,1,-1,-1,-1
61,22,477.55,618.01,550.22,792.37,1,-1,-1,-1
61,21,1642.43,627.57,1708.77,787.47,1,-1,-1,-1
61,23,1018.05,612.42,1097.98,804.43,1,-1,-1,-1
61,20,1473.82,628.88,1535.57,774.16,1,-1,-1,-1
61,30,1063.25,604.94,1136.49,796.72,1,-1,-1,-1
61,28,1281.57,625.09,1400.96,926.42,1,-1,-1,-1
61,24,1699.37,621.94,1773.21,788.16,1,-1,-1,-1
61,44,1487.37,611.04,1556.31,779.18,1,-1,-1,-1
61,46,1354.41,629.70,1411.39,771.98,1,-1,-1,-1
62,29,1387.19,616.77,1515.43,933.18,1,-1,-1,-1
62,22,478.60,618.67,550.63,791.41,1,-1,-1,-1
62,21,1646.15,625.27,1713.49,787.81,1,-1,-1,-1
62,23,1017.17,612.09,1096.79,803.27,1,-1,-1,-1
62,20,1621.56,624.29,1688.95,782.63,1,-1,-1,-1
62,30,1066.81,604.95,1140.22,796.35,1,-1,-1,-1
62,28,1287.10,626.49,1405.89,925.10,1,-1,-1,-1
62,24,1696.34,622.04,1770.10,788.10,1,-1,-1,-1
62,44,1488.11,608.99,1557.78,778.36,1,-1,-1,-1
62,46,1360.43,630.72,1414.70,767.35,1,-1,-1,-1
63,29,1390.30,618.27,1518.36,932.06,1,-1,-1,-1
63,22,479.77,618.91,551.34,790.39,1,-1,-1,-1
63,21,1648.48,625.72,1715.44,787.28,1,-1,-1,-1
63,23,1016.36,611.31,1096.24,802.86,1,-1,-1,-1
63,20,1450.84,628.67,1510.81,771.67,1,-1,-1,-1
63,30,1068.02,605.62,1140.90,794.88,1,-1,-1,-1
63,28,1293.01,627.00,1411.62,923.99,1,-1,-1,-1
63,24,1694.27,621.23,1767.39,787.21,1,-1,-1,-1
63,44,1488.79,608.88,1558.52,778.06,1,-1,-1,-1
63,46,1362.13,630.81,1416.27,767.15,1,-1,-1,-1
64,29,1395.58,619.50,1523.71,931.67,1,-1,-1,-1
64,22,480.19,619.00,551.62,790.02,1,-1,-1,-1
64,21,1652.92,625.24,1719.65,786.41,1,-1,-1,-1
64,23,1015.93,611.68,1095.58,802.06,1,-1,-1,-1
64,20,1386.58,630.45,1443.13,767.94,1,-1,-1,-1
64,30,1068.70,604.55,1142.69,795.64,1,-1,-1,-1
64,28,1296.02,627.83,1414.00,922.95,1,-1,-1,-1
64,24,1691.63,621.08,1764.94,787.70,1,-1,-1,-1
64,44,1489.96,609.51,1559.13,777.29,1,-1,-1,-1
65,29,1397.64,616.62,1526.66,929.58,1,-1,-1,-1
65,22,480.37,618.37,552.35,790.56,1,-1,-1,-1
65,21,1655.44,625.06,1722.14,786.09,1,-1,-1,-1
65,23,1014.83,610.51,1095.02,801.79,1,-1,-1,-1
65,20,1585.13,622.14,1650.03,779.73,1,-1,-1,-1
65,30,1069.53,604.15,1143.93,795.26,1,-1,-1,-1
65,28,1300.75,627.46,1418.99,922.61,1,-1,-1,-1
65,24,1688.69,621.07,1761.98,787.63,1,-1,-1,-1
65,44,1490.60,610.43,1559.08,776.35,1,-1,-1,-1
66,29,1402.34,614.88,1532.17,928.83,1,-1,-1,-1
66,22,481.02,618.79,552.69,790.11,1,-1,-1,-1
66,21,1659.90,625.65,1725.95,785.31,1,-1,-1,-1
66,23,1013.87,610.74,1094.11,801.72,1,-1,-1,-1
66,20,1448.82,628.25,1506.21,770.95,1,-1,-1,-1
66,30,1072.46,603.34,1147.54,795.11,1,-1,-1,-1
66,28,1303.38,623.98,1422.37,921.19,1,-1,-1,-1
66,24,1686.69,619.45,1759.05,785.56,1,-1,-1,-1
66,44,1490.77,610.78,1559.06,776.00,1,-1,-1,-1
67,29,1408.42,614.22,1538.26,927.93,1,-1,-1,-1
67,22,481.24,618.95,552.83,789.95,1,-1,-1,-1
67,21,1662.43,627.21,1728.29,786.35,1,-1,-1,-1
67,23,1013.20,610.83,1093.48,801.71,1,-1,-1,-1
67,20,1605.60,622.68,1668.03,778.18,1,-1,-1,-1
67,30,1075.18,603.04,1150.41,794.40,1,-1,-1,-1
67,28,1308.23,623.99,1426.12,918.05,1,-1,-1,-1
67,24,1683.81,619.26,1756.13,785.27,1,-1,-1,-1
67,44,1492.17,611.58,1559.63,774.56,1,-1,-1,-1
68,29,1415.11,613.99,1544.46,926.30,1,-1,-1,-1
68,22,481.30,619.01,552.88,789.90,1,-1,-1,-1
68,21,1665.78,623.15,1735.15,788.74,1,-1,-1,-1
68,23,1011.15,611.54,1090.48,800.41,1,-1,-1,-1
68,20,1657.24,622.09,1722.67,784.51,1,-1,-1,-1
68,30,1076.91,603.60,1151.93,794.12,1,-1,-1,-1
68,28,1311.37,623.33,1428.57,916.25,1,-1,-1,-1
68,44,1495.19,611.21,1562.63,774.03,1,-1,-1,-1
69,29,1419.36,615.23,1547.40,923.74,1,-1,-1,-1
69,22,481.42,619.03,552.79,789.23,1,-1,-1,-1
69,21,1672.77,622.94,1742.23,788.32,1,-1,-1,-1
69,23,1010.40,612.48,1088.75,799.27,1,-1,-1,-1
69,20,1668.61,621.62,1734.49,785.15,1,-1,-1,-1
69,30,1080.36,603.82,1155.47,794.02,1,-1,-1,-1
69,28,1316.48,623.08,1432.58,914.30,1,-1,-1,-1
69,44,1497.13,611.08,1564.18,773.19,1,-1,-1,-1
70,29,1424.80,615.71,1552.28,922.16,1,-1,-1,-1
70,22,481.06,619.03,552.48,788.98,1,-1,-1,-1
70,21,1679.76,624.20,1748.29,788.15,1,-1,-1,-1
70,23,1009.30,612.83,1087.67,799.54,1,-1,-1,-1
70,30,1083.22,603.24,1158.37,793.32,1,-1,-1,-1
70,28,1319.34,622.33,1435.51,914.95,1,-1,-1,-1
70,44,1498.70,612.35,1564.51,771.56,1,-1,-1,-1
71,29,1430.84,615.23,1558.42,921.62,1,-1,-1,-1
71,22,480.77,619.03,552.50,788.90,1,-1,-1,-1
71,21,1682.40,624.02,1750.97,788.74,1,-1,-1,-1
71,23,1007.97,612.96,1086.28,799.66,1,-1,-1,-1
71,20,1665.86,615.95,1734.85,786.07,1,-1,-1,-1
71,30,1086.33,602.37,1161.87,793.06,1,-1,-1,-1
71,28,1324.71,622.71,1439.98,913.92,1,-1,-1,-1
71,44,1499.97,613.50,1564.51,769.64,1,-1,-1,-1
72,29,1436.92,614.39,1565.18,922.13,1,-1,-1,-1
72,22,480.45,618.36,552.71,788.88,1,-1,-1,-1
72,21,1684.13,623.30,1752.94,789.62,1,-1,-1,-1
72,23,1006.92,612.35,1085.73,799.72,1,-1,-1,-1
72,20,1665.27,614.34,1735.11,785.56,1,-1,-1,-1
72,30,1087.75,602.05,1163.41,792.97,1,-1,-1,-1
72,28,1329.66,622.20,1445.08,914.24,1,-1,-1,-1
72,44,1501.30,615.93,1563.56,766.94,1,-1,-1,-1
73,29,1439.39,609.44,1569.18,922.36,1,-1,-1,-1
73,22,479.77,615.47,553.34,788.88,1,-1,-1,-1
73,21,1688.88,621.72,1757.87,789.29,1,-1,-1,-1
73,23,1004.61,612.78,1082.90,798.44,1,-1,-1,-1
73,20,1663.72,612.47,1734.38,784.71,1,-1,-1,-1
73,30,1088.84,601.93,1164.57,792.94,1,-1,-1,-1
73,28,1332.81,621.35,1448.73,915.06,1,-1,-1,-1
73,44,1502.71,615.47,1562.20,759.90,1,-1,-1,-1
74,29,1444.31,610.88,1574.26,924.45,1,-1,-1,-1
74,22,479.87,614.39,553.88,788.89,1,-1,-1,-1
74,21,1694.41,621.79,1762.96,789.16,1,-1,-1,-1
74,23,1002.81,612.27,1081.51,798.64,1,-1,-1,-1
74,20,1659.46,612.45,1730.06,783.07,1,-1,-1,-1
74,30,1090.09,601.90,1165.95,792.94,1,-1,-1,-1
74,28,1337.69,621.70,1453.38,914.75,1,-1,-1,-1
74,44,1506.65,613.23,1566.35,758.73,1,-1,-1,-1
75,29,1447.26,612.78,1576.07,923.97,1,-1,-1,-1
75,22,479.91,613.99,554.07,788.90,1,-1,-1,-1
75,21,1697.53,623.14,1765.58,789.76,1,-1,-1,-1
75,23,1001.38,611.42,1080.53,798.73,1,-1,-1,-1
75,20,1656.85,612.48,1727.46,781.77,1,-1,-1,-1
75,30,1091.22,602.56,1166.97,792.94,1,-1,-1,-1
75,28,1340.31,621.84,1456.04,914.66,1,-1,-1,-1
75,44,1508.27,613.30,1567.25,757.06,1,-1,-1,-1
76,29,1452.49,614.84,1579.54,921.82,1,-1,-1,-1
76,22,480.33,613.85,554.39,788.25,1,-1,-1,-1
76,21,1701.47,622.34,1770.11,790.64,1,-1,-1,-1
76,23,1000.04,611.11,1079.07,798.12,1,-1,-1,-1
76,20,1652.41,613.19,1722.86,781.27,1,-1,-1,-1
76,30,1093.39,602.15,1169.40,792.94,1,-1,-1,-1
76,28,1345.79,623.22,1460.85,914.00,1,-1,-1,-1
77,29,1455.19,616.29,1581.10,920.37,1,-1,-1,-1
77,22,480.05,613.81,554.28,788.68,1,-1,-1,-1
77,21,1704.26,622.71,1772.87,791.62,1,-1,-1,-1
77,23,996.65,610.99,1075.54,797.91,1,-1,-1,-1
77,20,1649.41,613.49,1720.06,781.08,1,-1,-1,-1
77,30,1094.67,602.00,1171.02,792.95,1,-1,-1,-1
77,28,1351.17,623.75,1466.34,913.77,1,-1,-1,-1
78,29,1456.84,616.83,1582.69,920.52,1,-1,-1,-1
78,22,480.57,613.82,554.27,787.52,1,-1,-1,-1
78,21,1709.50,624.17,1776.68,789.35,1,-1,-1,-1
78,23,994.67,610.29,1073.70,797.84,1,-1,-1,-1
78,20,1646.49,612.97,1717.84,781.01,1,-1,-1,-1
78,30,1095.77,602.61,1172.17,792.96,1,-1,-1,-1
78,28,1353.38,623.28,1469.22,913.71,1,-1,-1,-1
79,29,1461.53,617.02,1587.54,920.61,1,-1,-1,-1
79,22,482.28,612.51,556.71,788.42,1,-1,-1,-1
79,21,1712.00,622.74,1779.96,789.14,1,-1,-1,-1
79,23,993.36,610.03,1072.37,797.83,1,-1,-1,-1
79,20,1641.62,612.79,1713.93,781.64,1,-1,-1,-1
79,30,1096.58,602.19,1173.38,792.96,1,-1,-1,-1
79,28,1355.24,623.10,1471.62,913.71,1,-1,-1,-1
80,29,1466.85,617.75,1592.13,919.34,1,-1,-1,-1
80,22,483.09,612.69,557.45,788.76,1,-1,-1,-1
80,21,1716.69,620.23,1786.40,789.72,1,-1,-1,-1
80,23,992.76,608.62,1071.43,796.52,1,-1,-1,-1
80,20,1638.86,612.75,1711.84,781.89,1,-1,-1,-1
80,30,1096.93,602.03,1174.31,793.63,1,-1,-1,-1
80,28,1359.86,623.70,1476.25,913.07,1,-1,-1,-1
81,29,1469.35,614.69,1595.03,917.56,1,-1,-1,-1
81,22,484.04,612.77,557.72,787.57,1,-1,-1,-1
81,21,1721.35,618.63,1792.91,790.59,1,-1,-1,-1
81,23,990.55,608.10,1068.55,795.37,1,-1,-1,-1
81,20,1637.17,613.41,1710.21,781.32,1,-1,-1,-1
81,30,1099.54,601.31,1177.32,793.88,1,-1,-1,-1
81,28,1364.59,623.26,1481.99,913.51,1,-1,-1,-1
82,29,1474.09,612.88,1600.63,917.58,1,-1,-1,-1
82,22,485.25,612.16,558.93,787.13,1,-1,-1,-1
82,21,1724.40,618.69,1796.45,790.26,1,-1,-1,-1
82,23,989.50,607.91,1067.13,794.96,1,-1,-1,-1
82,20,1632.42,613.02,1706.30,781.10,1,-1,-1,-1
82,30,1101.95,600.39,1180.20,793.97,1,-1,-1,-1
82,28,1367.12,621.11,1484.43,910.39,1,-1,-1,-1
83,29,1476.59,612.86,1603.05,916.95,1,-1,-1,-1
83,22,486.86,612.60,560.17,786.97,1,-1,-1,-1
83,21,1728.64,619.40,1800.98,790.13,1,-1,-1,-1
83,23,988.70,607.86,1065.81,794.16,1,-1,-1,-1
83,20,1630.30,612.22,1703.77,778.38,1,-1,-1,-1
83,30,1103.83,600.70,1182.16,794.01,1,-1,-1,-1
83,28,1372.46,620.96,1488.60,907.24,1,-1,-1,-1
84,29,1482.03,613.53,1607.75,915.42,1,-1,-1,-1
84,22,487.61,613.44,560.47,786.92,1,-1,-1,-1
84,21,1731.92,621.00,1803.35,788.76,1,-1,-1,-1
84,23,987.98,608.51,1064.52,793.21,1,-1,-1,-1
84,20,1625.66,611.94,1699.29,777.35,1,-1,-1,-1
84,30,1107.61,600.17,1186.29,794.02,1,-1,-1,-1
84,28,1376.36,621.58,1491.29,904.76,1,-1,-1,-1
85,29,1488.52,613.13,1614.06,914.21,1,-1,-1,-1
85,22,488.26,613.76,560.82,786.90,1,-1,-1,-1
85,21,1736.55,621.62,1808.48,789.56,1,-1,-1,-1
85,23,987.14,608.10,1064.06,793.54,1,-1,-1,-1
85,20,1622.43,611.18,1696.43,776.98,1,-1,-1,-1
85,30,1110.48,600.64,1188.90,793.36,1,-1,-1,-1
85,28,1381.40,620.49,1496.39,903.87,1,-1,-1,-1
86,29,1491.51,612.32,1617.55,913.13,1,-1,-1,-1
86,22,488.64,613.89,560.77,786.25,1,-1,-1,-1
86,21,1742.00,621.86,1814.34,789.86,1,-1,-1,-1
86,23,986.35,607.30,1063.80,793.69,1,-1,-1,-1
86,20,1621.88,610.75,1695.90,776.57,1,-1,-1,-1
86,30,1113.64,599.50,1192.94,793.77,1,-1,-1,-1
86,28,1386.49,618.76,1502.10,904.24,1,-1,-1,-1
86,24,1617.67,612.03,1689.51,776.03,1,-1,-1,-1
87,29,1496.41,611.36,1623.36,913.41,1,-1,-1,-1
87,22,488.46,612.62,561.04,786.01,1,-1,-1,-1
87,21,1749.07,623.27,1820.47,789.31,1,-1,-1,-1
87,23,985.78,607.00,1063.41,793.76,1,-1,-1,-1
87,20,1617.26,611.63,1690.32,775.26,1,-1,-1,-1
87,30,1116.93,600.40,1195.49,792.61,1,-1,-1,-1
87,28,1390.31,620.10,1504.67,902.44,1,-1,-1,-1
87,24,1614.24,611.66,1686.03,775.56,1,-1,-1,-1
88,29,1497.83,605.72,1626.99,912.89,1,-1,-1,-1
88,22,490.80,612.14,562.66,783.94,1,-1,-1,-1
88,21,1753.48,624.47,1823.36,787.77,1,-1,-1,-1
88,23,984.14,606.90,1061.49,792.48,1,-1,-1,-1
88,20,1615.70,611.79,1688.10,774.24,1,-1,-1,-1
88,30,1120.02,598.76,1199.05,790.84,1,-1,-1,-1
88,28,1394.60,615.31,1509.75,899.80,1,-1,-1,-1
89,29,1502.14,603.62,1632.18,912.72,1,-1,-1,-1
89,22,492.29,611.97,563.28,781.84,1,-1,-1,-1
89,21,1759.10,624.91,1827.44,785.87,1,-1,-1,-1
89,23,982.86,606.21,1060.19,791.35,1,-1,-1,-1
89,20,1614.80,611.85,1686.39,772.56,1,-1,-1,-1
89,30,1122.27,597.50,1201.76,789.52,1,-1,-1,-1
89,28,1397.94,614.20,1512.28,897.54,1,-1,-1,-1
90,29,1508.64,603.51,1637.53,909.39,1,-1,-1,-1
90,22,492.61,608.59,565.04,781.74,1,-1,-1,-1
90,21,1765.03,621.73,1832.78,782.49,1,-1,-1,-1
90,23,982.25,605.30,1059.92,790.94,1,-1,-1,-1
90,20,1611.21,610.55,1683.10,771.96,1,-1,-1,-1
90,30,1123.75,596.37,1203.95,788.38,1,-1,-1,-1
90,28,1403.47,613.15,1517.25,896.07,1,-1,-1,-1
91,29,1512.17,603.51,1640.14,906.83,1,-1,-1,-1
91,22,493.62,606.69,566.74,781.06,1,-1,-1,-1
91,21,1768.03,619.21,1835.63,780.59,1,-1,-1,-1
91,23,981.26,604.31,1059.36,790.81,1,-1,-1,-1
91,20,1609.48,610.07,1681.03,771.09,1,-1,-1,-1
91,30,1126.39,593.98,1208.45,788.62,1,-1,-1,-1
91,28,1409.72,613.44,1522.58,894.24,1,-1,-1,-1
92,29,1517.98,604.21,1644.93,905.24,1,-1,-1,-1
92,22,494.42,605.99,567.56,780.17,1,-1,-1,-1
92,21,1769.70,616.95,1837.81,779.91,1,-1,-1,-1
92,23,980.41,603.29,1059.04,790.77,1,-1,-1,-1
92,20,1608.89,608.58,1679.63,768.14,1,-1,-1,-1
92,30,1128.12,592.44,1211.21,788.07,1,-1,-1,-1
92,28,1412.67,611.59,1525.65,891.62,1,-1,-1,-1
92,44,1513.90,607.05,1577.27,761.79,1,-1,-1,-1
93,29,1524.29,604.51,1650.88,904.02,1,-1,-1,-1
93,22,494.41,605.75,567.46,779.19,1,-1,-1,-1
93,21,1773.68,615.45,1842.22,779.68,1,-1,-1,-1
93,23,979.13,600.95,1057.98,789.46,1,-1,-1,-1
93,20,1604.94,607.37,1675.64,767.06,1,-1,-1,-1
93,30,1129.42,592.54,1212.74,787.22,1,-1,-1,-1
93,28,1417.76,610.93,1531.11,890.69,1,-1,-1,-1
93,44,1514.36,606.72,1577.89,761.88,1,-1,-1,-1
94,29,1527.27,601.99,1654.16,900.96,1,-1,-1,-1
94,22,494.60,605.69,567.83,778.84,1,-1,-1,-1
94,21,1776.61,612.93,1844.80,776.33,1,-1,-1,-1
94,23,976.11,599.42,1054.93,788.32,1,-1,-1,-1
94,20,1603.38,605.61,1673.68,764.71,1,-1,-1,-1
94,30,1132.05,590.63,1216.26,786.26,1,-1,-1,-1
94,28,1423.70,610.71,1536.77,888.41,1,-1,-1,-1
94,44,1513.76,602.32,1577.81,758.22,1,-1,-1,-1
95,29,1531.33,600.41,1659.40,900.52,1,-1,-1,-1
95,22,494.61,604.37,568.64,778.74,1,-1,-1,-1
95,21,1781.71,612.01,1850.05,775.09,1,-1,-1,-1
95,23,974.90,598.87,1053.27,787.25,1,-1,-1,-1
95,20,1602.32,604.31,1672.22,763.19,1,-1,-1,-1
95,30,1133.77,589.27,1218.67,785.25,1,-1,-1,-1
95,28,1427.27,610.66,1539.87,886.28,1,-1,-1,-1
95,44,1513.30,600.56,1578.20,758.66,1,-1,-1,-1
96,29,1536.57,599.84,1665.26,900.40,1,-1,-1,-1
96,22,494.76,603.89,568.76,777.40,1,-1,-1,-1
96,21,1786.82,612.36,1855.15,774.67,1,-1,-1,-1
96,23,973.63,598.03,1051.56,785.55,1,-1,-1,-1
96,20,1604.11,605.17,1669.62,754.71,1,-1,-1,-1
96,30,1134.81,589.45,1219.66,784.23,1,-1,-1,-1
96,28,1431.93,610.67,1544.67,885.55,1,-1,-1,-1
96,44,1513.69,599.27,1579.08,758.83,1,-1,-1,-1
97,29,1539.63,600.32,1668.03,899.75,1,-1,-1,-1
97,22,494.82,603.74,568.75,776.26,1,-1,-1,-1
97,21,1788.84,611.86,1857.98,775.21,1,-1,-1,-1
97,23,972.18,597.09,1050.01,784.27,1,-1,-1,-1
97,20,1605.65,603.51,1667.29,744.76,1,-1,-1,-1
97,30,1136.52,589.55,1221.16,783.20,1,-1,-1,-1
97,28,1434.33,610.69,1547.47,885.34,1,-1,-1,-1
97,44,1516.29,597.51,1582.81,760.20,1,-1,-1,-1
98,29,1541.31,599.87,1669.51,898.88,1,-1,-1,-1
98,22,496.70,601.06,571.47,775.85,1,-1,-1,-1
98,21,1789.68,610.38,1859.99,775.45,1,-1,-1,-1
98,23,969.13,594.77,1046.74,781.83,1,-1,-1,-1
98,20,1602.38,602.25,1662.88,741.26,1,-1,-1,-1
98,30,1138.44,588.30,1224.26,783.51,1,-1,-1,-1
98,28,1438.86,610.73,1551.86,883.99,1,-1,-1,-1
98,44,1518.02,596.86,1584.11,758.77,1,-1,-1,-1
99,29,1545.43,600.39,1672.88,897.94,1,-1,-1,-1
99,22,497.15,600.08,572.06,775.72,1,-1,-1,-1
99,21,1794.11,611.82,1863.58,773.59,1,-1,-1,-1
99,23,966.75,593.94,1044.19,780.95,1,-1,-1,-1
99,20,1601.99,603.86,1659.97,737.40,1,-1,-1,-1
99,30,1140.10,587.85,1226.30,782.98,1,-1,-1,-1
99,28,1444.56,610.76,1557.81,882.87,1,-1,-1,-1
99,44,1520.42,597.96,1584.79,756.91,1,-1,-1,-1
100,29,1548.59,599.95,1675.54,896.30,1,-1,-1,-1
100,22,497.88,599.08,572.98,775.70,1,-1,-1,-1
100,21,1795.80,612.41,1865.28,772.25,1,-1,-1,-1
100,23,962.94,592.99,1040.32,779.99,1,-1,-1,-1
100,20,1600.88,603.39,1657.70,734.27,1,-1,-1,-1
100,30,1141.51,587.05,1227.44,781.48,1,-1,-1,-1
100,28,1447.59,609.46,1560.80,880.51,1,-1,-1,-1
100,44,1521.58,597.75,1585.40,756.21,1,-1,-1,-1
101,29,1553.88,600.47,1679.41,893.73,1,-1,-1,-1
101,22,498.44,598.73,572.99,774.39,1,-1,-1,-1
101,21,1796.73,612.65,1866.65,771.79,1,-1,-1,-1
101,23,960.79,592.02,1038.37,779.66,1,-1,-1,-1
101,30,1142.21,586.11,1228.19,780.94,1,-1,-1,-1
101,28,1453.38,609.65,1565.57,877.69,1,-1,-1,-1
101,44,1522.73,599.02,1584.85,753.98,1,-1,-1,-1
102,29,1559.60,598.69,1684.80,891.49,1,-1,-1,-1
102,22,498.66,598.63,572.93,773.92,1,-1,-1,-1
102,21,1797.44,613.42,1867.87,771.64,1,-1,-1,-1
102,23,958.99,592.34,1036.14,778.92,1,-1,-1,-1
102,30,1142.96,585.13,1229.16,780.76,1,-1,-1,-1
102,28,1459.04,608.41,1571.51,877.36,1,-1,-1,-1
102,44,1523.26,598.86,1585.14,753.81,1,-1,-1,-1
103,29,1563.29,598.04,1687.62,889.37,1,-1,-1,-1
103,22,498.75,598.63,572.85,773.77,1,-1,-1,-1
103,21,1799.74,612.40,1871.36,771.62,1,-1,-1,-1
103,23,955.64,591.84,1032.81,778.01,1,-1,-1,-1
103,30,1143.21,584.78,1229.41,780.72,1,-1,-1,-1
103,28,1462.90,607.97,1574.97,877.29,1,-1,-1,-1
103,44,1528.84,600.80,1585.77,743.84,1,-1,-1,-1
104,29,1568.41,598.49,1691.92,887.96,1,-1,-1,-1
104,22,498.54,598.65,572.37,773.07,1,-1,-1,-1
104,21,1801.37,611.36,1873.67,770.32,1,-1,-1,-1
104,23,953.95,592.34,1030.82,777.70,1,-1,-1,-1
104,30,1145.04,583.36,1232.26,782.04,1,-1,-1,-1
104,28,1467.63,607.82,1579.27,877.32,1,-1,-1,-1
104,44,1526.13,598.84,1583.24,742.77,1,-1,-1,-1
105,29,1570.58,596.68,1695.62,889.49,1,-1,-1,-1
105,22,498.43,598.69,572.18,772.83,1,-1,-1,-1
105,21,1801.61,610.98,1874.68,770.52,1,-1,-1,-1
105,23,951.75,592.56,1029.14,778.28,1,-1,-1,-1
105,20,1571.27,601.95,1635.58,752.22,1,-1,-1,-1
105,30,1146.50,583.51,1233.76,782.56,1,-1,-1,-1
105,28,1470.20,607.12,1581.75,877.38,1,-1,-1,-1
105,44,1526.94,598.48,1583.60,741.27,1,-1,-1,-1
106,29,1574.99,596.02,1700.39,890.10,1,-1,-1,-1
106,22,496.88,599.38,570.27,772.76,1,-1,-1,-1
106,21,1802.41,610.86,1876.12,770.62,1,-1,-1,-1
106,23,948.47,593.33,1025.82,778.53,1,-1,-1,-1
106,20,1568.36,601.20,1633.60,755.33,1,-1,-1,-1
106,30,1148.15,584.91,1234.41,782.11,1,-1,-1,-1
106,28,1474.79,607.54,1586.00,878.10,1,-1,-1,-1
107,29,1577.71,596.46,1702.82,890.38,1,-1,-1,-1
107,22,495.50,599.66,568.99,773.42,1,-1,-1,-1
107,21,1802.05,610.82,1876.47,771.34,1,-1,-1,-1
107,23,946.84,594.30,1023.80,777.99,1,-1,-1,-1
107,20,1563.69,600.28,1629.52,757.19,1,-1,-1,-1
107,30,1149.27,586.13,1234.70,781.95,1,-1,-1,-1
107,28,1478.10,607.71,1589.01,877.76,1,-1,-1,-1
108,29,1581.80,597.31,1706.30,889.86,1,-1,-1,-1
108,22,495.00,599.78,568.49,773.68,1,-1,-1,-1
108,21,1802.40,610.83,1877.26,771.63,1,-1,-1,-1
108,23,944.56,594.02,1022.23,779.13,1,-1,-1,-1
108,20,1560.10,599.82,1626.34,757.71,1,-1,-1,-1
108,30,1150.06,587.27,1234.97,782.56,1,-1,-1,-1
108,28,1482.12,607.79,1593.67,878.32,1,-1,-1,-1
108,24,1561.09,601.02,1628.69,757.05,1,-1,-1,-1
109,29,1584.27,600.30,1708.38,891.68,1,-1,-1,-1
109,22,494.32,599.84,568.13,774.45,1,-1,-1,-1
109,21,1805.28,610.84,1880.59,771.76,1,-1,-1,-1
109,23,943.09,593.92,1021.08,779.58,1,-1,-1,-1
109,30,1151.26,588.37,1235.38,782.80,1,-1,-1,-1
109,28,1483.76,605.85,1597.62,881.20,1,-1,-1,-1
109,24,1560.23,600.86,1627.43,756.05,1,-1,-1,-1
110,29,1585.79,602.09,1709.58,892.39,1,-1,-1,-1
110,22,494.07,599.87,568.00,774.76,1,-1,-1,-1
110,21,1806.29,611.52,1881.77,772.48,1,-1,-1,-1
110,23,939.79,594.56,1017.61,779.76,1,-1,-1,-1
110,30,1153.59,589.45,1236.86,782.89,1,-1,-1,-1
110,28,1487.91,608.41,1601.88,882.96,1,-1,-1,-1
110,24,1557.83,600.39,1624.85,755.17,1,-1,-1,-1
110,44,1560.68,600.74,1622.98,755.59,1,-1,-1,-1
111,29,1588.90,602.77,1713.18,893.34,1,-1,-1,-1
111,22,493.98,599.89,567.95,774.88,1,-1,-1,-1
111,21,1806.56,611.78,1882.82,774.08,1,-1,-1,-1
111,23,937.29,594.80,1015.07,779.84,1,-1,-1,-1
111,30,1155.06,589.86,1238.03,783.60,1,-1,-1,-1
111,28,1489.87,609.41,1604.11,883.64,1,-1,-1,-1
111,24,1555.94,600.77,1622.79,756.43,1,-1,-1,-1
111,44,1564.23,600.75,1626.72,756.08,1,-1,-1,-1
112,29,1591.00,603.67,1715.33,893.71,1,-1,-1,-1
112,22,493.29,599.90,567.28,774.93,1,-1,-1,-1
112,21,1806.90,611.23,1883.51,774.69,1,-1,-1,-1
112,23,933.85,596.22,1010.82,779.22,1,-1,-1,-1
112,30,1156.44,590.01,1238.88,783.86,1,-1,-1,-1
112,28,1494.78,611.78,1608.40,883.23,1,-1,-1,-1
112,24,1553.56,600.41,1620.31,755.81,1,-1,-1,-1
112,44,1559.21,600.95,1622.54,756.90,1,-1,-1,-1
113,29,1592.20,604.67,1716.13,893.19,1,-1,-1,-1
113,22,493.04,599.92,567.03,774.95,1,-1,-1,-1
113,21,1807.55,611.68,1883.76,774.26,1,-1,-1,-1
113,23,931.66,598.76,1007.63,778.99,1,-1,-1,-1
113,30,1156.93,590.06,1239.11,784.63,1,-1,-1,-1
113,28,1497.17,612.67,1611.17,883.74,1,-1,-1,-1
113,44,1557.77,600.99,1621.35,757.81,1,-1,-1,-1
114,29,1593.34,605.69,1716.82,893.00,1,-1,-1,-1
114,22,492.95,599.93,566.94,774.96,1,-1,-1,-1
114,21,1808.11,612.52,1884.07,774.76,1,-1,-1,-1
114,23,928.28,600.37,1003.20,778.25,1,-1,-1,-1
114,30,1157.26,589.41,1239.62,785.57,1,-1,-1,-1
114,28,1500.90,611.01,1616.37,884.60,1,-1,-1,-1
114,44,1529.97,606.92,1583.75,741.04,1,-1,-1,-1
115,29,1596.66,606.06,1719.92,892.94,1,-1,-1,-1
115,22,492.92,599.94,566.92,774.97,1,-1,-1,-1
115,21,1810.53,611.52,1887.14,775.61,1,-1,-1,-1
115,23,925.41,600.95,1000.02,777.98,1,-1,-1,-1
115,30,1158.22,590.48,1240.19,787.24,1,-1,-1,-1
115,28,1503.06,611.04,1618.63,884.25,1,-1,-1,-1
115,24,1549.59,607.10,1613.92,759.37,1,-1,-1,-1
115,44,1516.32,607.16,1571.75,745.55,1,-1,-1,-1
116,29,1598.96,606.84,1721.80,892.92,1,-1,-1,-1
116,22,493.42,599.94,567.08,774.31,1,-1,-1,-1
116,21,1811.96,611.14,1888.34,775.26,1,-1,-1,-1
116,23,923.60,601.15,997.78,777.23,1,-1,-1,-1
116,30,1159.37,590.88,1240.86,787.87,1,-1,-1,-1
116,28,1504.36,611.70,1619.35,883.46,1,-1,-1,-1
116,24,1547.48,607.54,1611.61,759.31,1,-1,-1,-1
116,44,1510.66,605.92,1567.70,749.01,1,-1,-1,-1
117,29,1603.96,606.45,1726.11,890.93,1,-1,-1,-1
117,22,493.24,599.95,566.85,774.07,1,-1,-1,-1
117,21,1812.90,610.34,1889.59,775.78,1,-1,-1,-1
117,23,920.66,600.54,995.42,778.29,1,-1,-1,-1
117,30,1159.68,590.36,1241.15,788.75,1,-1,-1,-1
117,28,1509.26,608.64,1624.86,881.83,1,-1,-1,-1
117,44,1508.64,604.12,1566.92,750.97,1,-1,-1,-1
118,29,1606.54,605.62,1728.79,890.19,1,-1,-1,-1
118,22,493.95,599.96,567.32,773.32,1,-1,-1,-1
118,21,1814.58,610.70,1890.60,775.32,1,-1,-1,-1
118,23,918.27,598.98,993.37,777.37,1,-1,-1,-1
118,30,1162.26,590.16,1242.66,786.43,1,-1,-1,-1
118,28,1515.60,608.15,1630.10,879.24,1,-1,-1,-1
118,44,1507.93,603.42,1566.77,751.72,1,-1,-1,-1
119,29,1611.26,605.30,1733.78,889.93,1,-1,-1,-1
119,22,494.74,599.30,568.31,773.04,1,-1,-1,-1
119,21,1818.50,610.19,1894.18,775.14,1,-1,-1,-1
119,23,916.24,597.71,991.27,775.71,1,-1,-1,-1
119,30,1164.20,590.08,1244.18,785.53,1,-1,-1,-1
119,28,1519.53,609.30,1632.25,876.94,1,-1,-1,-1
119,44,1507.17,601.83,1568.06,755.28,1,-1,-1,-1
120,29,1613.51,605.17,1736.28,889.85,1,-1,-1,-1
120,22,496.90,599.06,570.79,773.60,1,-1,-1,-1
120,21,1820.36,609.34,1896.35,775.73,1,-1,-1,-1
120,23,914.93,596.57,990.57,775.76,1,-1,-1,-1
120,30,1165.67,590.05,1245.25,785.19,1,-1,-1,-1
120,28,1525.35,609.07,1637.72,876.76,1,-1,-1,-1
120,44,1506.90,600.59,1569.32,757.92,1,-1,-1,-1
121,29,1617.76,601.14,1741.52,888.51,1,-1,-1,-1
121,22,498.48,598.97,572.26,773.16,1,-1,-1,-1
121,21,1821.50,608.37,1897.94,776.60,1,-1,-1,-1
121,23,912.17,595.48,988.77,776.45,1,-1,-1,-1
121,30,1166.90,590.04,1246.20,785.06,1,-1,-1,-1
121,28,1531.36,608.33,1643.60,876.05,1,-1,-1,-1
121,44,1509.21,598.81,1573.38,760.21,1,-1,-1,-1
122,29,1620.19,598.97,1744.41,888.01,1,-1,-1,-1
122,22,499.72,598.94,573.47,773.00,1,-1,-1,-1
122,21,1821.88,608.01,1898.46,776.93,1,-1,-1,-1
122,23,910.51,595.08,987.58,776.73,1,-1,-1,-1
122,30,1167.77,590.03,1246.74,785.01,1,-1,-1,-1
122,28,1537.35,607.39,1649.72,875.81,1,-1,-1,-1
122,44,1510.09,597.49,1575.73,761.72,1,-1,-1,-1
123,29,1624.89,598.81,1748.74,887.19,1,-1,-1,-1
123,22,501.07,599.60,574.34,772.29,1,-1,-1,-1
123,21,1825.48,607.89,1901.64,777.05,1,-1,-1,-1
123,23,909.37,595.59,986.48,776.84,1,-1,-1,-1
123,30,1169.79,589.36,1249.12,785.66,1,-1,-1,-1
123,28,1541.43,607.71,1653.19,875.08,1,-1,-1,-1
123,44,1510.57,596.99,1577.24,762.91,1,-1,-1,-1
124,29,1627.34,598.78,1750.78,886.23,1,-1,-1,-1
124,22,502.04,599.19,575.49,772.69,1,-1,-1,-1
124,21,1826.94,607.85,1902.64,777.08,1,-1,-1,-1
124,23,908.55,596.46,985.31,776.23,1,-1,-1,-1
124,30,1171.04,589.11,1250.10,785.24,1,-1,-1,-1
124,28,1546.78,607.84,1658.95,875.49,1,-1,-1,-1
124,44,1510.50,596.17,1578.15,763.34,1,-1,-1,-1
125,29,1628.80,599.44,1752.07,886.55,1,-1,-1,-1
125,22,502.55,599.70,575.73,772.84,1,-1,-1,-1
125,21,1827.55,607.85,1902.82,777.09,1,-1,-1,-1
125,23,907.73,596.13,984.89,776.67,1,-1,-1,-1
125,30,1172.26,589.02,1251.61,785.74,1,-1,-1,-1
125,28,1552.52,607.89,1665.00,875.67,1,-1,-1,-1
125,44,1510.33,595.22,1579.36,764.76,1,-1,-1,-1
126,29,1632.26,599.71,1755.36,886.69,1,-1,-1,-1
126,22,502.79,599.23,576.38,773.57,1,-1,-1,-1
126,21,1828.47,608.52,1902.74,776.43,1,-1,-1,-1
126,23,904.81,596.01,982.20,777.50,1,-1,-1,-1
126,30,1172.66,588.98,1252.15,785.93,1,-1,-1,-1
126,28,1555.75,608.58,1667.86,874.43,1,-1,-1,-1
126,44,1510.91,598.13,1579.87,765.93,1,-1,-1,-1
127,29,1634.70,601.14,1756.56,886.10,1,-1,-1,-1
127,22,502.88,599.06,576.58,773.85,1,-1,-1,-1
127,21,1828.86,608.79,1902.53,776.17,1,-1,-1,-1
127,23,903.23,597.29,979.81,777.16,1,-1,-1,-1
127,30,1173.09,588.31,1253.30,786.66,1,-1,-1,-1
127,28,1560.23,607.52,1673.92,875.97,1,-1,-1,-1
127,44,1511.12,599.28,1580.14,766.33,1,-1,-1,-1
128,29,1636.97,602.35,1757.41,885.23,1,-1,-1,-1
128,22,502.42,598.99,576.45,774.61,1,-1,-1,-1
128,21,1829.34,608.89,1902.68,776.07,1,-1,-1,-1
128,23,901.69,597.78,978.03,777.69,1,-1,-1,-1
128,30,1173.94,588.72,1254.28,786.93,1,-1,-1,-1
128,28,1563.09,609.76,1676.02,875.24,1,-1,-1,-1
128,44,1510.47,599.72,1579.68,766.45,1,-1,-1,-1
129,29,1641.45,602.81,1761.17,884.92,1,-1,-1,-1
129,22,502.52,598.97,576.75,774.90,1,-1,-1,-1
129,21,1829.63,608.93,1902.53,776.03,1,-1,-1,-1
129,23,898.45,597.30,974.87,778.56,1,-1,-1,-1
129,30,1174.34,588.22,1255.15,787.03,1,-1,-1,-1
129,28,1567.79,611.28,1680.12,874.31,1,-1,-1,-1
129,44,1509.88,599.89,1579.23,766.46,1,-1,-1,-1
130,29,1644.40,605.63,1763.09,886.15,1,-1,-1,-1
130,22,502.40,598.97,576.99,775.66,1,-1,-1,-1
130,21,1829.93,609.61,1902.19,776.02,1,-1,-1,-1
130,23,895.98,597.77,971.78,778.22,1,-1,-1,-1
130,30,1176.14,589.35,1257.70,789.70,1,-1,-1,-1
130,28,1573.29,611.85,1686.21,875.30,1,-1,-1,-1
130,44,1506.52,599.96,1576.30,766.43,1,-1,-1,-1
131,29,1649.31,607.35,1767.08,886.63,1,-1,-1,-1
131,22,503.53,598.97,578.50,776.61,1,-1,-1,-1
131,21,1830.24,609.87,1902.44,776.67,1,-1,-1,-1
131,23,895.17,599.93,969.98,778.09,1,-1,-1,-1
131,30,1177.13,589.79,1258.93,790.70,1,-1,-1,-1
131,28,1576.70,612.71,1688.81,873.70,1,-1,-1,-1
131,44,1504.77,599.98,1575.04,766.39,1,-1,-1,-1
132,29,1655.59,609.30,1771.88,885.49,1,-1,-1,-1
132,22,505.15,602.26,578.51,775.64,1,-1,-1,-1
132,21,1830.99,610.63,1902.50,776.92,1,-1,-1,-1
132,23,892.21,600.75,966.82,778.04,1,-1,-1,-1
132,30,1178.23,590.61,1259.90,791.06,1,-1,-1,-1
132,28,1582.20,612.36,1693.84,872.44,1,-1,-1,-1
132,44,1503.41,600.65,1574.66,767.66,1,-1,-1,-1
133,29,1658.05,605.35,1775.99,885.73,1,-1,-1,-1
133,22,505.87,603.52,579.03,775.92,1,-1,-1,-1
133,21,1831.35,610.92,1902.37,777.01,1,-1,-1,-1
133,23,890.93,602.36,964.64,777.36,1,-1,-1,-1
133,30,1179.04,590.26,1261.11,791.18,1,-1,-1,-1
133,28,1587.83,611.55,1699.78,872.65,1,-1,-1,-1
133,44,1502.53,600.90,1574.94,768.78,1,-1,-1,-1
134,29,1662.72,603.21,1781.47,885.83,1,-1,-1,-1
134,22,506.57,604.64,579.42,776.03,1,-1,-1,-1
134,21,1834.48,611.02,1905.23,777.70,1,-1,-1,-1
134,23,888.85,602.29,962.94,777.77,1,-1,-1,-1
134,30,1179.82,590.12,1262.32,791.21,1,-1,-1,-1
134,28,1591.09,612.56,1701.87,870.76,1,-1,-1,-1
134,44,1505.63,601.00,1578.90,770.50,1,-1,-1,-1
135,29,1668.83,603.05,1786.86,883.90,1,-1,-1,-1
135,22,506.81,604.38,580.21,776.72,1,-1,-1,-1
135,21,1835.76,611.05,1906.14,777.95,1,-1,-1,-1
135,23,885.49,601.58,960.39,778.58,1,-1,-1,-1
135,30,1180.96,588.08,1265.81,793.84,1,-1,-1,-1
135,28,1595.59,612.27,1706.96,872.06,1,-1,-1,-1
135,44,1506.58,601.03,1580.68,771.77,1,-1,-1,-1
136,29,1672.31,602.99,1790.10,883.18,1,-1,-1,-1
136,22,507.34,604.93,580.69,776.98,1,-1,-1,-1
136,21,1836.70,613.04,1906.60,780.03,1,-1,-1,-1
136,23,883.50,601.30,959.00,778.89,1,-1,-1,-1
136,30,1181.89,587.97,1267.86,795.47,1,-1,-1,-1
136,28,1602.46,612.82,1713.30,872.56,1,-1,-1,-1
136,44,1506.88,601.04,1581.44,772.23,1,-1,-1,-1
137,29,1673.73,602.97,1791.59,883.58,1,-1,-1,-1
137,22,507.90,605.78,581.13,777.06,1,-1,-1,-1
137,21,1837.16,613.79,1906.61,780.80,1,-1,-1,-1
137,23,881.32,601.19,957.43,779.00,1,-1,-1,-1
137,30,1182.54,587.94,1269.56,796.73,1,-1,-1,-1
137,28,1605.77,612.36,1715.95,872.10,1,-1,-1,-1
137,44,1506.94,601.04,1581.80,772.37,1,-1,-1,-1
138,29,1678.31,602.97,1795.76,883.75,1,-1,-1,-1
138,22,508.04,606.08,581.33,777.09,1,-1,-1,-1
138,21,1837.32,614.05,1906.54,781.08,1,-1,-1,-1
138,23,879.81,601.13,956.36,778.38,1,-1,-1,-1
138,30,1183.50,588.58,1270.72,796.52,1,-1,-1,-1
138,28,1610.58,612.83,1720.31,873.26,1,-1,-1,-1
138,44,1506.90,601.04,1582.00,772.39,1,-1,-1,-1
139,29,1684.11,602.97,1800.92,883.16,1,-1,-1,-1
139,22,508.02,606.18,581.43,777.09,1,-1,-1,-1
139,21,1837.79,614.14,1906.70,781.17,1,-1,-1,-1
139,23,876.73,602.43,953.33,778.14,1,-1,-1,-1
139,30,1186.24,588.18,1274.61,797.73,1,-1,-1,-1
139,28,1614.09,613.67,1722.56,872.38,1,-1,-1,-1
139,44,1506.87,600.37,1582.75,773.03,1,-1,-1,-1
140,29,1687.04,603.63,1803.17,882.95,1,-1,-1,-1
140,22,507.33,605.54,581.46,777.75,1,-1,-1,-1
140,21,1838.80,614.82,1907.20,781.18,1,-1,-1,-1
140,23,874.36,603.57,950.91,778.05,1,-1,-1,-1
140,30,1188.22,589.34,1276.36,797.51,1,-1,-1,-1
140,28,1618.85,613.98,1726.90,872.72,1,-1,-1,-1
140,44,1506.43,600.12,1582.80,773.24,1,-1,-1,-1
141,29,1689.03,603.88,1804.84,882.88,1,-1,-1,-1
141,22,507.51,605.28,581.66,777.33,1,-1,-1,-1
141,21,1839.21,615.06,1907.29,781.18,1,-1,-1,-1
141,23,872.63,603.32,949.68,778.01,1,-1,-1,-1
141,30,1189.23,590.45,1277.31,797.39,1,-1,-1,-1
141,28,1621.99,615.41,1728.84,872.19,1,-1,-1,-1
141,44,1506.20,600.03,1582.89,773.30,1,-1,-1,-1
142,29,1692.73,603.98,1808.19,882.21,1,-1,-1,-1
142,22,507.78,605.84,581.50,776.50,1,-1,-1,-1
142,21,1839.28,614.48,1907.36,781.16,1,-1,-1,-1
142,23,868.84,603.22,947.23,779.99,1,-1,-1,-1
142,30,1189.94,590.86,1277.89,796.66,1,-1,-1,-1
142,28,1626.43,616.60,1732.60,872.00,1,-1,-1,-1
142,44,1502.97,599.99,1579.47,772.64,1,-1,-1,-1
143,29,1695.49,605.34,1809.80,881.30,1,-1,-1,-1
143,22,507.99,605.37,581.97,776.18,1,-1,-1,-1
143,21,1838.85,614.25,1907.13,781.80,1,-1,-1,-1
143,23,866.46,603.17,945.43,780.07,1,-1,-1,-1
143,30,1191.06,591.68,1278.47,795.70,1,-1,-1,-1
143,28,1629.36,619.68,1734.42,872.60,1,-1,-1,-1
143,44,1501.74,599.98,1578.19,772.37,1,-1,-1,-1
144,29,1696.84,606.51,1810.48,880.97,1,-1,-1,-1
144,22,508.38,605.19,582.48,776.06,1,-1,-1,-1
144,21,1839.08,614.15,1907.27,782.04,1,-1,-1,-1
144,23,864.21,602.48,944.28,780.75,1,-1,-1,-1
144,30,1193.57,591.31,1281.80,796.65,1,-1,-1,-1
144,28,1633.96,620.15,1739.25,873.50,1,-1,-1,-1
144,44,1504.10,599.32,1581.51,773.57,1,-1,-1,-1
145,29,1701.54,610.92,1813.60,880.86,1,-1,-1,-1
145,22,508.61,605.77,582.56,776.02,1,-1,-1,-1
145,21,1839.21,614.11,1907.23,782.11,1,-1,-1,-1
145,23,860.90,603.53,941.20,781.66,1,-1,-1,-1
145,30,1195.29,591.83,1283.48,796.34,1,-1,-1,-1
145,28,1635.90,620.30,1741.21,873.83,1,-1,-1,-1
145,44,1502.12,599.73,1579.08,773.35,1,-1,-1,-1
146,29,1704.38,613.90,1815.44,880.84,1,-1,-1,-1
146,22,508.65,605.99,582.61,776.00,1,-1,-1,-1
146,21,1839.30,614.09,1907.15,782.13,1,-1,-1,-1
146,23,858.46,603.92,938.75,781.33,1,-1,-1,-1
146,30,1196.84,592.02,1285.09,796.21,1,-1,-1,-1
146,28,1637.64,620.99,1742.62,873.96,1,-1,-1,-1
146,44,1504.60,599.89,1581.53,773.91,1,-1,-1,-1
147,29,1705.12,614.31,1816.19,880.84,1,-1,-1,-1
147,22,508.88,606.06,583.06,776.66,1,-1,-1,-1
147,21,1839.16,614.07,1907.25,782.79,1,-1,-1,-1
147,23,854.11,604.06,934.81,781.86,1,-1,-1,-1
147,30,1198.10,592.74,1286.23,796.15,1,-1,-1,-1
147,28,1640.75,619.90,1746.36,874.67,1,-1,-1,-1
147,44,1502.43,599.95,1578.99,773.45,1,-1,-1,-1
148,29,1709.00,614.42,1820.62,881.52,1,-1,-1,-1
148,22,508.71,606.74,582.80,776.90,1,-1,-1,-1
148,21,1838.89,614.06,1907.48,783.69,1,-1,-1,-1
148,23,851.28,604.10,932.05,782.05,1,-1,-1,-1
148,30,1200.55,593.67,1289.20,798.76,1,-1,-1,-1
148,28,1642.83,618.81,1747.92,872.29,1,-1,-1,-1
148,44,1501.34,599.98,1577.64,773.92,1,-1,-1,-1
149,29,1710.73,611.78,1822.46,879.13,1,-1,-1,-1
149,22,508.36,606.99,582.97,778.32,1,-1,-1,-1
149,21,1838.97,614.71,1907.36,783.36,1,-1,-1,-1
149,23,847.09,604.11,927.72,782.11,1,-1,-1,-1
149,30,1202.23,594.00,1290.77,799.74,1,-1,-1,-1
149,28,1644.56,618.38,1748.61,870.06,1,-1,-1,-1
149,44,1500.78,599.99,1576.64,774.08,1,-1,-1,-1
150,29,1715.78,614.07,1827.14,879.57,1,-1,-1,-1
150,22,507.72,607.08,582.87,779.50,1,-1,-1,-1
150,21,1838.45,614.96,1907.19,783.88,1,-1,-1,-1
150,23,844.42,604.76,924.72,782.78,1,-1,-1,-1
150,30,1203.78,594.78,1291.64,800.09,1,-1,-1,-1
150,28,1648.14,617.54,1752.31,869.89,1,-1,-1,-1
150,44,1500.34,599.99,1575.86,774.13,1,-1,-1,-1
151,29,1717.18,613.58,1830.49,883.07,1,-1,-1,-1
151,22,507.49,606.44,583.46,780.60,1,-1,-1,-1
151,21,1838.09,615.04,1907.27,784.06,1,-1,-1,-1
151,23,840.68,605.00,920.57,783.03,1,-1,-1,-1
151,30,1205.38,595.06,1292.81,800.20,1,-1,-1,-1
151,28,1650.56,617.88,1754.38,869.84,1,-1,-1,-1
151,44,1499.29,601.31,1575.16,776.78,1,-1,-1,-1
152,29,1718.05,613.38,1831.87,883.06,1,-1,-1,-1
152,22,507.38,606.85,583.70,781.66,1,-1,-1,-1
152,21,1837.34,615.07,1907.23,784.78,1,-1,-1,-1
152,23,839.27,608.39,917.24,783.11,1,-1,-1,-1
152,30,1206.30,595.81,1293.48,800.88,1,-1,-1,-1
152,28,1652.39,618.67,1755.32,869.18,1,-1,-1,-1
152,44,1495.84,601.81,1572.06,778.43,1,-1,-1,-1
153,29,1721.73,613.28,1836.07,883.05,1,-1,-1,-1
153,22,507.19,607.00,583.92,782.71,1,-1,-1,-1
153,21,1836.83,615.07,1907.43,785.70,1,-1,-1,-1
153,23,838.00,610.32,914.30,782.46,1,-1,-1,-1
153,30,1208.89,596.08,1296.00,801.79,1,-1,-1,-1
153,28,1656.51,618.29,1759.30,868.94,1,-1,-1,-1
153,44,1493.94,601.34,1570.85,780.34,1,-1,-1,-1
154,29,1724.04,613.23,1838.50,882.39,1,-1,-1,-1
154,22,507.95,610.34,583.17,782.43,1,-1,-1,-1
154,21,1836.43,615.07,1907.71,786.69,1,-1,-1,-1
154,23,837.00,611.02,912.62,782.21,1,-1,-1,-1
154,30,1211.10,596.16,1298.24,802.77,1,-1,-1,-1
154,28,1658.99,618.81,1760.96,868.20,1,-1,-1,-1
154,44,1493.35,601.15,1570.32,781.05,1,-1,-1,-1
155,29,1728.31,613.85,1843.07,882.13,1,-1,-1,-1
155,22,507.96,612.28,582.48,782.30,1,-1,-1,-1
155,21,1836.60,617.69,1908.14,789.03,1,-1,-1,-1
155,23,834.26,611.92,909.24,782.11,1,-1,-1,-1
155,30,1212.79,596.18,1300.09,803.78,1,-1,-1,-1
155,28,1662.35,618.33,1766.21,872.58,1,-1,-1,-1
155,44,1493.11,602.39,1569.54,781.29,1,-1,-1,-1
156,29,1729.73,614.08,1844.76,882.04,1,-1,-1,-1
156,22,508.16,612.98,582.69,782.90,1,-1,-1,-1
156,21,1836.41,619.35,1907.91,789.90,1,-1,-1,-1
156,23,832.47,612.89,906.95,782.07,1,-1,-1,-1
156,30,1215.30,596.83,1302.76,805.46,1,-1,-1,-1
156,28,1665.27,620.78,1768.31,872.90,1,-1,-1,-1
156,44,1492.89,604.18,1568.13,780.69,1,-1,-1,-1
157,29,1730.98,614.81,1846.44,882.66,1,-1,-1,-1
157,22,507.84,613.22,582.49,783.11,1,-1,-1,-1
157,21,1836.40,619.29,1908.41,790.86,1,-1,-1,-1
157,23,828.51,613.22,903.59,783.38,1,-1,-1,-1
157,30,1216.96,596.41,1304.90,806.73,1,-1,-1,-1
157,28,1666.71,621.71,1769.84,873.02,1,-1,-1,-1
157,44,1493.29,605.51,1567.84,780.43,1,-1,-1,-1
158,29,1731.71,615.73,1847.25,882.90,1,-1,-1,-1
158,22,507.56,613.94,582.58,784.49,1,-1,-1,-1
158,21,1835.99,619.26,1908.33,791.20,1,-1,-1,-1
158,23,826.30,613.32,901.94,784.53,1,-1,-1,-1
158,30,1218.37,596.89,1306.12,807.18,1,-1,-1,-1
158,28,1670.85,623.37,1773.87,873.06,1,-1,-1,-1
158,44,1492.69,605.99,1567.21,780.97,1,-1,-1,-1
159,29,1735.26,616.06,1851.37,883.65,1,-1,-1,-1
159,22,507.80,614.19,582.92,785.00,1,-1,-1,-1
159,21,1835.91,619.89,1908.23,791.30,1,-1,-1,-1
159,23,824.58,613.99,900.42,785.61,1,-1,-1,-1
159,30,1219.59,597.73,1307.74,809.30,1,-1,-1,-1
159,28,1673.64,625.30,1775.92,872.41,1,-1,-1,-1
159,44,1490.10,606.82,1564.10,780.50,1,-1,-1,-1
160,29,1737.36,616.83,1853.28,883.93,1,-1,-1,-1
160,22,507.68,614.26,583.26,785.83,1,-1,-1,-1
160,21,1835.79,620.77,1907.62,790.65,1,-1,-1,-1
160,23,823.37,614.22,899.28,786.01,1,-1,-1,-1
160,30,1220.66,599.34,1308.27,809.41,1,-1,-1,-1
160,28,1677.44,625.34,1780.34,873.48,1,-1,-1,-1
160,44,1489.10,607.78,1562.34,779.64,1,-1,-1,-1
161,29,1742.73,618.43,1857.16,882.04,1,-1,-1,-1
161,22,507.69,614.27,583.33,786.13,1,-1,-1,-1
161,21,1835.94,622.41,1907.19,790.38,1,-1,-1,-1
161,23,820.34,614.28,896.33,786.80,1,-1,-1,-1
161,30,1222.94,599.95,1310.43,810.08,1,-1,-1,-1
161,28,1679.93,627.32,1782.04,873.22,1,-1,-1,-1
161,44,1488.00,608.78,1561.15,779.96,1,-1,-1,-1
162,29,1745.80,619.68,1859.36,881.33,1,-1,-1,-1
162,22,507.97,614.25,583.74,786.88,1,-1,-1,-1
162,21,1833.02,623.01,1904.03,789.60,1,-1,-1,-1
162,23,817.67,613.62,894.27,787.75,1,-1,-1,-1
162,30,1225.43,600.81,1312.13,809.64,1,-1,-1,-1
162,28,1681.49,628.04,1783.14,872.45,1,-1,-1,-1
162,44,1487.45,608.47,1560.92,780.07,1,-1,-1,-1
162,56,-2.20,648.02,67.19,854.55,1,-1,-1,-1
163,29,1750.33,618.79,1863.89,880.40,1,-1,-1,-1
163,22,508.66,613.57,584.62,787.14,1,-1,-1,-1
163,21,1834.59,623.21,1905.50,789.29,1,-1,-1,-1
163,23,815.87,612.70,893.15,788.74,1,-1,-1,-1
163,30,1227.01,603.11,1312.66,809.44,1,-1,-1,-1
163,28,1685.63,628.27,1787.07,871.49,1,-1,-1,-1
163,44,1486.52,607.67,1560.97,780.77,1,-1,-1,-1
163,56,-2.68,645.00,69.08,856.53,1,-1,-1,-1
164,29,1752.61,617.77,1866.79,880.72,1,-1,-1,-1
164,22,508.82,613.95,584.39,787.22,1,-1,-1,-1
164,21,1835.71,623.92,1905.54,787.84,1,-1,-1,-1
164,23,813.14,612.99,889.69,788.45,1,-1,-1,-1
164,30,1227.47,602.62,1313.52,810.01,1,-1,-1,-1
164,28,1688.57,628.33,1789.60,869.81,1,-1,-1,-1
164,44,1485.83,607.35,1560.73,781.02,1,-1,-1,-1
164,56,0.87,645.47,75.31,862.97,1,-1,-1,-1
165,29,1757.76,618.69,1870.64,878.20,1,-1,-1,-1
165,22,510.30,613.43,586.17,787.89,1,-1,-1,-1
165,21,1832.77,624.83,1902.27,787.28,1,-1,-1,-1
165,23,810.52,611.77,887.49,788.97,1,-1,-1,-1
165,30,1230.38,602.41,1316.94,811.52,1,-1,-1,-1
165,28,1692.26,627.00,1793.72,869.18,1,-1,-1,-1
165,44,1482.33,607.88,1556.69,779.78,1,-1,-1,-1
165,56,3.38,647.09,78.18,863.73,1,-1,-1,-1
166,29,1759.94,615.70,1872.93,875.26,1,-1,-1,-1
166,22,510.63,613.22,586.40,788.13,1,-1,-1,-1
166,21,1831.54,625.15,1900.53,786.41,1,-1,-1,-1
166,23,809.14,611.96,885.25,787.84,1,-1,-1,-1
166,30,1231.15,601.66,1318.45,812.73,1,-1,-1,-1
166,28,1694.56,627.80,1794.78,866.97,1,-1,-1,-1
166,44,1480.49,608.06,1555.09,779.97,1,-1,-1,-1
166,56,7.98,646.31,82.22,859.00,1,-1,-1,-1
167,29,1764.56,615.24,1877.06,873.52,1,-1,-1,-1
167,22,510.03,613.79,585.21,787.54,1,-1,-1,-1
167,21,1831.08,625.24,1899.91,786.09,1,-1,-1,-1
167,23,806.25,612.03,881.68,787.39,1,-1,-1,-1
167,30,1231.07,600.69,1319.27,813.82,1,-1,-1,-1
167,28,1697.12,628.09,1795.23,862.82,1,-1,-1,-1
167,44,1479.15,607.46,1554.56,780.69,1,-1,-1,-1
167,56,10.24,645.34,84.92,857.18,1,-1,-1,-1
168,29,1767.19,614.40,1879.46,872.23,1,-1,-1,-1
168,22,510.90,613.34,586.29,787.96,1,-1,-1,-1
168,21,1830.69,625.77,1899.22,785.92,1,-1,-1,-1
168,23,804.05,612.05,878.98,787.21,1,-1,-1,-1
168,30,1231.35,600.32,1319.81,814.20,1,-1,-1,-1
168,28,1700.75,626.17,1799.17,862.63,1,-1,-1,-1
168,24,1478.56,606.01,1554.38,779.99,1,-1,-1,-1
168,44,1477.96,607.66,1553.37,780.89,1,-1,-1,-1
168,56,14.33,643.64,89.90,855.81,1,-1,-1,-1
169,29,1768.23,612.76,1881.40,873.11,1,-1,-1,-1
169,22,511.38,613.16,586.52,787.45,1,-1,-1,-1
169,23,800.61,612.71,874.80,787.13,1,-1,-1,-1
169,30,1231.29,599.51,1320.05,814.32,1,-1,-1,-1
169,28,1703.49,626.11,1801.04,861.92,1,-1,-1,-1
169,24,1474.60,605.96,1551.35,779.55,1,-1,-1,-1
169,56,15.65,641.00,93.02,855.97,1,-1,-1,-1
170,29,1772.95,613.48,1884.84,871.48,1,-1,-1,-1
170,22,511.42,613.09,586.07,786.58,1,-1,-1,-1
170,23,797.83,612.30,872.25,788.42,1,-1,-1,-1
170,30,1231.63,598.53,1320.35,813.68,1,-1,-1,-1
170,28,1705.45,626.75,1801.91,861.03,1,-1,-1,-1
170,24,1472.29,605.94,1549.54,779.32,1,-1,-1,-1
170,56,19.03,639.38,98.42,857.37,1,-1,-1,-1
171,29,1775.19,613.10,1886.77,871.56,1,-1,-1,-1
171,22,510.39,613.72,584.28,785.58,1,-1,-1,-1
171,23,795.82,612.14,869.81,788.24,1,-1,-1,-1
171,30,1232.42,598.16,1321.02,813.41,1,-1,-1,-1
171,28,1708.78,625.65,1805.41,861.39,1,-1,-1,-1
171,24,1471.26,605.95,1548.44,778.55,1,-1,-1,-1
171,56,21.85,638.14,100.66,852.57,1,-1,-1,-1
172,29,1776.21,612.30,1887.76,871.62,1,-1,-1,-1
172,22,509.63,613.29,583.30,784.54,1,-1,-1,-1
172,23,793.38,612.73,866.14,786.18,1,-1,-1,-1
172,30,1232.37,597.37,1321.54,814.61,1,-1,-1,-1
172,28,1710.18,625.90,1806.37,860.89,1,-1,-1,-1
172,24,1470.51,605.95,1547.18,777.58,1,-1,-1,-1
172,56,26.42,637.72,105.08,850.07,1,-1,-1,-1
173,29,1776.84,612.67,1887.68,871.00,1,-1,-1,-1
173,22,509.83,613.79,583.10,784.14,1,-1,-1,-1
173,23,791.60,612.29,864.49,786.05,1,-1,-1,-1
173,30,1232.78,597.07,1321.88,814.39,1,-1,-1,-1
173,28,1712.13,627.32,1807.09,859.41,1,-1,-1,-1
173,24,1469.20,605.87,1545.93,777.63,1,-1,-1,-1
173,44,1470.64,605.25,1546.53,779.20,1,-1,-1,-1
173,56,29.75,637.60,108.18,847.81,1,-1,-1,-1
174,29,1780.85,613.48,1890.94,870.79,1,-1,-1,-1
174,22,509.91,613.97,583.03,784.00,1,-1,-1,-1
174,23,789.45,612.12,862.24,785.34,1,-1,-1,-1
174,30,1232.99,596.30,1322.55,814.94,1,-1,-1,-1
174,28,1714.05,628.51,1807.96,858.21,1,-1,-1,-1
174,44,1470.47,605.74,1545.78,779.05,1,-1,-1,-1
174,56,35.32,638.26,113.45,846.33,1,-1,-1,-1
175,29,1782.80,615.12,1891.53,870.08,1,-1,-1,-1
175,22,509.94,614.04,583.01,783.95,1,-1,-1,-1
175,23,786.11,612.05,859.48,785.74,1,-1,-1,-1
175,30,1233.51,597.34,1322.28,813.82,1,-1,-1,-1
175,28,1717.70,628.95,1811.82,858.46,1,-1,-1,-1
175,44,1466.85,605.24,1543.11,780.33,1,-1,-1,-1
175,56,972.66,630.53,1031.42,789.03,1,-1,-1,-1
176,29,1785.14,617.73,1891.93,869.17,1,-1,-1,-1
176,22,509.83,614.06,583.12,784.60,1,-1,-1,-1
176,23,783.84,611.37,858.32,787.22,1,-1,-1,-1
176,30,1236.28,597.74,1324.83,814.04,1,-1,-1,-1
176,28,1719.79,629.76,1813.69,857.92,1,-1,-1,-1
176,44,1464.96,605.05,1541.43,780.80,1,-1,-1,-1
176,56,1347.74,627.52,1398.62,766.19,1,-1,-1,-1
176,52,5.10,637.00,88.41,859.53,1,-1,-1,-1
177,29,1786.37,619.37,1891.53,868.18,1,-1,-1,-1
177,22,509.81,614.06,583.15,784.85,1,-1,-1,-1
177,23,782.19,611.77,856.88,787.77,1,-1,-1,-1
177,20,1435.23,625.96,1486.63,763.02,1,-1,-1,-1
177,30,1237.62,597.89,1326.09,814.11,1,-1,-1,-1
177,28,1723.59,630.05,1817.83,858.41,1,-1,-1,-1
177,44,1464.27,605.64,1540.21,780.98,1,-1,-1,-1
177,56,433.02,636.27,502.24,823.14,1,-1,-1,-1
177,52,10.03,637.00,94.42,860.72,1,-1,-1,-1
178,29,1790.84,623.30,1894.52,869.17,1,-1,-1,-1
178,22,509.81,614.05,583.15,784.95,1,-1,-1,-1
178,23,781.08,612.58,855.68,787.98,1,-1,-1,-1
178,20,1435.37,628.59,1485.31,765.45,1,-1,-1,-1
178,30,1238.99,599.28,1326.94,814.12,1,-1,-1,-1
178,28,1725.88,630.15,1820.31,858.62,1,-1,-1,-1
178,44,1463.76,605.87,1539.46,781.70,1,-1,-1,-1
178,56,187.31,639.24,261.19,837.39,1,-1,-1,-1
178,52,11.44,635.53,97.85,862.55,1,-1,-1,-1
179,29,1792.76,624.74,1895.88,869.57,1,-1,-1,-1
179,22,511.02,614.05,584.59,785.64,1,-1,-1,-1
179,23,779.07,613.55,853.05,787.39,1,-1,-1,-1
179,20,1433.97,628.44,1484.84,768.15,1,-1,-1,-1
179,30,1239.25,599.80,1327.44,814.78,1,-1,-1,-1
179,28,1726.77,629.51,1821.68,858.72,1,-1,-1,-1
179,44,1463.69,606.62,1538.49,781.31,1,-1,-1,-1
179,56,81.64,639.92,158.08,843.57,1,-1,-1,-1
179,52,16.13,635.74,103.05,861.72,1,-1,-1,-1
180,29,1793.37,625.24,1896.99,871.06,1,-1,-1,-1
180,22,510.06,614.04,583.91,786.57,1,-1,-1,-1
180,23,776.94,613.91,850.94,787.82,1,-1,-1,-1
180,20,1432.65,629.76,1484.23,770.49,1,-1,-1,-1
180,30,1238.81,599.33,1328.08,816.34,1,-1,-1,-1
180,28,1726.88,630.58,1822.89,862.08,1,-1,-1,-1
180,44,1464.06,607.56,1537.83,780.49,1,-1,-1,-1
180,56,45.85,640.16,123.79,847.82,1,-1,-1,-1
180,52,17.71,635.84,105.37,861.38,1,-1,-1,-1
181,29,1793.62,624.73,1897.89,872.30,1,-1,-1,-1
181,22,511.08,613.38,585.56,787.57,1,-1,-1,-1
181,23,775.44,614.04,849.70,788.64,1,-1,-1,-1
181,20,1430.00,630.89,1480.68,771.25,1,-1,-1,-1
181,30,1238.83,599.80,1328.73,817.58,1,-1,-1,-1
181,28,1730.03,629.65,1827.33,864.01,1,-1,-1,-1
181,44,1460.58,607.91,1535.33,783.49,1,-1,-1,-1
181,56,38.36,639.59,116.83,848.68,1,-1,-1,-1
181,52,21.67,633.82,111.46,862.61,1,-1,-1,-1
182,29,1797.95,625.16,1901.77,872.10,1,-1,-1,-1
182,22,511.86,613.78,586.44,788.60,1,-1,-1,-1
182,23,772.02,614.08,846.30,789.61,1,-1,-1,-1
182,20,1428.87,634.04,1479.01,772.84,1,-1,-1,-1
182,30,1239.92,602.62,1329.15,818.69,1,-1,-1,-1
182,28,1732.21,630.60,1829.17,864.08,1,-1,-1,-1
182,44,1459.86,608.70,1534.55,784.61,1,-1,-1,-1
182,56,39.09,639.35,118.11,849.52,1,-1,-1,-1
182,52,23.32,633.10,114.58,863.04,1,-1,-1,-1
183,29,1799.98,625.30,1904.01,873.35,1,-1,-1,-1
183,22,511.95,614.60,586.32,788.98,1,-1,-1,-1
183,23,770.11,616.72,843.82,791.28,1,-1,-1,-1
183,20,1428.91,635.82,1478.82,773.35,1,-1,-1,-1
183,30,1240.77,605.66,1328.80,818.43,1,-1,-1,-1
183,28,1736.69,630.96,1833.96,864.76,1,-1,-1,-1
183,44,1459.25,609.65,1533.38,785.02,1,-1,-1,-1
183,56,45.65,640.54,123.80,848.40,1,-1,-1,-1
183,52,27.28,632.18,120.17,863.85,1,-1,-1,-1
184,29,1805.27,625.98,1908.11,871.84,1,-1,-1,-1
184,22,512.18,617.54,585.39,789.11,1,-1,-1,-1
184,23,768.07,617.72,841.73,792.57,1,-1,-1,-1
184,20,1427.52,635.71,1478.23,774.16,1,-1,-1,-1
184,30,1243.24,606.79,1331.11,819.63,1,-1,-1,-1
184,28,1739.11,631.08,1836.17,864.35,1,-1,-1,-1
184,44,1458.99,610.66,1532.40,785.16,1,-1,-1,-1
184,56,54.82,640.33,133.00,848.49,1,-1,-1,-1
184,52,33.53,633.20,126.57,863.46,1,-1,-1,-1
185,29,1807.38,625.55,1910.03,871.93,1,-1,-1,-1
185,22,512.29,617.99,585.67,789.81,1,-1,-1,-1
185,23,765.13,618.74,838.00,792.37,1,-1,-1,-1
185,20,1427.08,636.29,1478.05,775.09,1,-1,-1,-1
185,30,1244.47,607.85,1332.26,820.73,1,-1,-1,-1
185,28,1740.30,631.12,1837.18,864.18,1,-1,-1,-1
185,44,1458.41,611.02,1531.94,786.52,1,-1,-1,-1
185,56,61.25,640.24,139.37,848.42,1,-1,-1,-1
185,52,36.69,634.28,129.86,863.29,1,-1,-1,-1
186,29,1808.35,625.37,1911.05,872.62,1,-1,-1,-1
186,22,512.14,618.80,585.28,790.06,1,-1,-1,-1
186,23,763.52,620.43,835.95,793.60,1,-1,-1,-1
186,20,1426.17,636.45,1477.50,776.06,1,-1,-1,-1
186,30,1244.36,607.56,1333.20,823.10,1,-1,-1,-1
186,28,1741.69,632.44,1837.76,863.45,1,-1,-1,-1
186,44,1458.83,611.81,1531.87,786.35,1,-1,-1,-1
186,56,69.35,641.50,146.44,846.98,1,-1,-1,-1
186,52,42.22,634.69,135.78,863.21,1,-1,-1,-1
187,29,1812.51,625.94,1914.74,872.89,1,-1,-1,-1
187,22,512.13,618.43,585.75,790.80,1,-1,-1,-1
187,23,761.34,620.38,833.62,794.05,1,-1,-1,-1
187,20,1425.75,636.47,1477.45,777.04,1,-1,-1,-1
187,30,1244.08,607.42,1333.72,824.63,1,-1,-1,-1
187,28,1744.86,631.61,1841.77,864.50,1,-1,-1,-1
187,44,1458.68,612.75,1531.59,786.93,1,-1,-1,-1
187,56,74.85,641.97,151.81,847.00,1,-1,-1,-1
187,52,48.19,634.86,142.45,864.50,1,-1,-1,-1
188,29,1814.58,626.14,1916.12,872.32,1,-1,-1,-1
188,22,511.99,618.27,586.05,791.73,1,-1,-1,-1
188,23,294.59,630.91,381.63,840.45,1,-1,-1,-1
188,20,1425.32,636.44,1477.79,778.70,1,-1,-1,-1
188,30,1244.58,608.66,1334.57,826.50,1,-1,-1,-1
188,28,1746.56,631.94,1843.26,864.23,1,-1,-1,-1
188,44,1458.48,613.75,1531.02,787.13,1,-1,-1,-1
188,56,83.66,643.45,159.24,844.95,1,-1,-1,-1
188,52,520.70,624.98,599.89,818.56,1,-1,-1,-1
189,29,1815.71,624.87,1918.09,874.09,1,-1,-1,-1
189,22,512.06,619.52,586.03,792.72,1,-1,-1,-1
189,23,557.31,624.87,636.20,815.32,1,-1,-1,-1
189,20,1424.56,636.40,1477.93,779.94,1,-1,-1,-1
189,30,1245.20,609.77,1335.05,827.17,1,-1,-1,-1
189,28,1747.99,633.39,1844.17,864.12,1,-1,-1,-1
189,44,1459.07,615.43,1530.88,787.19,1,-1,-1,-1
189,56,91.39,644.00,168.06,848.75,1,-1,-1,-1
189,52,212.50,632.46,301.82,850.15,1,-1,-1,-1
190,29,1816.29,625.04,1918.52,874.76,1,-1,-1,-1
190,22,512.49,620.64,586.27,793.08,1,-1,-1,-1
190,23,680.54,622.63,755.21,804.06,1,-1,-1,-1
190,20,1424.27,635.69,1478.70,781.03,1,-1,-1,-1
190,30,1244.91,610.16,1335.04,828.05,1,-1,-1,-1
190,28,1751.89,633.92,1848.26,864.73,1,-1,-1,-1
190,44,1459.34,616.04,1530.84,787.19,1,-1,-1,-1
190,56,99.87,646.15,176.25,850.12,1,-1,-1,-1
190,52,122.87,634.74,215.70,860.40,1,-1,-1,-1
191,29,1820.36,625.10,1922.57,875.66,1,-1,-1,-1
191,22,512.36,620.38,586.64,793.86,1,-1,-1,-1
191,23,723.87,621.10,797.11,799.16,1,-1,-1,-1
191,20,1421.95,635.41,1476.65,781.40,1,-1,-1,-1
191,30,1245.41,610.28,1335.69,828.34,1,-1,-1,-1
191,28,1753.62,634.77,1850.02,864.96,1,-1,-1,-1
191,44,1459.31,616.24,1530.35,786.52,1,-1,-1,-1
191,56,108.63,647.62,184.17,849.92,1,-1,-1,-1
191,52,88.39,636.95,182.05,863.82,1,-1,-1,-1
192,29,1822.63,626.43,1923.87,875.33,1,-1,-1,-1
192,22,512.64,621.59,586.45,794.13,1,-1,-1,-1
192,23,738.50,619.86,811.61,797.33,1,-1,-1,-1
192,20,1421.01,635.81,1475.96,782.45,1,-1,-1,-1
192,30,1246.05,610.30,1336.10,827.76,1,-1,-1,-1
192,28,1755.24,636.39,1850.86,863.72,1,-1,-1,-1
192,44,1459.46,616.95,1530.04,786.25,1,-1,-1,-1
192,56,972.42,640.19,1033.75,804.09,1,-1,-1,-1
192,52,78.37,639.11,173.69,867.73,1,-1,-1,-1
193,29,1823.82,628.25,1925.18,877.84,1,-1,-1,-1
193,22,512.51,621.37,586.60,794.88,1,-1,-1,-1
193,23,742.70,618.72,816.57,797.29,1,-1,-1,-1
193,20,1420.42,639.93,1473.88,781.56,1,-1,-1,-1
193,30,1246.59,610.95,1335.90,826.84,1,-1,-1,-1
193,28,1759.07,637.65,1854.42,863.91,1,-1,-1,-1
193,44,1459.83,617.20,1530.32,786.14,1,-1,-1,-1
193,56,388.30,645.79,460.11,837.52,1,-1,-1,-1
193,52,74.99,639.26,171.87,869.16,1,-1,-1,-1
194,29,1828.51,628.91,1927.87,874.81,1,-1,-1,-1
194,22,512.61,621.27,586.50,794.48,1,-1,-1,-1
194,23,741.94,618.28,816.35,797.25,1,-1,-1,-1
194,20,1419.54,637.49,1474.01,781.44,1,-1,-1,-1
194,30,1246.63,611.17,1335.27,825.81,1,-1,-1,-1
194,28,1761.07,638.77,1855.67,863.31,1,-1,-1,-1
194,44,1459.71,617.26,1530.06,785.43,1,-1,-1,-1
194,56,225.01,650.64,297.68,845.29,1,-1,-1,-1
194,52,78.40,639.95,176.17,869.64,1,-1,-1,-1
195,29,1831.07,629.15,1929.24,873.64,1,-1,-1,-1
195,22,511.89,620.55,585.89,794.31,1,-1,-1,-1
195,23,740.57,618.11,815.53,797.88,1,-1,-1,-1
195,20,1418.89,635.99,1474.40,782.06,1,-1,-1,-1
195,30,1247.16,611.90,1335.14,825.40,1,-1,-1,-1
195,28,1762.74,639.82,1856.37,862.42,1,-1,-1,-1
195,44,1459.75,617.93,1529.91,785.16,1,-1,-1,-1
195,56,159.59,651.28,232.90,848.40,1,-1,-1,-1
195,52,83.74,640.19,182.15,869.75,1,-1,-1,-1
196,29,1832.17,627.89,1930.12,873.21,1,-1,-1,-1
196,22,512.14,620.93,585.79,794.23,1,-1,-1,-1
196,23,738.76,618.05,814.02,798.10,1,-1,-1,-1
196,20,1417.57,635.42,1473.71,782.27,1,-1,-1,-1
196,30,1246.92,610.82,1335.50,826.56,1,-1,-1,-1
196,28,1764.09,640.19,1857.05,861.43,1,-1,-1,-1
196,44,1459.51,617.50,1530.14,785.06,1,-1,-1,-1
196,56,138.75,650.82,212.37,849.51,1,-1,-1,-1
196,52,86.45,640.26,185.41,869.08,1,-1,-1,-1
197,29,1836.99,628.72,1933.15,871.06,1,-1,-1,-1
197,22,512.04,619.74,585.95,794.18,1,-1,-1,-1
197,23,735.74,617.36,811.31,797.51,1,-1,-1,-1
197,20,1416.70,635.55,1473.04,782.94,1,-1,-1,-1
197,30,1246.62,610.40,1335.15,826.98,1,-1,-1,-1
197,28,1767.61,638.30,1860.78,860.40,1,-1,-1,-1
197,44,1459.46,617.31,1530.22,784.35,1,-1,-1,-1
197,56,968.60,640.75,1030.27,805.21,1,-1,-1,-1
197,52,91.27,640.26,191.07,868.77,1,-1,-1,-1
198,29,1839.63,628.36,1934.62,869.59,1,-1,-1,-1
198,22,510.61,619.95,584.11,793.50,1,-1,-1,-1
198,23,734.35,617.76,810.02,797.27,1,-1,-1,-1
198,20,1413.95,635.93,1469.44,780.81,1,-1,-1,-1
198,30,1246.73,609.57,1335.41,827.78,1,-1,-1,-1
198,28,1769.29,636.91,1862.32,858.70,1,-1,-1,-1
198,44,1459.35,617.23,1530.35,784.09,1,-1,-1,-1
198,56,404.74,644.41,475.93,835.48,1,-1,-1,-1
198,52,98.41,640.24,196.71,864.65,1,-1,-1,-1
199,29,1841.34,628.21,1934.28,867.06,1,-1,-1,-1
199,22,510.19,620.02,583.28,792.56,1,-1,-1,-1
199,23,732.48,617.91,808.38,797.17,1,-1,-1,-1
199,20,1412.42,635.35,1468.02,780.38,1,-1,-1,-1
199,30,1246.02,607.27,1334.93,827.42,1,-1,-1,-1
199,28,1769.88,633.72,1863.43,856.74,1,-1,-1,-1
199,44,1458.88,615.86,1530.86,784.66,1,-1,-1,-1
199,56,237.28,644.24,310.50,841.37,1,-1,-1,-1
199,52,101.53,638.22,201.27,865.04,1,-1,-1,-1
200,29,1843.62,628.44,1936.20,866.38,1,-1,-1,-1
200,22,509.75,620.04,582.60,792.21,1,-1,-1,-1
200,23,730.51,617.31,807.19,797.13,1,-1,-1,-1
200,20,1410.63,635.14,1466.81,780.89,1,-1,-1,-1
200,30,1246.00,606.40,1334.48,826.60,1,-1,-1,-1
200,28,1770.58,632.52,1864.53,856.03,1,-1,-1,-1
200,44,1458.29,615.33,1530.82,784.87,1,-1,-1,-1
200,56,172.34,642.86,249.07,849.55,1,-1,-1,-1
200,52,106.74,636.80,207.57,865.17,1,-1,-1,-1
201,22,509.62,620.05,582.33,792.07,1,-1,-1,-1
201,23,727.36,617.75,804.01,797.10,1,-1,-1,-1
201,20,1409.46,635.19,1465.75,781.21,1,-1,-1,-1
201,30,1245.83,606.07,1333.79,826.28,1,-1,-1,-1
201,28,1773.64,630.75,1868.61,857.11,1,-1,-1,-1
201,44,1454.77,615.13,1528.17,785.62,1,-1,-1,-1
201,56,956.01,637.17,1019.50,806.31,1,-1,-1,-1
201,52,113.27,636.26,214.00,864.54,1,-1,-1,-1
202,22,509.72,620.05,582.10,791.36,1,-1,-1,-1
202,23,725.12,618.57,801.35,796.42,1,-1,-1,-1
202,20,1409.43,635.05,1465.90,780.34,1,-1,-1,-1
202,30,1245.61,605.95,1333.01,826.15,1,-1,-1,-1
202,28,1774.82,629.44,1870.65,858.19,1,-1,-1,-1
202,44,1453.50,614.39,1527.80,785.90,1,-1,-1,-1
202,56,410.59,641.84,481.36,830.92,1,-1,-1,-1
202,52,120.89,637.38,219.88,862.97,1,-1,-1,-1
203,22,509.77,620.04,582.02,791.09,1,-1,-1,-1
203,23,721.05,618.88,797.10,796.82,1,-1,-1,-1
203,20,1408.67,634.35,1465.80,780.17,1,-1,-1,-1
203,30,1245.08,605.26,1332.50,826.76,1,-1,-1,-1
203,28,1776.21,629.62,1871.64,857.96,1,-1,-1,-1
203,44,1455.76,614.77,1530.22,786.00,1,-1,-1,-1
203,56,247.84,643.26,320.10,837.17,1,-1,-1,-1
203,52,125.35,638.47,223.13,862.36,1,-1,-1,-1
204,22,509.80,620.04,581.99,790.99,1,-1,-1,-1
204,23,718.05,618.34,793.83,796.31,1,-1,-1,-1
204,20,1409.32,635.42,1465.53,778.13,1,-1,-1,-1
204,30,1245.01,605.00,1332.18,826.98,1,-1,-1,-1
204,28,1777.25,630.37,1872.01,857.23,1,-1,-1,-1
204,44,1456.57,614.26,1531.23,785.37,1,-1,-1,-1
204,56,185.05,642.52,258.76,841.56,1,-1,-1,-1
204,52,131.86,638.87,228.69,861.46,1,-1,-1,-1
205,29,1856.13,624.36,1945.80,861.13,1,-1,-1,-1
205,22,509.83,620.03,581.98,790.96,1,-1,-1,-1
205,23,714.32,618.13,790.08,796.78,1,-1,-1,-1
205,20,1406.42,635.17,1461.99,776.68,1,-1,-1,-1
205,30,1245.10,604.91,1331.94,827.06,1,-1,-1,-1
205,28,1780.84,631.33,1874.75,856.30,1,-1,-1,-1
205,44,1456.47,612.75,1532.03,785.14,1,-1,-1,-1
205,56,171.14,644.18,244.03,842.54,1,-1,-1,-1
205,52,138.56,638.36,235.00,861.13,1,-1,-1,-1
206,29,1858.39,624.13,1947.83,860.29,1,-1,-1,-1
206,22,509.97,620.03,581.86,790.29,1,-1,-1,-1
206,23,712.52,618.05,787.92,796.95,1,-1,-1,-1
206,20,1405.47,634.40,1461.28,776.81,1,-1,-1,-1
206,30,1244.85,604.23,1331.47,827.08,1,-1,-1,-1
206,28,1783.29,632.37,1876.53,855.97,1,-1,-1,-1
206,44,1456.39,611.52,1533.05,785.70,1,-1,-1,-1
206,56,168.60,643.51,241.34,842.18,1,-1,-1,-1
206,52,146.03,639.48,241.52,860.34,1,-1,-1,-1
207,29,1858.96,624.77,1945.59,859.89,1,-1,-1,-1
207,22,511.39,619.36,583.78,790.71,1,-1,-1,-1
207,23,711.19,619.34,785.30,796.35,1,-1,-1,-1
207,20,1404.48,632.79,1461.06,776.87,1,-1,-1,-1
207,30,1244.80,603.98,1331.26,827.08,1,-1,-1,-1
207,28,1784.52,633.43,1876.74,854.53,1,-1,-1,-1
207,44,1456.31,611.06,1533.49,785.26,1,-1,-1,-1
207,56,169.40,643.90,241.51,841.32,1,-1,-1,-1
207,52,152.22,638.57,248.36,860.05,1,-1,-1,-1
208,29,1860.93,624.63,1947.32,859.09,1,-1,-1,-1
208,22,511.79,618.45,584.63,790.87,1,-1,-1,-1
208,23,708.56,619.82,782.01,796.12,1,-1,-1,-1
208,20,1403.84,632.19,1460.67,776.90,1,-1,-1,-1
208,30,1242.82,604.56,1328.52,825.76,1,-1,-1,-1
208,28,1785.55,633.16,1877.42,853.34,1,-1,-1,-1
208,44,1456.30,610.90,1534.29,785.75,1,-1,-1,-1
208,56,175.83,644.69,247.59,841.58,1,-1,-1,-1
208,52,155.10,636.90,252.09,859.95,1,-1,-1,-1
209,22,512.18,618.77,584.70,790.27,1,-1,-1,-1
209,23,707.20,620.00,779.99,795.37,1,-1,-1,-1
209,20,1403.24,629.34,1460.29,774.94,1,-1,-1,-1
209,30,1242.09,604.79,1327.48,825.25,1,-1,-1,-1
209,28,1786.60,633.73,1877.54,851.59,1,-1,-1,-1
209,44,1456.95,610.86,1535.26,785.27,1,-1,-1,-1
209,56,183.34,643.01,255.78,841.63,1,-1,-1,-1
209,52,160.53,636.93,257.48,858.60,1,-1,-1,-1
210,22,513.09,618.89,585.29,789.39,1,-1,-1,-1
210,23,705.42,618.73,778.05,794.43,1,-1,-1,-1
210,20,1402.70,628.27,1459.86,774.20,1,-1,-1,-1
210,30,1241.61,603.56,1327.31,825.06,1,-1,-1,-1
210,28,1789.90,633.27,1881.20,851.62,1,-1,-1,-1
210,44,1456.90,610.19,1536.58,785.75,1,-1,-1,-1
210,56,187.79,643.03,260.49,842.26,1,-1,-1,-1
210,52,166.40,636.95,263.38,857.43,1,-1,-1,-1
211,22,513.40,618.94,585.53,789.06,1,-1,-1,-1
211,23,704.16,617.59,776.77,793.42,1,-1,-1,-1
211,20,1402.05,627.22,1459.56,773.94,1,-1,-1,-1
211,30,1243.82,602.44,1329.52,824.99,1,-1,-1,-1
211,28,1791.71,633.10,1883.19,851.00,1,-1,-1,-1
211,44,1459.53,609.29,1540.34,785.93,1,-1,-1,-1
211,56,194.14,641.06,268.06,843.12,1,-1,-1,-1
211,52,168.88,635.63,267.02,857.67,1,-1,-1,-1
212,22,513.88,618.97,585.90,788.28,1,-1,-1,-1
212,23,700.95,616.50,773.90,792.38,1,-1,-1,-1
212,20,1401.12,625.53,1459.53,774.51,1,-1,-1,-1
212,30,1242.54,602.69,1327.87,824.31,1,-1,-1,-1
212,28,1792.65,631.71,1884.87,850.79,1,-1,-1,-1
212,44,1460.89,608.31,1542.70,786.00,1,-1,-1,-1
212,56,200.45,639.00,275.64,844.72,1,-1,-1,-1
212,52,173.64,635.80,272.20,857.77,1,-1,-1,-1
213,22,514.29,616.99,587.12,788.00,1,-1,-1,-1
213,23,699.36,616.09,772.71,792.01,1,-1,-1,-1
213,20,1400.25,624.76,1458.86,774.24,1,-1,-1,-1
213,30,1241.96,602.13,1327.35,824.05,1,-1,-1,-1
213,28,1796.50,629.20,1888.48,847.42,1,-1,-1,-1
213,44,1461.92,607.29,1545.01,786.68,1,-1,-1,-1
213,56,980.15,630.39,1042.18,798.95,1,-1,-1,-1
213,52,175.85,635.21,275.43,858.49,1,-1,-1,-1
214,22,514.54,616.25,587.47,787.24,1,-1,-1,-1
214,23,698.09,615.95,771.79,791.88,1,-1,-1,-1
214,30,1243.90,601.28,1329.64,824.62,1,-1,-1,-1
214,28,1798.75,628.26,1890.23,844.85,1,-1,-1,-1
214,44,1463.07,606.27,1545.09,783.65,1,-1,-1,-1
214,56,1300.25,626.20,1357.10,780.11,1,-1,-1,-1
214,52,181.11,632.36,281.17,856.78,1,-1,-1,-1
215,22,515.37,615.98,588.16,786.31,1,-1,-1,-1
215,23,697.55,615.90,771.00,790.52,1,-1,-1,-1
215,30,1244.69,600.31,1330.46,824.84,1,-1,-1,-1
215,28,1799.96,627.26,1891.02,842.59,1,-1,-1,-1
215,44,1465.55,604.57,1548.30,783.81,1,-1,-1,-1
215,56,573.84,634.75,643.25,822.75,1,-1,-1,-1
215,52,187.45,630.63,287.92,856.15,1,-1,-1,-1
216,22,516.39,615.89,589.01,785.97,1,-1,-1,-1
216,23,696.81,616.56,770.08,790.02,1,-1,-1,-1
216,30,1245.10,599.95,1330.66,824.93,1,-1,-1,-1
216,28,1800.93,627.57,1891.32,841.13,1,-1,-1,-1
216,44,1467.87,604.62,1550.03,783.22,1,-1,-1,-1
216,56,1087.15,628.58,1147.14,790.74,1,-1,-1,-1
216,52,194.58,630.00,294.67,854.60,1,-1,-1,-1
217,22,516.90,615.87,589.18,785.19,1,-1,-1,-1
217,23,696.14,616.81,769.61,789.85,1,-1,-1,-1
217,30,1245.93,599.84,1330.71,824.31,1,-1,-1,-1
217,28,1804.36,626.38,1894.87,840.63,1,-1,-1,-1
217,44,1469.44,605.32,1550.59,782.34,1,-1,-1,-1
217,56,1320.02,625.83,1375.64,776.20,1,-1,-1,-1
217,52,202.43,631.10,300.99,852.71,1,-1,-1,-1
218,22,518.44,615.21,591.17,785.58,1,-1,-1,-1
218,23,374.64,625.53,461.63,830.91,1,-1,-1,-1
218,30,1246.51,600.47,1330.46,824.07,1,-1,-1,-1
218,28,1806.34,626.61,1896.03,839.82,1,-1,-1,-1
218,44,1470.72,605.61,1551.34,782.02,1,-1,-1,-1
218,56,1398.26,624.92,1452.00,770.63,1,-1,-1,-1
218,52,528.41,620.92,613.39,811.52,1,-1,-1,-1
219,22,519.62,614.97,591.94,784.42,1,-1,-1,-1
219,23,557.12,619.98,637.08,807.83,1,-1,-1,-1
219,30,1246.95,600.72,1330.13,823.99,1,-1,-1,-1
219,28,1807.60,626.72,1896.46,838.90,1,-1,-1,-1
219,44,1473.91,605.08,1554.80,782.57,1,-1,-1,-1
219,56,1423.03,624.65,1476.08,768.84,1,-1,-1,-1
219,52,568.88,619.39,652.26,806.37,1,-1,-1,-1
220,22,520.43,614.89,592.50,783.99,1,-1,-1,-1
220,23,640.60,614.76,718.47,797.83,1,-1,-1,-1
220,20,1401.65,625.68,1456.83,768.21,1,-1,-1,-1
220,30,1246.96,599.51,1330.15,824.62,1,-1,-1,-1
220,28,1811.80,626.78,1900.05,838.60,1,-1,-1,-1
220,44,1476.06,604.89,1557.03,782.79,1,-1,-1,-1
220,56,1485.09,623.70,1537.02,764.87,1,-1,-1,-1
220,52,291.31,626.93,386.91,842.55,1,-1,-1,-1
221,22,521.24,614.87,592.81,783.19,1,-1,-1,-1
221,23,671.23,614.84,747.52,793.48,1,-1,-1,-1
221,20,1401.33,625.39,1456.39,767.62,1,-1,-1,-1
221,30,1244.91,599.72,1327.60,824.20,1,-1,-1,-1
221,28,1813.85,626.15,1902.11,839.19,1,-1,-1,-1
221,44,1477.01,604.17,1558.30,782.88,1,-1,-1,-1
221,56,1429.28,624.56,1481.32,767.43,1,-1,-1,-1
221,52,266.62,635.30,354.18,835.68,1,-1,-1,-1
222,22,522.34,614.88,593.41,782.24,1,-1,-1,-1
222,23,682.30,613.55,758.53,791.83,1,-1,-1,-1
222,30,1246.13,597.83,1329.25,825.37,1,-1,-1,-1
222,28,1815.51,627.25,1902.50,838.12,1,-1,-1,-1
222,44,1478.03,603.92,1559.35,782.26,1,-1,-1,-1
222,56,1423.35,621.20,1475.83,767.53,1,-1,-1,-1
222,52,243.26,629.17,336.78,843.12,1,-1,-1,-1
223,22,523.25,614.89,593.76,781.24,1,-1,-1,-1
223,23,685.77,612.41,762.09,791.23,1,-1,-1,-1
223,30,1246.58,596.47,1329.88,826.46,1,-1,-1,-1
223,28,1816.44,627.68,1902.85,837.75,1,-1,-1,-1
223,44,1481.83,604.50,1562.81,782.03,1,-1,-1,-1
223,56,1421.42,620.05,1473.30,766.94,1,-1,-1,-1
223,52,238.77,627.69,334.21,845.05,1,-1,-1,-1
224,22,524.27,614.90,594.49,780.88,1,-1,-1,-1
224,23,685.41,612.66,761.24,791.01,1,-1,-1,-1
224,30,1247.11,595.32,1330.41,826.88,1,-1,-1,-1
224,28,1820.76,627.85,1906.83,837.65,1,-1,-1,-1
224,44,1483.39,602.75,1565.22,781.95,1,-1,-1,-1
224,56,1419.21,619.66,1470.66,766.83,1,-1,-1,-1
224,52,238.20,627.12,335.04,846.46,1,-1,-1,-1
225,22,524.58,613.58,595.45,781.44,1,-1,-1,-1
225,23,684.68,613.43,759.59,790.27,1,-1,-1,-1
225,20,1398.72,620.34,1454.41,767.78,1,-1,-1,-1
225,30,1247.67,595.55,1330.25,826.37,1,-1,-1,-1
225,28,1822.48,628.58,1908.08,837.64,1,-1,-1,-1
225,44,1483.90,602.10,1566.09,781.92,1,-1,-1,-1
225,56,1449.42,618.68,1500.46,764.67,1,-1,-1,-1
225,52,241.85,626.92,339.68,846.98,1,-1,-1,-1
226,22,526.59,613.10,597.82,781.66,1,-1,-1,-1
226,23,683.68,613.74,757.78,789.34,1,-1,-1,-1
226,20,1398.21,619.69,1454.01,767.43,1,-1,-1,-1
226,30,1248.70,596.33,1330.03,822.87,1,-1,-1,-1
226,28,1823.68,628.86,1908.50,837.00,1,-1,-1,-1
226,44,1484.16,601.21,1566.88,781.92,1,-1,-1,-1
226,56,1417.54,618.72,1469.01,767.61,1,-1,-1,-1
226,52,247.72,626.20,346.46,846.51,1,-1,-1,-1
227,22,527.59,612.93,599.09,781.76,1,-1,-1,-1
227,23,683.55,613.86,756.93,788.33,1,-1,-1,-1
227,30,1249.02,596.64,1330.00,821.54,1,-1,-1,-1
227,28,1825.16,629.63,1908.80,835.46,1,-1,-1,-1
227,24,1476.94,624.98,1530.96,759.02,1,-1,-1,-1
227,44,1487.72,600.24,1570.85,781.93,1,-1,-1,-1
227,56,1414.04,618.63,1464.99,767.35,1,-1,-1,-1
227,52,250.77,626.59,349.76,845.65,1,-1,-1,-1
228,22,528.68,612.87,600.12,781.15,1,-1,-1,-1
228,23,403.63,623.21,489.75,825.18,1,-1,-1,-1
228,30,1248.97,596.11,1330.15,821.06,1,-1,-1,-1
228,28,1827.93,625.92,1912.54,835.57,1,-1,-1,-1
228,24,1477.99,623.56,1530.09,759.68,1,-1,-1,-1
228,44,1489.66,600.54,1572.32,781.27,1,-1,-1,-1
228,56,1414.78,619.27,1465.22,766.63,1,-1,-1,-1
228,52,533.98,618.18,618.57,807.05,1,-1,-1,-1
229,22,529.27,612.20,600.92,780.94,1,-1,-1,-1
229,23,303.15,625.94,395.22,839.01,1,-1,-1,-1
229,30,1249.66,595.93,1330.81,820.23,1,-1,-1,-1
229,28,1830.23,624.54,1914.53,834.32,1,-1,-1,-1
229,24,1478.37,622.50,1529.79,759.83,1,-1,-1,-1
229,44,1490.72,600.68,1573.08,781.03,1,-1,-1,-1
229,56,1414.38,619.55,1464.43,765.75,1,-1,-1,-1
229,52,643.63,615.60,721.41,791.15,1,-1,-1,-1
230,22,529.99,611.96,601.98,781.53,1,-1,-1,-1
230,23,527.49,619.42,608.02,807.78,1,-1,-1,-1
230,30,1250.13,595.21,1331.49,819.93,1,-1,-1,-1
230,28,1831.58,623.37,1915.97,833.20,1,-1,-1,-1
230,24,1478.55,622.40,1529.95,759.65,1,-1,-1,-1
230,44,1491.59,600.75,1573.42,780.29,1,-1,-1,-1
230,56,1411.36,619.01,1461.66,766.14,1,-1,-1,-1
230,52,393.88,622.43,485.14,827.01,1,-1,-1,-1
231,22,530.52,611.88,602.72,781.76,1,-1,-1,-1
231,23,624.22,615.21,700.27,794.88,1,-1,-1,-1
231,30,1250.57,594.95,1332.13,819.83,1,-1,-1,-1
231,28,1835.63,622.95,1919.44,831.49,1,-1,-1,-1
231,44,1492.68,602.12,1573.34,779.35,1,-1,-1,-1
231,56,1409.34,618.82,1459.81,766.33,1,-1,-1,-1
231,52,317.27,625.27,412.46,837.96,1,-1,-1,-1
232,22,531.42,610.54,603.55,780.54,1,-1,-1,-1
232,23,658.71,614.39,732.62,790.29,1,-1,-1,-1
232,30,1252.74,594.20,1334.98,821.13,1,-1,-1,-1
232,28,1837.87,622.81,1921.20,830.21,1,-1,-1,-1
232,24,1479.91,622.91,1527.34,751.05,1,-1,-1,-1
232,44,1495.74,601.98,1576.51,779.67,1,-1,-1,-1
232,56,1410.50,619.44,1460.77,765.78,1,-1,-1,-1
232,52,290.52,626.44,386.49,841.14,1,-1,-1,-1
233,22,533.70,612.03,605.16,780.74,1,-1,-1,-1
233,23,670.75,612.08,744.41,788.62,1,-1,-1,-1
233,30,1254.22,593.93,1336.68,821.64,1,-1,-1,-1
233,28,1839.17,623.44,1921.25,828.44,1,-1,-1,-1
233,24,1480.44,623.70,1526.64,749.15,1,-1,-1,-1
233,44,1497.23,601.28,1577.90,779.14,1,-1,-1,-1
233,56,1410.29,619.02,1460.80,765.61,1,-1,-1,-1
233,52,285.69,626.90,381.33,841.66,1,-1,-1,-1
234,22,534.36,609.96,606.57,780.83,1,-1,-1,-1
234,23,675.05,611.90,748.21,788.02,1,-1,-1,-1
234,30,1255.27,594.51,1337.46,821.18,1,-1,-1,-1
234,28,1840.33,624.36,1921.09,827.81,1,-1,-1,-1
234,24,1480.75,623.95,1526.28,747.88,1,-1,-1,-1
234,44,1498.83,602.34,1578.60,778.29,1,-1,-1,-1
234,56,1409.79,618.22,1460.47,764.92,1,-1,-1,-1
234,52,285.83,626.40,381.55,842.44,1,-1,-1,-1
235,22,535.29,609.19,607.67,780.87,1,-1,-1,-1
235,23,426.94,621.16,510.61,823.05,1,-1,-1,-1
235,30,1256.28,594.74,1338.41,820.34,1,-1,-1,-1
235,28,1841.46,624.72,1920.86,826.95,1,-1,-1,-1
235,24,1481.06,624.72,1525.94,746.80,1,-1,-1,-1
235,44,1500.17,602.75,1579.32,777.32,1,-1,-1,-1
235,56,1409.31,618.59,1459.92,764.69,1,-1,-1,-1
235,52,275.79,626.60,372.10,843.99,1,-1,-1,-1
236,22,536.09,608.26,608.88,780.90,1,-1,-1,-1
236,23,570.41,614.44,648.21,802.38,1,-1,-1,-1
236,30,1257.04,595.50,1339.00,819.38,1,-1,-1,-1
236,28,1842.12,624.19,1920.40,826.66,1,-1,-1,-1
236,24,1481.02,624.30,1525.98,745.80,1,-1,-1,-1
236,44,1501.53,603.57,1579.95,776.30,1,-1,-1,-1
236,56,1409.03,618.75,1459.81,764.64,1,-1,-1,-1
236,52,295.87,625.41,390.95,841.26,1,-1,-1,-1
237,22,536.73,607.92,609.59,780.91,1,-1,-1,-1
237,21,1822.15,627.01,1882.84,772.00,1,-1,-1,-1
237,23,634.15,611.48,709.39,793.17,1,-1,-1,-1
237,30,1257.56,596.46,1339.59,819.02,1,-1,-1,-1
237,28,1842.45,624.67,1919.37,826.59,1,-1,-1,-1
237,24,1480.88,623.47,1526.79,746.17,1,-1,-1,-1
237,44,1504.86,603.88,1583.23,776.60,1,-1,-1,-1
237,56,1408.78,619.48,1459.36,763.99,1,-1,-1,-1
237,52,303.44,625.15,398.60,841.45,1,-1,-1,-1
237,33,1649.85,624.78,1680.13,689.22,1,-1,-1,-1
238,22,537.25,607.81,610.17,780.92,1,-1,-1,-1
238,21,1825.20,626.31,1886.26,772.58,1,-1,-1,-1
238,23,657.94,610.40,732.24,789.75,1,-1,-1,-1
238,30,1260.81,596.82,1343.34,818.90,1,-1,-1,-1
238,28,1843.81,624.56,1920.47,825.81,1,-1,-1,-1
238,24,1480.96,623.16,1527.64,745.68,1,-1,-1,-1
238,44,1506.50,603.33,1585.28,776.73,1,-1,-1,-1
238,56,1409.11,619.77,1459.56,763.10,1,-1,-1,-1
238,52,307.64,625.06,403.27,841.50,1,-1,-1,-1
238,33,1650.49,625.02,1680.24,688.20,1,-1,-1,-1
239,22,537.95,607.13,611.13,780.93,1,-1,-1,-1
239,21,1826.66,626.04,1888.09,772.83,1,-1,-1,-1
239,23,666.15,609.34,740.68,789.15,1,-1,-1,-1
239,30,1262.07,596.29,1345.97,820.19,1,-1,-1,-1
239,28,1849.19,626.45,1923.23,825.01,1,-1,-1,-1
239,24,1480.63,621.70,1528.97,746.89,1,-1,-1,-1
239,44,1507.59,603.12,1586.77,776.80,1,-1,-1,-1
239,56,1408.73,619.89,1459.68,763.46,1,-1,-1,-1
239,52,314.28,627.00,408.90,839.51,1,-1,-1,-1
239,33,1650.77,625.32,1680.11,687.64,1,-1,-1,-1
240,22,540.64,607.54,613.61,781.60,1,-1,-1,-1
240,21,1827.18,625.95,1888.79,772.93,1,-1,-1,-1
240,23,668.90,609.63,743.44,789.60,1,-1,-1,-1
240,30,1262.42,596.09,1347.01,820.03,1,-1,-1,-1
240,28,1851.55,627.54,1923.61,824.75,1,-1,-1,-1
240,24,1480.20,619.84,1530.43,748.03,1,-1,-1,-1
240,44,1510.70,603.04,1589.81,776.83,1,-1,-1,-1
240,56,1408.77,620.59,1459.84,763.62,1,-1,-1,-1
240,52,320.52,627.74,415.00,838.71,1,-1,-1,-1
241,22,541.61,609.04,614.53,783.17,1,-1,-1,-1
241,21,1827.76,625.92,1889.29,772.97,1,-1,-1,-1
241,23,669.29,609.09,744.37,790.45,1,-1,-1,-1
241,30,1262.50,595.36,1348.03,820.63,1,-1,-1,-1
241,28,1853.24,627.76,1924.96,824.03,1,-1,-1,-1
241,24,1481.81,619.81,1533.15,749.14,1,-1,-1,-1
241,44,1513.70,604.33,1592.30,776.86,1,-1,-1,-1
241,56,1408.72,621.53,1459.61,763.71,1,-1,-1,-1
241,52,323.11,627.34,418.57,839.72,1,-1,-1,-1
242,22,542.62,609.61,615.47,783.77,1,-1,-1,-1
242,21,1827.81,625.92,1889.58,772.99,1,-1,-1,-1
242,23,669.35,609.56,744.05,790.11,1,-1,-1,-1
242,30,1262.76,595.74,1348.76,820.86,1,-1,-1,-1
242,24,1481.87,620.47,1534.06,749.59,1,-1,-1,-1
242,44,1518.28,604.82,1596.28,776.21,1,-1,-1,-1
242,56,1408.98,622.54,1459.58,763.76,1,-1,-1,-1
242,52,328.77,627.85,423.93,838.76,1,-1,-1,-1
243,22,543.98,610.50,616.09,783.33,1,-1,-1,-1
243,21,1828.03,625.93,1890.12,772.99,1,-1,-1,-1
243,23,669.06,609.75,743.49,789.99,1,-1,-1,-1
243,30,1263.06,595.89,1349.42,820.95,1,-1,-1,-1
243,24,1481.65,620.73,1534.61,749.77,1,-1,-1,-1
243,44,1519.88,604.33,1598.41,776.65,1,-1,-1,-1
243,56,1409.11,622.25,1459.92,763.79,1,-1,-1,-1
243,52,331.68,627.36,427.31,839.04,1,-1,-1,-1
243,33,1651.47,626.02,1680.51,687.90,1,-1,-1,-1
244,22,545.78,611.50,616.93,782.49,1,-1,-1,-1
244,21,1827.79,625.27,1890.59,773.66,1,-1,-1,-1
244,23,666.53,610.50,740.31,789.29,1,-1,-1,-1
244,30,1265.37,595.29,1352.69,821.64,1,-1,-1,-1
244,24,1479.53,620.18,1533.53,749.85,1,-1,-1,-1
244,44,1521.31,604.15,1600.21,776.82,1,-1,-1,-1
244,56,1412.09,622.40,1462.74,763.46,1,-1,-1,-1
244,52,337.17,625.20,432.82,837.81,1,-1,-1,-1
244,33,1651.73,625.37,1681.03,687.91,1,-1,-1,-1
245,22,546.23,611.21,617.40,782.84,1,-1,-1,-1
245,21,1827.69,625.03,1891.41,774.58,1,-1,-1,-1
245,23,665.94,610.79,739.35,789.03,1,-1,-1,-1
245,30,1266.47,595.06,1354.28,821.24,1,-1,-1,-1
245,24,1478.30,619.32,1533.52,749.89,1,-1,-1,-1
245,44,1524.70,603.41,1603.83,776.89,1,-1,-1,-1
245,52,342.59,625.03,438.83,839.31,1,-1,-1,-1
245,33,1651.69,625.16,1681.33,688.59,1,-1,-1,-1
