3,1,514.95,315.84,711.83,785.42,1,-1,-1,-1
4,1,518.01,306.38,722.71,794.71,1,-1,-1,-1
4,6,1732.09,379.41,1909.96,736.73,1,-1,-1,-1
5,1,518.23,305.62,727.54,804.87,1,-1,-1,-1
5,6,1735.57,379.52,1911.18,732.32,1,-1,-1,-1
6,1,526.74,319.65,730.08,804.74,1,-1,-1,-1
6,6,1735.84,368.79,1921.57,742.69,1,-1,-1,-1
7,1,530.09,325.83,730.24,803.60,1,-1,-1,-1
7,6,1734.43,362.54,1926.36,749.63,1,-1,-1,-1
8,1,535.02,326.01,735.82,805.04,1,-1,-1,-1
8,6,1732.74,357.76,1929.61,755.51,1,-1,-1,-1
9,1,543.37,314.52,749.95,807.45,1,-1,-1,-1
9,6,1733.47,352.57,1934.54,758.79,1,-1,-1,-1
10,1,555.21,324.30,756.06,803.56,1,-1,-1,-1
11,1,562.78,324.77,764.22,805.93,1,-1,-1,-1
12,1,570.92,325.61,771.46,805.39,1,-1,-1,-1
13,1,577.85,324.59,779.13,806.42,1,-1,-1,-1
14,1,587.45,330.84,783.13,800.10,1,-1,-1,-1
15,1,591.89,324.49,792.61,806.33,1,-1,-1,-1
16,1,596.94,319.52,801.56,810.56,1,-1,-1,-1
17,1,594.93,308.44,809.06,821.97,1,-1,-1,-1
18,1,586.40,277.06,819.98,835.30,1,-1,-1,-1
19,1,588.16,277.10,818.92,827.06,1,-1,-1,-1
20,1,599.14,291.77,816.67,809.09,1,-1,-1,-1
21,1,607.16,291.71,820.81,799.27,1,-1,-1,-1
22,1,613.41,293.76,828.00,802.98,1,-1,-1,-1
23,1,623.36,301.20,832.62,797.76,1,-1,-1,-1
24,1,650.10,330.14,838.94,778.42,1,-1,-1,-1
25,1,657.80,337.06,842.33,775.24,1,-1,-1,-1
26,1,658.53,334.62,845.76,779.66,1,-1,-1,-1
27,1,664.02,334.33,851.43,780.64,1,-1,-1,-1
28,1,667.26,338.80,851.19,777.07,1,-1,-1,-1
29,1,673.53,341.14,855.77,775.40,1,-1,-1,-1
31,1,692.46,333.97,874.83,769.44,1,-1,-1,-1
32,1,696.16,333.64,877.64,767.15,1,-1,-1,-1
33,1,697.94,325.49,877.95,756.36,1,-1,-1,-1
34,1,697.73,321.78,877.84,753.12,1,-1,-1,-1
35,1,693.95,323.07,871.81,749.36,1,-1,-1,-1
36,1,685.03,317.57,867.31,754.75,1,-1,-1,-1
37,1,683.85,330.03,863.36,760.11,1,-1,-1,-1
38,1,683.20,334.19,861.81,762.26,1,-1,-1,-1
39,1,687.09,330.40,866.27,759.79,1,-1,-1,-1
40,1,688.13,328.29,868.22,759.56,1,-1,-1,-1
41,1,694.77,327.49,871.84,750.92,1,-1,-1,-1
42,1,696.62,325.17,874.37,749.03,1,-1,-1,-1
43,1,701.89,324.98,879.87,747.06,1,-1,-1,-1
44,1,710.22,324.92,884.70,737.10,1,-1,-1,-1
45,1,718.87,318.21,890.14,722.06,1,-1,-1,-1
45,12,1078.48,396.08,1199.22,678.20,1,-1,-1,-1
46,1,720.84,312.39,893.80,719.30,1,-1,-1,-1
46,12,1080.46,393.02,1201.79,676.54,1,-1,-1,-1
47,1,730.83,306.97,903.60,712.43,1,-1,-1,-1
48,1,733.43,302.33,908.81,712.68,1,-1,-1,-1
49,1,745.24,304.64,918.15,707.63,1,-1,-1,-1
50,1,750.56,302.87,922.53,703.67,1,-1,-1,-1
51,1,747.61,282.16,925.13,696.79,1,-1,-1,-1
52,1,752.01,278.32,929.34,692.51,1,-1,-1,-1
52,12,1073.37,371.07,1196.41,657.18,1,-1,-1,-1
53,12,1066.56,363.63,1191.98,653.41,1,-1,-1,-1
54,1,738.89,270.95,911.73,674.67,1,-1,-1,-1
54,12,1060.49,363.90,1184.45,648.83,1,-1,-1,-1
55,1,736.34,269.11,908.85,672.60,1,-1,-1,-1
55,12,1052.60,362.16,1177.96,648.59,1,-1,-1,-1
56,1,737.00,275.82,907.04,673.24,1,-1,-1,-1
56,12,1044.63,361.64,1171.41,649.94,1,-1,-1,-1
57,1,730.47,273.79,903.69,679.00,1,-1,-1,-1
57,12,1040.81,359.58,1169.95,652.54,1,-1,-1,-1
58,1,728.44,273.11,902.68,681.23,1,-1,-1,-1
58,12,1040.34,360.88,1168.64,651.61,1,-1,-1,-1
59,1,727.31,272.94,901.95,682.86,1,-1,-1,-1
59,12,1041.45,364.15,1167.11,648.69,1,-1,-1,-1
60,1,733.15,281.54,903.97,683.57,1,-1,-1,-1
60,12,1042.06,366.83,1165.90,646.98,1,-1,-1,-1
61,1,735.52,284.23,905.23,684.60,1,-1,-1,-1
61,12,1037.16,366.55,1161.41,647.76,1,-1,-1,-1
62,1,732.30,286.59,900.46,683.72,1,-1,-1,-1
62,12,1030.10,365.16,1155.85,649.42,1,-1,-1,-1
63,1,729.39,299.45,891.02,680.79,1,-1,-1,-1
63,12,1022.25,362.70,1149.91,651.42,1,-1,-1,-1
64,1,728.25,304.98,887.49,679.75,1,-1,-1,-1
64,12,1016.30,370.35,1140.98,652.87,1,-1,-1,-1
65,1,730.07,301.57,893.41,685.47,1,-1,-1,-1
65,12,1020.04,379.35,1141.85,655.46,1,-1,-1,-1
66,1,733.65,301.60,901.28,694.86,1,-1,-1,-1
66,12,1021.25,386.72,1142.67,661.79,1,-1,-1,-1
67,1,736.22,308.80,903.70,701.05,1,-1,-1,-1
67,12,1021.31,392.74,1144.24,671.45,1,-1,-1,-1
68,1,736.72,311.51,904.40,703.40,1,-1,-1,-1
68,12,1021.15,400.21,1144.50,680.30,1,-1,-1,-1
69,1,736.59,311.14,905.59,705.56,1,-1,-1,-1
69,12,1021.25,407.58,1144.62,687.55,1,-1,-1,-1
70,1,736.30,310.28,906.23,706.99,1,-1,-1,-1
70,12,1014.72,420.18,1132.87,688.20,1,-1,-1,-1
71,1,730.13,307.26,902.60,710.11,1,-1,-1,-1
71,12,1006.77,422.79,1125.29,691.66,1,-1,-1,-1
72,1,722.46,303.45,898.00,713.21,1,-1,-1,-1
72,12,1002.09,421.63,1122.49,694.16,1,-1,-1,-1
73,1,719.12,292.82,896.03,705.83,1,-1,-1,-1
73,12,999.01,425.07,1119.12,696.95,1,-1,-1,-1
74,1,722.16,286.77,900.83,704.25,1,-1,-1,-1
75,1,732.93,285.81,911.42,702.31,1,-1,-1,-1
76,1,741.91,280.89,920.51,696.95,1,-1,-1,-1
77,1,743.28,279.22,922.46,696.64,1,-1,-1,-1
84,1,769.51,321.28,928.06,691.17,1,-1,-1,-1
85,1,766.50,324.66,922.98,690.17,1,-1,-1,-1
86,1,765.51,325.71,921.11,689.86,1,-1,-1,-1
87,1,762.66,329.37,914.78,686.40,1,-1,-1,-1
88,1,760.40,323.18,912.86,682.45,1,-1,-1,-1
89,1,756.25,313.48,914.80,688.40,1,-1,-1,-1
90,1,756.69,314.47,913.55,686.03,1,-1,-1,-1
91,1,761.59,315.52,917.66,685.13,1,-1,-1,-1
92,1,762.12,315.73,917.81,684.45,1,-1,-1,-1
94,19,788.82,310.57,961.57,717.86,1,-1,-1,-1
95,19,812.28,320.71,977.34,710.20,1,-1,-1,-1
96,19,819.52,322.90,982.17,707.15,1,-1,-1,-1
97,19,820.43,315.55,984.82,703.99,1,-1,-1,-1
98,12,1055.84,361.62,1196.93,680.36,1,-1,-1,-1
98,19,834.08,307.39,1000.35,700.14,1,-1,-1,-1
99,12,1059.29,356.39,1205.34,683.70,1,-1,-1,-1
99,19,844.69,307.24,1009.04,695.38,1,-1,-1,-1
100,12,1065.37,355.09,1212.69,683.74,1,-1,-1,-1
100,19,858.85,297.69,1030.46,702.64,1,-1,-1,-1
101,12,1068.32,352.30,1216.71,683.34,1,-1,-1,-1
101,19,872.21,287.65,1048.04,702.63,1,-1,-1,-1
102,12,1079.93,352.19,1225.92,678.37,1,-1,-1,-1
102,19,886.05,293.87,1054.98,692.74,1,-1,-1,-1
103,12,1085.14,347.19,1234.98,681.22,1,-1,-1,-1
103,19,893.31,286.39,1063.81,689.62,1,-1,-1,-1
104,12,1087.74,346.76,1238.00,680.92,1,-1,-1,-1
104,19,896.42,285.07,1065.92,686.55,1,-1,-1,-1
105,12,1092.50,345.39,1244.24,682.13,1,-1,-1,-1
105,19,900.02,280.05,1072.67,689.47,1,-1,-1,-1
106,12,1093.73,344.30,1246.87,683.26,1,-1,-1,-1
106,19,906.31,274.32,1079.51,686.01,1,-1,-1,-1
107,12,1097.40,342.02,1251.52,683.13,1,-1,-1,-1
107,19,909.06,274.25,1081.01,683.43,1,-1,-1,-1
108,19,914.91,259.80,1094.55,687.82,1,-1,-1,-1
109,19,921.59,269.43,1094.74,683.00,1,-1,-1,-1
110,19,922.29,269.51,1096.41,686.48,1,-1,-1,-1
111,19,931.22,273.57,1105.70,691.76,1,-1,-1,-1
112,19,945.59,283.77,1116.81,694.45,1,-1,-1,-1
113,19,963.03,288.40,1136.97,704.13,1,-1,-1,-1
114,19,976.18,300.67,1146.52,707.06,1,-1,-1,-1
115,19,1313.97,308.69,1516.58,789.38,1,-1,-1,-1
116,19,1146.80,312.18,1326.99,739.18,1,-1,-1,-1
117,19,1063.85,295.91,1240.39,713.57,1,-1,-1,-1
118,19,1043.76,298.76,1207.93,687.07,1,-1,-1,-1
119,19,1022.72,271.18,1197.88,685.18,1,-1,-1,-1
120,19,1015.07,256.41,1194.79,680.62,1,-1,-1,-1
121,19,1012.78,252.74,1192.91,677.60,1,-1,-1,-1
122,19,1017.54,248.64,1198.55,675.58,1,-1,-1,-1
123,19,1622.49,532.64,1715.06,748.36,1,-1,-1,-1
124,19,1061.33,276.30,1245.28,705.61,1,-1,-1,-1
125,19,976.80,237.03,1177.20,704.83,1,-1,-1,-1
126,19,924.50,221.52,1130.58,702.90,1,-1,-1,-1
127,19,893.19,210.55,1106.03,708.48,1,-1,-1,-1
128,19,875.56,213.19,1085.42,704.50,1,-1,-1,-1
129,19,836.27,194.18,1053.54,702.86,1,-1,-1,-1
130,19,851.10,226.90,1048.23,689.03,1,-1,-1,-1
131,19,816.43,212.33,1018.64,686.34,1,-1,-1,-1
136,19,1017.53,296.79,1186.15,687.67,1,-1,-1,-1
137,12,792.31,242.14,1009.13,726.79,1,-1,-1,-1
137,19,1039.58,319.33,1198.74,686.04,1,-1,-1,-1
138,12,780.44,238.68,999.54,728.44,1,-1,-1,-1
138,19,1038.57,322.13,1198.97,689.75,1,-1,-1,-1
139,19,1031.87,323.74,1196.64,699.20,1,-1,-1,-1
140,19,1023.54,322.95,1191.75,704.69,1,-1,-1,-1
141,19,1013.30,318.61,1186.55,711.38,1,-1,-1,-1
142,19,1002.96,326.84,1173.49,711.86,1,-1,-1,-1
142,24,1745.81,420.65,1880.51,689.46,1,-1,-1,-1
143,19,996.97,336.69,1160.80,705.25,1,-1,-1,-1
143,24,1732.77,418.12,1871.79,695.83,1,-1,-1,-1
144,19,992.15,338.91,1155.40,706.16,1,-1,-1,-1
144,24,1722.65,414.24,1866.32,701.36,1,-1,-1,-1
145,24,1712.89,414.70,1858.48,705.64,1,-1,-1,-1
148,26,1665.13,384.52,1829.64,729.63,1,-1,-1,-1
149,26,1660.56,384.56,1824.97,729.45,1,-1,-1,-1
150,26,1654.82,389.66,1819.21,734.17,1,-1,-1,-1
151,26,1646.17,388.47,1812.63,737.33,1,-1,-1,-1
167,19,989.45,317.32,1163.49,712.07,1,-1,-1,-1
168,19,989.30,316.38,1163.87,712.32,1,-1,-1,-1
168,25,991.56,315.86,1162.44,713.24,1,-1,-1,-1
169,25,995.37,313.45,1168.25,715.50,1,-1,-1,-1
170,25,1002.84,314.83,1174.58,714.08,1,-1,-1,-1
171,25,1010.00,309.10,1182.65,710.71,1,-1,-1,-1
172,25,1016.19,305.04,1190.59,710.87,1,-1,-1,-1
173,25,1019.07,301.60,1191.88,703.48,1,-1,-1,-1
174,25,1012.66,293.66,1190.64,706.82,1,-1,-1,-1
175,25,1014.83,290.50,1193.92,706.27,1,-1,-1,-1
177,19,994.84,297.38,1171.75,703.40,1,-1,-1,-1
178,19,990.37,295.21,1167.84,705.03,1,-1,-1,-1
179,19,990.14,293.48,1168.22,704.69,1,-1,-1,-1
179,25,994.33,308.18,1164.34,703.09,1,-1,-1,-1
180,25,985.10,303.73,1159.88,709.93,1,-1,-1,-1
181,19,979.49,293.37,1163.45,717.48,1,-1,-1,-1
181,25,983.48,303.03,1158.64,710.12,1,-1,-1,-1
182,19,978.26,291.97,1163.26,718.48,1,-1,-1,-1
182,25,968.72,285.67,1160.18,728.81,1,-1,-1,-1
183,25,956.08,272.58,1159.72,742.14,1,-1,-1,-1
184,25,946.33,267.70,1155.02,747.10,1,-1,-1,-1
185,25,943.12,271.72,1152.70,751.51,1,-1,-1,-1
186,25,939.88,268.90,1154.01,758.29,1,-1,-1,-1
187,25,944.14,270.49,1158.25,758.84,1,-1,-1,-1
188,25,944.68,278.41,1152.11,751.07,1,-1,-1,-1
189,25,945.63,293.50,1139.93,735.32,1,-1,-1,-1
190,25,940.79,293.22,1131.96,726.51,1,-1,-1,-1
191,25,937.99,293.36,1128.89,726.03,1,-1,-1,-1
192,25,946.21,286.02,1132.11,707.79,1,-1,-1,-1
193,25,953.57,281.66,1135.68,696.16,1,-1,-1,-1
194,25,952.49,281.52,1131.84,690.17,1,-1,-1,-1
195,25,944.93,276.13,1128.29,694.16,1,-1,-1,-1
196,25,934.00,266.92,1125.31,702.99,1,-1,-1,-1
197,25,926.53,266.12,1118.52,703.77,1,-1,-1,-1
198,25,923.13,265.26,1115.95,704.81,1,-1,-1,-1
199,25,918.67,257.78,1118.36,712.48,1,-1,-1,-1
200,19,828.81,199.76,1056.80,730.07,1,-1,-1,-1
200,25,913.63,257.63,1113.68,712.79,1,-1,-1,-1
201,19,821.10,193.01,1049.09,726.30,1,-1,-1,-1
201,25,910.16,255.19,1111.26,712.75,1,-1,-1,-1
202,19,822.21,198.42,1042.55,716.46,1,-1,-1,-1
202,25,906.73,271.50,1094.48,698.25,1,-1,-1,-1
203,19,815.22,194.44,1036.98,715.81,1,-1,-1,-1
203,25,848.22,219.81,1059.33,702.46,1,-1,-1,-1
204,19,883.58,259.14,1067.26,687.11,1,-1,-1,-1
204,25,830.37,204.99,1046.60,701.22,1,-1,-1,-1
205,19,898.48,272.96,1074.71,680.99,1,-1,-1,-1
205,25,823.09,194.13,1041.65,696.90,1,-1,-1,-1
206,19,901.03,277.25,1073.76,677.18,1,-1,-1,-1
206,25,821.53,191.44,1039.79,693.94,1,-1,-1,-1
207,25,812.22,184.50,1032.89,692.56,1,-1,-1,-1
217,25,882.19,233.79,1062.53,650.98,1,-1,-1,-1
218,19,898.46,244.79,1069.78,643.88,1,-1,-1,-1
218,25,883.56,234.64,1062.14,647.78,1,-1,-1,-1
219,19,898.06,236.13,1070.62,640.97,1,-1,-1,-1
220,19,898.58,239.90,1069.64,642.55,1,-1,-1,-1
221,19,900.49,229.62,1076.74,645.91,1,-1,-1,-1
222,19,900.33,238.15,1071.83,643.99,1,-1,-1,-1
223,19,897.40,231.01,1072.09,645.32,1,-1,-1,-1
224,19,888.72,236.25,1061.46,646.51,1,-1,-1,-1
225,19,880.10,237.03,1052.77,647.70,1,-1,-1,-1
226,19,875.27,228.13,1051.82,648.85,1,-1,-1,-1
227,19,867.26,232.66,1038.84,641.48,1,-1,-1,-1
228,19,857.30,229.19,1031.55,643.98,1,-1,-1,-1
229,19,851.98,240.43,1020.80,641.65,1,-1,-1,-1
230,19,843.89,241.48,1013.73,644.15,1,-1,-1,-1
231,19,837.31,244.51,1005.70,643.12,1,-1,-1,-1
232,19,828.92,226.37,1008.96,652.07,1,-1,-1,-1
233,19,821.69,219.73,1006.01,655.35,1,-1,-1,-1
234,19,816.59,217.54,1002.10,655.95,1,-1,-1,-1
245,19,1434.23,300.00,1578.39,641.59,1,-1,-1,-1
246,19,1472.30,304.64,1614.19,640.84,1,-1,-1,-1
247,19,602.77,180.61,830.64,715.71,1,-1,-1,-1
248,19,529.06,169.39,765.36,724.29,1,-1,-1,-1
249,19,432.23,166.67,674.77,732.24,1,-1,-1,-1
250,19,398.98,174.82,636.24,725.39,1,-1,-1,-1
251,19,381.77,173.72,620.73,727.04,1,-1,-1,-1
252,19,372.43,198.02,594.57,711.37,1,-1,-1,-1
253,19,373.50,210.22,586.93,702.71,1,-1,-1,-1
254,19,376.22,216.24,585.37,698.68,1,-1,-1,-1
255,19,377.09,213.26,589.45,703.07,1,-1,-1,-1
256,19,375.26,209.59,595.16,715.81,1,-1,-1,-1
257,19,367.58,210.24,588.62,717.95,1,-1,-1,-1
258,19,366.58,206.01,588.07,714.01,1,-1,-1,-1
259,19,360.23,205.15,577.41,703.16,1,-1,-1,-1
260,19,353.50,196.31,571.74,697.56,1,-1,-1,-1
261,19,327.48,193.27,547.31,698.16,1,-1,-1,-1
261,25,371.68,202.03,573.71,670.94,1,-1,-1,-1
262,25,358.47,188.95,567.75,675.97,1,-1,-1,-1
263,19,240.26,217.30,427.78,644.41,1,-1,-1,-1
263,25,345.21,187.12,555.81,677.19,1,-1,-1,-1
264,19,210.82,217.26,396.23,639.53,1,-1,-1,-1
266,19,323.57,181.01,540.85,675.64,1,-1,-1,-1
267,19,313.61,176.87,532.86,675.98,1,-1,-1,-1
285,19,1163.34,456.43,1235.46,608.94,1,-1,-1,-1
286,19,370.72,242.51,554.06,637.66,1,-1,-1,-1
287,19,305.21,223.10,497.83,645.19,1,-1,-1,-1
288,19,282.28,218.90,475.52,647.30,1,-1,-1,-1
289,19,274.78,222.09,467.75,653.24,1,-1,-1,-1
290,19,276.36,225.57,466.94,654.12,1,-1,-1,-1
291,19,285.87,230.25,471.85,651.02,1,-1,-1,-1
292,19,411.75,247.90,582.55,634.43,1,-1,-1,-1
293,19,344.44,236.97,524.41,646.34,1,-1,-1,-1
294,19,327.27,237.08,507.07,647.23,1,-1,-1,-1
295,19,331.89,242.77,510.26,650.80,1,-1,-1,-1
296,19,334.24,242.59,513.93,654.76,1,-1,-1,-1
297,19,339.75,240.72,521.49,658.83,1,-1,-1,-1
297,25,524.69,270.46,687.02,645.27,1,-1,-1,-1
298,19,321.42,236.67,505.83,660.91,1,-1,-1,-1
298,25,533.52,273.73,693.86,643.92,1,-1,-1,-1
300,19,513.69,277.43,674.32,646.62,1,-1,-1,-1
301,19,518.04,278.22,678.43,646.87,1,-1,-1,-1
306,19,613.13,258.45,764.39,605.60,1,-1,-1,-1
307,19,625.59,258.44,774.72,600.57,1,-1,-1,-1
308,19,636.81,257.22,784.82,596.79,1,-1,-1,-1
309,19,636.50,259.17,784.26,597.76,1,-1,-1,-1
310,19,646.37,258.33,793.09,594.54,1,-1,-1,-1
343,19,578.76,219.02,765.27,654.76,1,-1,-1,-1
344,19,580.70,216.15,768.39,658.20,1,-1,-1,-1
345,19,577.81,214.81,767.07,660.57,1,-1,-1,-1
350,19,623.67,198.88,809.03,636.40,1,-1,-1,-1
351,19,633.73,199.05,817.07,632.55,1,-1,-1,-1
352,19,644.07,209.71,821.87,629.98,1,-1,-1,-1
353,19,654.74,218.43,826.67,624.37,1,-1,-1,-1
354,19,663.42,223.03,832.20,620.98,1,-1,-1,-1
355,19,666.04,224.02,834.50,621.14,1,-1,-1,-1
356,19,664.62,219.00,837.44,626.60,1,-1,-1,-1
357,19,663.41,215.80,838.99,629.97,1,-1,-1,-1
358,19,658.94,215.23,834.77,629.96,1,-1,-1,-1
359,19,661.17,215.07,837.03,629.87,1,-1,-1,-1
362,19,649.15,213.18,826.51,631.73,1,-1,-1,-1
363,19,646.36,209.54,826.45,635.37,1,-1,-1,-1
364,19,642.58,203.04,828.61,642.53,1,-1,-1,-1
365,19,638.43,208.43,823.69,645.85,1,-1,-1,-1
366,19,637.74,207.86,823.83,647.25,1,-1,-1,-1
367,19,630.94,224.10,805.29,634.98,1,-1,-1,-1
368,19,627.40,223.68,802.90,636.39,1,-1,-1,-1
369,19,625.89,224.62,801.07,636.57,1,-1,-1,-1
384,19,973.39,435.57,1044.70,588.63,1,-1,-1,-1
385,19,993.35,447.67,1057.76,585.93,1,-1,-1,-1
387,19,1422.06,293.19,1579.23,637.66,1,-1,-1,-1
388,19,1474.97,284.46,1633.96,639.27,1,-1,-1,-1
389,19,1487.96,286.89,1646.13,643.55,1,-1,-1,-1
390,19,1490.08,297.35,1643.50,646.23,1,-1,-1,-1
391,19,1485.94,300.53,1638.39,649.56,1,-1,-1,-1
392,19,1481.39,299.67,1634.94,652.59,1,-1,-1,-1
393,19,1478.81,283.10,1638.69,651.66,1,-1,-1,-1
394,19,1279.04,277.52,1457.35,687.91,1,-1,-1,-1
395,19,1191.84,276.68,1376.16,700.28,1,-1,-1,-1
396,19,1208.91,266.55,1401.28,708.62,1,-1,-1,-1
403,19,1034.48,285.27,1192.07,648.24,1,-1,-1,-1
404,19,999.62,302.29,1145.62,638.72,1,-1,-1,-1
405,19,994.09,300.23,1140.79,638.26,1,-1,-1,-1
405,30,967.28,279.40,1120.35,651.90,1,-1,-1,-1
406,30,941.81,274.39,1102.46,664.53,1,-1,-1,-1
407,30,925.79,282.88,1084.46,667.66,1,-1,-1,-1
408,30,908.41,280.43,1071.32,674.68,1,-1,-1,-1
409,30,889.44,276.96,1055.71,679.35,1,-1,-1,-1
411,30,870.24,297.88,1025.19,672.06,1,-1,-1,-1
412,30,858.05,291.50,1019.87,681.34,1,-1,-1,-1
413,30,845.42,307.97,997.75,673.75,1,-1,-1,-1
414,30,831.11,308.33,980.93,667.17,1,-1,-1,-1
415,30,827.63,319.21,964.13,645.86,1,-1,-1,-1
416,30,824.51,326.01,952.81,632.91,1,-1,-1,-1
417,30,814.22,323.40,940.57,625.01,1,-1,-1,-1
418,30,802.07,325.48,925.88,621.03,1,-1,-1,-1
421,19,568.47,226.38,738.69,618.12,1,-1,-1,-1
422,19,557.20,223.36,729.71,619.67,1,-1,-1,-1
423,19,551.46,219.05,727.82,623.48,1,-1,-1,-1
424,19,549.33,216.24,728.41,626.26,1,-1,-1,-1
425,19,529.96,212.16,710.75,626.12,1,-1,-1,-1
426,19,547.96,212.63,730.58,630.61,1,-1,-1,-1
427,19,532.27,209.00,716.61,630.93,1,-1,-1,-1
429,19,549.00,216.23,733.27,637.81,1,-1,-1,-1
430,19,559.66,224.20,738.21,632.78,1,-1,-1,-1
431,19,565.53,231.67,738.02,625.68,1,-1,-1,-1
432,19,570.48,225.75,744.57,623.72,1,-1,-1,-1
433,19,570.99,219.63,749.28,626.99,1,-1,-1,-1
434,19,567.33,207.53,755.26,637.42,1,-1,-1,-1
435,19,569.27,199.76,763.48,643.96,1,-1,-1,-1
436,19,577.40,198.11,768.69,635.49,1,-1,-1,-1
437,19,582.24,196.97,769.45,624.20,1,-1,-1,-1
438,19,580.55,183.43,773.45,623.19,1,-1,-1,-1
439,19,578.85,171.98,776.08,621.53,1,-1,-1,-1
440,19,588.59,169.66,785.66,618.31,1,-1,-1,-1
441,19,606.79,165.04,803.25,611.85,1,-1,-1,-1
442,19,622.31,167.40,810.57,595.63,1,-1,-1,-1
443,19,631.06,165.19,819.09,592.84,1,-1,-1,-1
444,19,630.54,166.48,817.15,590.58,1,-1,-1,-1
445,19,630.24,167.78,815.59,589.19,1,-1,-1,-1
446,19,625.02,167.05,810.61,589.45,1,-1,-1,-1
447,19,623.03,166.88,808.60,589.65,1,-1,-1,-1
448,19,623.46,169.55,806.56,587.17,1,-1,-1,-1
449,19,624.22,171.98,805.09,584.99,1,-1,-1,-1
450,19,626.30,176.94,802.67,580.27,1,-1,-1,-1
450,30,411.68,233.05,577.28,624.96,1,-1,-1,-1
451,19,620.65,174.16,799.41,583.29,1,-1,-1,-1
451,30,399.50,229.98,566.51,625.23,1,-1,-1,-1
452,19,620.98,173.45,799.24,581.46,1,-1,-1,-1
453,59,605.39,170.49,791.32,597.50,1,-1,-1,-1
454,59,610.24,171.49,799.45,606.08,1,-1,-1,-1
455,59,613.70,171.39,805.14,611.40,1,-1,-1,-1
456,19,608.42,185.61,794.26,611.54,1,-1,-1,-1
456,59,634.16,164.44,829.63,613.70,1,-1,-1,-1
457,19,603.17,188.80,787.73,611.70,1,-1,-1,-1
458,19,600.35,183.95,785.79,609.75,1,-1,-1,-1
459,19,598.79,184.28,784.58,610.88,1,-1,-1,-1
459,59,603.20,180.37,788.23,606.40,1,-1,-1,-1
460,59,602.15,178.09,789.43,609.84,1,-1,-1,-1
461,59,604.34,187.46,787.72,610.22,1,-1,-1,-1
462,59,605.12,195.75,787.09,615.05,1,-1,-1,-1
463,59,597.89,198.15,783.79,626.19,1,-1,-1,-1
464,59,595.68,204.97,782.44,634.23,1,-1,-1,-1
465,19,599.55,210.51,784.39,633.06,1,-1,-1,-1
465,59,598.80,206.60,786.28,637.52,1,-1,-1,-1
466,19,599.81,217.81,784.45,637.22,1,-1,-1,-1
467,19,600.33,226.86,784.02,641.92,1,-1,-1,-1
468,19,596.19,230.11,779.59,642.90,1,-1,-1,-1
469,19,588.87,229.19,774.44,645.82,1,-1,-1,-1
470,19,578.18,216.18,771.29,649.47,1,-1,-1,-1
471,19,575.77,219.06,769.27,652.72,1,-1,-1,-1
472,19,579.94,221.44,772.12,651.89,1,-1,-1,-1
473,19,581.22,222.95,773.03,652.12,1,-1,-1,-1
474,19,580.79,230.07,775.06,664.00,1,-1,-1,-1
475,19,587.47,237.96,778.27,663.79,1,-1,-1,-1
476,19,587.62,239.55,781.99,672.86,1,-1,-1,-1
477,19,593.66,243.35,786.62,673.51,1,-1,-1,-1
478,19,602.70,248.66,791.58,669.64,1,-1,-1,-1
479,19,618.71,243.89,808.14,666.03,1,-1,-1,-1
480,19,621.64,246.00,810.92,667.80,1,-1,-1,-1
480,59,633.81,227.06,823.64,660.37,1,-1,-1,-1
481,59,630.73,221.10,818.08,647.27,1,-1,-1,-1
482,59,624.58,218.58,812.18,643.85,1,-1,-1,-1
483,59,624.86,208.96,816.72,641.92,1,-1,-1,-1
484,59,636.76,211.32,825.06,635.25,1,-1,-1,-1
485,59,648.48,207.59,839.72,637.41,1,-1,-1,-1
486,59,657.03,205.57,850.00,638.89,1,-1,-1,-1
487,59,653.64,200.88,850.97,644.10,1,-1,-1,-1
488,19,634.56,200.38,835.74,650.21,1,-1,-1,-1
488,59,656.90,199.42,854.98,644.32,1,-1,-1,-1
489,19,633.38,203.33,829.62,643.12,1,-1,-1,-1
489,30,1409.80,268.40,1571.01,644.96,1,-1,-1,-1
490,19,627.77,207.72,822.64,645.95,1,-1,-1,-1
490,30,1448.18,270.65,1608.68,645.56,1,-1,-1,-1
491,19,621.56,209.40,815.49,647.04,1,-1,-1,-1
492,19,620.87,214.71,810.42,642.85,1,-1,-1,-1
493,19,617.30,220.10,802.44,638.62,1,-1,-1,-1
494,19,616.83,229.49,797.95,638.43,1,-1,-1,-1
494,30,1402.16,272.41,1555.67,629.07,1,-1,-1,-1
495,19,606.89,230.94,787.99,639.76,1,-1,-1,-1
495,30,1397.64,261.05,1551.09,619.24,1,-1,-1,-1
496,19,598.53,232.09,779.12,640.28,1,-1,-1,-1
496,30,1391.39,271.78,1536.20,611.37,1,-1,-1,-1
497,19,1105.19,258.43,1269.33,631.86,1,-1,-1,-1
497,30,1400.59,272.99,1543.37,607.82,1,-1,-1,-1
498,19,1292.51,274.62,1444.72,623.17,1,-1,-1,-1
498,59,567.78,232.59,754.96,652.81,1,-1,-1,-1
499,19,809.26,239.88,985.46,641.70,1,-1,-1,-1
499,30,1356.41,289.03,1496.47,619.31,1,-1,-1,-1
499,59,562.78,234.37,749.45,653.46,1,-1,-1,-1
500,19,1150.52,280.95,1298.64,621.56,1,-1,-1,-1
500,30,1357.61,291.98,1495.91,618.12,1,-1,-1,-1
500,59,547.10,226.32,730.58,638.65,1,-1,-1,-1
501,19,1279.92,290.22,1423.23,621.26,1,-1,-1,-1
501,59,531.04,222.90,719.42,647.52,1,-1,-1,-1
502,19,1313.93,297.30,1451.55,616.39,1,-1,-1,-1
502,59,511.07,227.68,692.44,636.00,1,-1,-1,-1
503,19,1313.36,297.52,1450.80,617.49,1,-1,-1,-1
503,59,493.47,227.48,673.30,632.91,1,-1,-1,-1
504,19,1310.60,305.55,1440.87,610.49,1,-1,-1,-1
504,59,488.57,219.34,674.83,639.87,1,-1,-1,-1
505,19,1307.95,295.15,1442.49,612.13,1,-1,-1,-1
505,59,487.92,222.92,674.74,645.07,1,-1,-1,-1
506,19,1302.01,289.46,1439.16,614.07,1,-1,-1,-1
506,59,489.32,226.96,673.89,644.45,1,-1,-1,-1
507,19,1294.86,289.86,1430.73,612.22,1,-1,-1,-1
507,59,479.39,229.81,666.15,652.84,1,-1,-1,-1
508,19,1289.94,287.25,1427.47,613.58,1,-1,-1,-1
508,59,479.05,233.50,659.72,643.43,1,-1,-1,-1
509,19,1289.29,290.86,1423.80,610.16,1,-1,-1,-1
509,59,472.28,234.59,652.43,643.35,1,-1,-1,-1
510,19,1281.82,286.80,1419.90,614.95,1,-1,-1,-1
511,19,1275.54,293.19,1411.48,616.06,1,-1,-1,-1
512,19,1273.49,297.58,1406.63,613.86,1,-1,-1,-1
513,19,1266.78,296.48,1401.18,616.40,1,-1,-1,-1
514,19,1265.83,300.00,1397.17,614.05,1,-1,-1,-1
515,19,1264.30,300.59,1395.47,615.17,1,-1,-1,-1
515,59,637.82,247.65,810.79,639.20,1,-1,-1,-1
516,19,1262.65,304.07,1394.19,619.59,1,-1,-1,-1
516,59,643.44,247.68,817.05,639.65,1,-1,-1,-1
517,19,1261.43,303.98,1394.60,623.24,1,-1,-1,-1
517,59,647.87,243.04,826.02,644.45,1,-1,-1,-1
518,19,1261.31,305.87,1393.45,622.62,1,-1,-1,-1
518,59,648.21,234.73,830.12,644.25,1,-1,-1,-1
518,67,461.95,213.51,654.85,659.47,1,-1,-1,-1
519,19,1261.08,306.51,1392.85,622.36,1,-1,-1,-1
519,59,646.00,237.44,824.16,638.26,1,-1,-1,-1
519,67,459.61,210.55,654.99,662.25,1,-1,-1,-1
520,19,1263.34,306.69,1391.35,613.63,1,-1,-1,-1
520,59,643.82,237.17,821.66,636.60,1,-1,-1,-1
521,19,1269.17,308.70,1394.24,608.30,1,-1,-1,-1
521,59,645.20,227.12,828.00,636.67,1,-1,-1,-1
522,19,1281.02,308.71,1405.52,606.37,1,-1,-1,-1
522,59,653.89,221.42,840.21,638.02,1,-1,-1,-1
523,19,1293.58,307.33,1419.29,607.04,1,-1,-1,-1
523,59,663.55,223.21,847.93,634.62,1,-1,-1,-1
523,67,478.80,199.95,677.18,658.59,1,-1,-1,-1
524,19,771.54,254.95,930.26,631.91,1,-1,-1,-1
524,59,674.07,234.56,852.78,632.67,1,-1,-1,-1
524,67,480.71,197.18,680.54,659.17,1,-1,-1,-1
525,19,1076.22,285.70,1219.69,624.85,1,-1,-1,-1
525,59,681.72,237.57,859.68,633.97,1,-1,-1,-1
525,67,497.15,216.89,686.06,653.43,1,-1,-1,-1
526,19,1227.37,297.89,1366.01,624.68,1,-1,-1,-1
526,59,686.76,238.00,868.87,643.77,1,-1,-1,-1
526,67,500.98,217.09,689.70,653.18,1,-1,-1,-1
527,19,1396.56,223.18,1609.98,723.09,1,-1,-1,-1
527,30,1318.23,299.12,1460.92,630.93,1,-1,-1,-1
527,59,691.97,235.52,877.76,649.39,1,-1,-1,-1
528,19,1008.77,226.22,1206.74,687.73,1,-1,-1,-1
528,30,1326.33,299.73,1469.87,630.57,1,-1,-1,-1
528,59,698.54,235.64,884.81,650.57,1,-1,-1,-1
529,19,815.13,235.45,998.57,661.48,1,-1,-1,-1
529,30,1325.67,299.96,1469.31,631.01,1,-1,-1,-1
530,19,741.05,242.77,915.82,647.41,1,-1,-1,-1
531,19,714.12,246.37,885.16,641.31,1,-1,-1,-1
532,19,703.59,241.29,875.34,636.94,1,-1,-1,-1
532,59,535.45,210.56,732.58,651.39,1,-1,-1,-1
533,19,695.64,238.87,868.25,635.85,1,-1,-1,-1
533,59,525.26,208.42,723.73,652.23,1,-1,-1,-1
534,19,688.01,245.98,853.77,626.82,1,-1,-1,-1
535,19,681.78,248.97,844.79,623.21,1,-1,-1,-1
535,59,496.77,220.84,683.10,638.85,1,-1,-1,-1
536,19,1226.89,214.22,1441.25,704.43,1,-1,-1,-1
536,59,485.82,220.20,672.21,638.33,1,-1,-1,-1
537,19,922.26,242.01,1104.70,658.63,1,-1,-1,-1
538,19,1316.32,208.51,1546.42,731.47,1,-1,-1,-1
538,67,684.25,264.29,839.86,622.44,1,-1,-1,-1
539,19,955.83,238.87,1146.37,671.35,1,-1,-1,-1
539,67,696.98,267.38,850.36,620.40,1,-1,-1,-1
540,19,774.68,255.65,948.18,649.10,1,-1,-1,-1
541,19,711.17,261.62,878.64,641.83,1,-1,-1,-1
542,19,691.47,263.75,860.99,648.64,1,-1,-1,-1
543,19,680.59,270.51,849.45,654.37,1,-1,-1,-1
544,19,676.11,271.08,846.25,658.43,1,-1,-1,-1
545,19,670.83,272.59,840.08,658.52,1,-1,-1,-1
545,78,1494.57,210.06,1771.20,818.92,1,-1,-1,-1
546,19,668.19,270.48,839.12,661.08,1,-1,-1,-1
546,78,1493.64,213.04,1767.63,815.92,1,-1,-1,-1
547,19,665.14,260.44,840.73,661.29,1,-1,-1,-1
547,78,1492.53,219.01,1757.29,801.00,1,-1,-1,-1
548,19,659.26,255.32,837.40,661.93,1,-1,-1,-1
548,78,1491.09,222.91,1751.09,794.43,1,-1,-1,-1
549,19,652.70,253.38,831.78,662.09,1,-1,-1,-1
550,19,646.37,253.99,824.78,660.75,1,-1,-1,-1
550,82,-23.19,456.67,91.07,596.68,1,-1,-1,-1
551,19,645.96,257.57,821.28,657.52,1,-1,-1,-1
551,82,-34.03,458.90,87.80,608.43,1,-1,-1,-1
552,19,641.61,263.62,815.43,660.87,1,-1,-1,-1
552,82,-44.14,461.83,84.30,620.05,1,-1,-1,-1
553,19,641.93,259.94,820.34,668.04,1,-1,-1,-1
553,82,-50.49,464.94,76.65,622.03,1,-1,-1,-1
554,19,637.59,257.92,818.43,671.98,1,-1,-1,-1
554,82,-51.01,477.60,63.69,619.54,1,-1,-1,-1
555,19,635.32,255.84,818.03,674.72,1,-1,-1,-1
555,82,-49.08,486.55,54.82,615.19,1,-1,-1,-1
556,19,634.58,255.07,818.09,676.34,1,-1,-1,-1
556,82,-54.71,490.67,49.02,619.09,1,-1,-1,-1
557,19,629.96,254.40,814.72,678.55,1,-1,-1,-1
566,78,1594.86,345.89,1779.56,753.83,1,-1,-1,-1
567,78,1600.02,352.49,1780.56,751.24,1,-1,-1,-1
568,78,1619.50,369.53,1793.34,754.59,1,-1,-1,-1
569,78,1623.94,367.99,1796.02,750.11,1,-1,-1,-1
570,30,1388.96,332.96,1545.73,693.93,1,-1,-1,-1
570,78,1645.35,363.91,1815.82,743.85,1,-1,-1,-1
571,30,1387.64,323.75,1549.34,695.90,1,-1,-1,-1
571,78,1657.77,362.86,1826.69,739.65,1,-1,-1,-1
572,30,1389.29,323.60,1551.84,697.68,1,-1,-1,-1
572,78,1662.86,354.12,1830.19,728.07,1,-1,-1,-1
573,78,1666.87,356.86,1828.02,717.21,1,-1,-1,-1
574,78,1664.61,355.69,1820.66,705.90,1,-1,-1,-1
574,80,779.70,457.57,895.20,641.71,1,-1,-1,-1
575,78,1663.16,349.03,1818.83,699.33,1,-1,-1,-1
575,80,769.19,447.58,890.48,640.32,1,-1,-1,-1
576,78,1661.89,345.24,1817.95,697.17,1,-1,-1,-1
576,80,762.97,447.25,882.68,637.01,1,-1,-1,-1
577,30,1392.26,311.77,1544.49,663.96,1,-1,-1,-1
577,78,1656.26,338.45,1813.11,692.57,1,-1,-1,-1
577,80,760.46,447.46,879.44,635.88,1,-1,-1,-1
578,30,1393.43,312.31,1543.29,659.78,1,-1,-1,-1
578,78,1653.94,331.26,1811.33,687.07,1,-1,-1,-1
578,80,753.22,444.91,875.41,638.35,1,-1,-1,-1
579,30,1394.54,311.31,1543.76,657.32,1,-1,-1,-1
579,78,1647.74,327.28,1806.51,686.56,1,-1,-1,-1
579,80,747.03,445.45,868.43,637.23,1,-1,-1,-1
