93,19,551.00,-75.00,665.00,181.00,1,-1,-1,-1
94,19,557.19,-77.29,668.74,173.37,1,-1,-1,-1
95,19,558.13,-79.51,670.22,172.42,1,-1,-1,-1
96,19,558.21,-80.92,670.78,172.22,1,-1,-1,-1
97,19,557.66,-83.45,672.11,173.65,1,-1,-1,-1
98,19,557.38,-84.30,672.57,174.23,1,-1,-1,-1
99,19,557.19,-84.54,672.71,174.49,1,-1,-1,-1
100,19,554.86,-93.34,674.27,174.62,1,-1,-1,-1
101,19,554.02,-96.53,674.79,174.69,1,-1,-1,-1
102,19,554.26,-101.62,675.03,169.45,1,-1,-1,-1
103,19,554.33,-103.46,675.10,167.48,1,-1,-1,-1
104,19,554.34,-104.04,675.10,166.77,1,-1,-1,-1
105,19,554.32,-104.16,675.09,166.55,1,-1,-1,-1
106,19,554.29,-104.12,675.08,166.51,1,-1,-1,-1
107,19,554.27,-104.02,675.06,166.53,1,-1,-1,-1
108,19,554.24,-103.91,675.05,166.58,1,-1,-1,-1
109,19,551.95,-109.09,677.31,171.25,1,-1,-1,-1
110,19,551.05,-110.99,678.18,173.01,1,-1,-1,-1
111,19,550.67,-111.65,678.54,173.69,1,-1,-1,-1
112,19,550.50,-111.83,678.68,173.95,1,-1,-1,-1
113,19,550.41,-111.83,678.75,174.04,1,-1,-1,-1
114,19,545.95,-107.17,673.99,178.67,1,-1,-1,-1
115,19,544.43,-104.69,671.34,179.11,1,-1,-1,-1
116,19,543.94,-103.72,670.28,179.25,1,-1,-1,-1
117,19,540.45,-102.02,665.31,178.62,1,-1,-1,-1
118,19,539.49,-100.04,662.45,177.03,1,-1,-1,-1
119,19,539.74,-97.97,660.86,175.75,1,-1,-1,-1
120,19,541.07,-94.54,659.10,172.61,1,-1,-1,-1
121,19,542.51,-91.26,657.59,169.42,1,-1,-1,-1
122,19,543.70,-88.06,656.45,167.58,1,-1,-1,-1
123,19,543.97,-83.57,656.28,170.96,1,-1,-1,-1
124,19,544.79,-79.96,655.54,170.89,1,-1,-1,-1
125,19,545.31,-78.02,655.11,170.88,1,-1,-1,-1
126,19,545.30,-73.36,655.18,175.57,1,-1,-1,-1
127,19,545.57,-71.70,655.65,177.31,1,-1,-1,-1
128,19,544.21,-69.84,657.31,185.27,1,-1,-1,-1
129,19,547.53,-68.56,661.36,187.54,1,-1,-1,-1
130,19,549.23,-67.50,663.16,188.35,1,-1,-1,-1
131,19,549.08,-64.53,664.61,194.55,1,-1,-1,-1
132,19,549.05,-62.82,665.10,197.49,1,-1,-1,-1
133,19,549.76,-60.28,664.54,197.21,1,-1,-1,-1
134,19,549.83,-55.42,664.50,200.99,1,-1,-1,-1
135,19,549.52,-55.00,665.45,203.67,1,-1,-1,-1
136,19,549.45,-54.27,665.75,204.60,1,-1,-1,-1
137,19,550.04,-47.47,664.56,206.85,1,-1,-1,-1
138,19,550.37,-44.94,664.66,208.85,1,-1,-1,-1
145,25,265.11,-127.12,395.92,137.19,1,-1,-1,-1
146,25,272.61,-112.32,399.72,145.52,1,-1,-1,-1
146,26,830.12,93.78,939.24,317.29,1,-1,-1,-1
147,25,278.21,-96.89,397.60,146.08,1,-1,-1,-1
147,26,821.91,98.22,935.17,330.69,1,-1,-1,-1
148,25,279.60,-93.21,397.71,147.86,1,-1,-1,-1
148,26,816.56,110.19,926.69,336.82,1,-1,-1,-1
149,25,283.54,-90.28,403.33,155.31,1,-1,-1,-1
149,26,812.01,116.01,927.72,355.01,1,-1,-1,-1
150,25,285.86,-83.39,404.15,160.44,1,-1,-1,-1
150,26,799.55,119.16,920.00,368.49,1,-1,-1,-1
151,25,291.10,-81.31,409.39,164.05,1,-1,-1,-1
151,26,792.33,130.74,910.01,374.40,1,-1,-1,-1
152,25,296.11,-70.01,407.97,163.09,1,-1,-1,-1
152,26,788.71,140.86,907.68,387.53,1,-1,-1,-1
153,25,298.21,-60.72,406.84,166.52,1,-1,-1,-1
153,26,782.79,148.91,902.94,398.01,1,-1,-1,-1
154,25,298.58,-54.31,407.28,173.72,1,-1,-1,-1
155,25,299.64,-45.52,406.36,178.85,1,-1,-1,-1
156,25,304.69,-37.22,409.97,184.58,1,-1,-1,-1
157,25,307.55,-27.75,410.11,188.51,1,-1,-1,-1
158,25,306.67,-25.31,413.25,199.90,1,-1,-1,-1
158,28,859.22,26.95,939.57,202.11,1,-1,-1,-1
159,25,310.39,-24.59,418.86,205.86,1,-1,-1,-1
159,28,860.52,37.95,938.51,207.91,1,-1,-1,-1
160,25,314.95,-22.62,426.25,215.15,1,-1,-1,-1
160,28,859.69,43.78,939.39,217.60,1,-1,-1,-1
161,25,317.78,-15.55,427.79,220.44,1,-1,-1,-1
161,28,860.55,54.00,938.54,224.10,1,-1,-1,-1
162,25,318.15,-9.80,428.85,228.15,1,-1,-1,-1
162,28,860.59,60.45,938.69,230.80,1,-1,-1,-1
163,25,317.90,-5.21,430.77,238.07,1,-1,-1,-1
164,25,321.75,0.25,435.26,245.55,1,-1,-1,-1
165,25,323.72,3.43,436.96,248.81,1,-1,-1,-1
166,25,326.70,13.62,435.18,249.14,1,-1,-1,-1
166,28,864.58,93.52,945.74,270.17,1,-1,-1,-1
167,19,605.07,133.69,723.63,396.61,1,-1,-1,-1
167,25,328.73,22.58,434.04,250.94,1,-1,-1,-1
167,28,865.08,100.83,946.64,278.35,1,-1,-1,-1
168,19,613.81,148.10,725.87,396.44,1,-1,-1,-1
168,25,332.24,23.63,439.40,256.08,1,-1,-1,-1
169,19,621.72,157.82,731.27,401.52,1,-1,-1,-1
169,25,334.13,27.82,441.96,261.78,1,-1,-1,-1
170,19,630.06,166.47,737.71,406.50,1,-1,-1,-1
170,25,337.97,31.82,447.54,269.68,1,-1,-1,-1
170,28,865.40,127.43,946.13,302.99,1,-1,-1,-1
171,19,639.59,164.58,751.61,414.15,1,-1,-1,-1
171,25,338.86,32.48,450.71,275.76,1,-1,-1,-1
171,28,865.79,135.21,946.71,311.18,1,-1,-1,-1
172,19,645.66,176.94,755.17,421.42,1,-1,-1,-1
172,25,341.61,42.36,449.32,277.22,1,-1,-1,-1
173,19,652.46,186.71,760.30,427.90,1,-1,-1,-1
173,25,344.04,44.60,455.15,286.82,1,-1,-1,-1
173,30,518.07,357.15,657.66,666.19,1,-1,-1,-1
174,19,660.03,194.73,766.81,434.06,1,-1,-1,-1
174,25,345.56,49.23,458.52,295.45,1,-1,-1,-1
174,30,507.73,376.73,642.68,675.19,1,-1,-1,-1
175,19,664.73,194.06,774.97,442.12,1,-1,-1,-1
175,25,351.46,58.02,462.80,300.50,1,-1,-1,-1
175,30,502.18,388.31,639.28,691.92,1,-1,-1,-1
176,19,670.68,197.58,782.69,450.84,1,-1,-1,-1
176,25,356.82,73.07,461.14,300.19,1,-1,-1,-1
176,30,497.37,402.31,631.68,699.83,1,-1,-1,-1
177,19,676.58,215.73,781.61,453.27,1,-1,-1,-1
177,25,357.93,81.20,461.11,305.82,1,-1,-1,-1
177,30,491.92,414.98,624.81,709.35,1,-1,-1,-1
178,19,681.58,222.40,787.91,463.24,1,-1,-1,-1
178,25,360.57,83.26,468.08,317.06,1,-1,-1,-1
179,19,686.91,229.81,792.93,469.94,1,-1,-1,-1
179,25,363.65,89.13,469.06,318.43,1,-1,-1,-1
180,19,692.08,226.09,804.23,480.06,1,-1,-1,-1
180,25,366.55,91.07,475.45,328.63,1,-1,-1,-1
181,19,698.88,230.77,812.21,487.05,1,-1,-1,-1
181,25,369.31,102.12,477.28,337.49,1,-1,-1,-1
182,19,706.60,238.90,818.20,491.41,1,-1,-1,-1
182,25,373.28,107.45,484.08,348.57,1,-1,-1,-1
183,19,713.73,245.71,825.08,497.41,1,-1,-1,-1
183,25,379.28,111.23,490.44,353.18,1,-1,-1,-1
183,30,422.88,476.47,566.84,796.05,1,-1,-1,-1
184,19,722.14,250.69,831.41,497.43,1,-1,-1,-1
184,25,381.98,117.69,492.90,359.27,1,-1,-1,-1
184,30,413.43,497.19,550.60,801.54,1,-1,-1,-1
185,19,728.99,255.62,838.93,503.14,1,-1,-1,-1
185,25,388.96,126.50,496.84,361.99,1,-1,-1,-1
185,30,411.98,518.52,542.58,808.41,1,-1,-1,-1
186,19,736.58,259.24,845.53,504.40,1,-1,-1,-1
186,25,394.68,132.24,502.95,368.71,1,-1,-1,-1
186,30,401.15,531.90,531.80,821.92,1,-1,-1,-1
187,19,739.59,266.33,847.36,507.29,1,-1,-1,-1
187,25,397.03,137.48,506.74,376.95,1,-1,-1,-1
187,30,388.89,547.04,518.09,833.82,1,-1,-1,-1
188,19,744.01,230.72,864.24,499.47,1,-1,-1,-1
188,25,401.50,138.59,513.52,383.13,1,-1,-1,-1
188,30,376.99,551.46,511.01,849.14,1,-1,-1,-1
189,19,750.95,224.97,873.27,498.60,1,-1,-1,-1
189,25,408.98,146.66,518.57,385.91,1,-1,-1,-1
189,30,362.58,555.41,500.53,862.37,1,-1,-1,-1
190,19,756.93,225.42,880.47,501.80,1,-1,-1,-1
190,25,414.46,158.79,518.86,386.67,1,-1,-1,-1
190,30,354.44,568.24,490.69,872.22,1,-1,-1,-1
191,25,418.98,165.09,523.51,392.71,1,-1,-1,-1
191,30,345.30,573.98,484.55,885.37,1,-1,-1,-1
192,25,419.78,168.52,527.78,402.74,1,-1,-1,-1
192,30,327.19,581.70,470.03,901.72,1,-1,-1,-1
193,25,423.88,170.28,533.23,406.95,1,-1,-1,-1
193,30,318.28,599.25,457.34,910.17,1,-1,-1,-1
194,25,426.23,176.62,534.88,411.61,1,-1,-1,-1
194,30,303.55,605.54,446.17,924.74,1,-1,-1,-1
195,25,428.88,188.07,533.40,414.46,1,-1,-1,-1
195,30,300.08,625.25,439.87,937.03,1,-1,-1,-1
196,25,432.80,193.46,538.27,421.96,1,-1,-1,-1
196,30,289.97,636.95,430.04,949.37,1,-1,-1,-1
197,25,433.01,196.58,541.74,432.50,1,-1,-1,-1
197,30,273.94,645.03,418.29,967.39,1,-1,-1,-1
198,25,438.32,203.47,546.77,439.55,1,-1,-1,-1
198,30,267.31,664.78,406.51,975.44,1,-1,-1,-1
199,25,442.59,214.42,547.50,443.31,1,-1,-1,-1
199,30,257.01,676.98,396.31,987.86,1,-1,-1,-1
200,25,447.37,221.65,551.62,449.11,1,-1,-1,-1
201,25,451.07,228.25,555.04,455.09,1,-1,-1,-1
201,30,225.96,690.90,380.16,1034.97,1,-1,-1,-1
202,30,214.62,702.05,370.38,1049.62,1,-1,-1,-1
203,25,451.85,229.19,564.80,476.35,1,-1,-1,-1
204,25,456.59,233.52,570.51,483.10,1,-1,-1,-1
205,25,460.31,242.84,571.80,486.74,1,-1,-1,-1
206,25,464.81,248.16,577.49,494.44,1,-1,-1,-1
207,19,963.50,361.08,1087.66,638.76,1,-1,-1,-1
207,25,469.23,246.71,585.85,501.71,1,-1,-1,-1
208,19,974.97,368.24,1099.30,646.29,1,-1,-1,-1
208,25,471.80,251.86,588.57,507.52,1,-1,-1,-1
209,25,477.12,258.22,593.47,513.41,1,-1,-1,-1
210,25,479.33,261.13,595.53,516.72,1,-1,-1,-1
211,25,484.11,265.99,600.62,522.34,1,-1,-1,-1
212,25,487.66,270.82,604.79,528.52,1,-1,-1,-1
218,19,1007.56,366.73,1136.25,653.60,1,-1,-1,-1
219,19,1012.57,366.16,1141.22,651.29,1,-1,-1,-1
220,19,1020.44,365.98,1146.00,642.55,1,-1,-1,-1
221,19,1025.31,361.14,1154.07,643.20,1,-1,-1,-1
222,19,1030.81,356.70,1162.89,644.73,1,-1,-1,-1
223,19,1038.03,353.02,1169.88,640.02,1,-1,-1,-1
224,19,1044.05,352.77,1176.20,640.43,1,-1,-1,-1
230,19,961.25,345.36,1078.95,599.59,1,-1,-1,-1
231,19,958.08,337.62,1078.23,596.13,1,-1,-1,-1
232,19,955.54,330.67,1080.65,598.36,1,-1,-1,-1
233,19,959.02,323.56,1086.54,595.29,1,-1,-1,-1
234,19,963.59,318.95,1093.76,595.55,1,-1,-1,-1
235,19,966.86,314.68,1096.45,589.16,1,-1,-1,-1
236,19,973.46,310.52,1100.89,580.20,1,-1,-1,-1
237,19,975.70,303.10,1103.56,574.27,1,-1,-1,-1
238,19,975.75,297.81,1106.00,574.16,1,-1,-1,-1
239,19,978.49,288.06,1112.73,572.93,1,-1,-1,-1
240,19,979.42,284.49,1114.73,571.26,1,-1,-1,-1
241,19,981.09,282.64,1114.14,564.19,1,-1,-1,-1
242,19,981.91,281.47,1113.67,560.29,1,-1,-1,-1
243,19,983.83,279.86,1112.48,552.32,1,-1,-1,-1
244,19,984.16,278.09,1112.37,550.14,1,-1,-1,-1
245,19,984.30,277.55,1111.60,548.14,1,-1,-1,-1
246,19,983.83,271.51,1112.46,546.20,1,-1,-1,-1
247,19,983.42,264.74,1112.32,540.98,1,-1,-1,-1
248,19,979.92,263.62,1107.01,536.49,1,-1,-1,-1
249,19,980.29,262.70,1103.26,526.97,1,-1,-1,-1
250,19,981.03,259.16,1100.59,516.86,1,-1,-1,-1
251,19,974.94,253.96,1096.59,516.66,1,-1,-1,-1
252,19,971.51,244.87,1096.38,515.39,1,-1,-1,-1
253,19,964.08,233.05,1093.97,515.05,1,-1,-1,-1
254,19,961.60,225.43,1092.13,509.20,1,-1,-1,-1
255,19,956.21,222.02,1086.81,505.77,1,-1,-1,-1
256,19,955.24,218.95,1083.15,497.39,1,-1,-1,-1
257,19,953.89,211.38,1082.90,493.03,1,-1,-1,-1
258,19,950.32,210.02,1078.11,490.22,1,-1,-1,-1
259,19,948.61,204.43,1076.78,486.03,1,-1,-1,-1
260,19,947.74,202.50,1075.34,482.62,1,-1,-1,-1
261,19,948.98,201.29,1073.38,473.56,1,-1,-1,-1
261,25,1053.21,195.44,1183.69,480.50,1,-1,-1,-1
262,19,945.94,202.39,1067.65,467.65,1,-1,-1,-1
262,25,1057.40,195.66,1187.19,475.68,1,-1,-1,-1
263,19,944.33,198.27,1065.49,461.62,1,-1,-1,-1
263,25,1056.82,196.38,1182.02,465.23,1,-1,-1,-1
264,19,937.79,192.88,1062.11,462.91,1,-1,-1,-1
264,25,1054.93,194.74,1180.20,463.02,1,-1,-1,-1
265,19,934.74,185.72,1060.97,460.23,1,-1,-1,-1
265,25,1053.03,188.04,1179.96,460.36,1,-1,-1,-1
266,19,932.60,176.57,1061.68,457.39,1,-1,-1,-1
266,25,1059.54,185.11,1186.04,456.53,1,-1,-1,-1
267,19,927.37,171.93,1058.03,455.79,1,-1,-1,-1
268,19,927.18,170.34,1054.33,446.82,1,-1,-1,-1
269,19,928.35,168.63,1051.23,436.23,1,-1,-1,-1
270,19,924.02,166.18,1046.35,433.12,1,-1,-1,-1
271,19,921.75,160.09,1044.71,429.48,1,-1,-1,-1
272,19,915.55,154.65,1041.03,430.26,1,-1,-1,-1
272,30,942.42,524.86,1034.99,732.21,1,-1,-1,-1
273,19,913.74,150.11,1038.63,424.79,1,-1,-1,-1
273,30,940.07,523.39,1032.53,730.07,1,-1,-1,-1
274,19,909.10,149.22,1032.64,420.89,1,-1,-1,-1
274,25,1022.30,150.33,1149.83,422.11,1,-1,-1,-1
274,30,956.00,516.01,1046.77,718.92,1,-1,-1,-1
275,19,903.00,145.08,1026.33,415.60,1,-1,-1,-1
275,25,1016.64,147.53,1141.82,413.86,1,-1,-1,-1
275,30,942.85,528.27,1030.42,723.60,1,-1,-1,-1
276,19,902.42,143.68,1021.81,405.16,1,-1,-1,-1
276,25,1015.71,147.95,1138.18,407.76,1,-1,-1,-1
276,30,948.69,527.72,1033.98,717.96,1,-1,-1,-1
277,19,899.28,146.03,1014.63,398.07,1,-1,-1,-1
277,25,1010.53,144.22,1131.72,401.67,1,-1,-1,-1
277,30,934.85,527.91,1023.53,725.31,1,-1,-1,-1
278,19,897.39,140.98,1013.00,393.64,1,-1,-1,-1
278,25,1003.38,141.63,1125.34,400.27,1,-1,-1,-1
278,30,931.92,525.72,1022.94,727.97,1,-1,-1,-1
279,19,889.47,134.57,1009.16,396.19,1,-1,-1,-1
279,25,1000.11,135.47,1123.75,397.93,1,-1,-1,-1
279,30,925.85,523.61,1018.85,730.31,1,-1,-1,-1
280,19,882.31,131.64,1003.62,396.61,1,-1,-1,-1
280,25,992.99,129.98,1119.98,399.19,1,-1,-1,-1
280,30,922.83,522.88,1016.81,731.89,1,-1,-1,-1
281,19,872.25,120.13,999.89,398.91,1,-1,-1,-1
281,25,990.05,126.17,1117.15,395.61,1,-1,-1,-1
281,30,916.87,520.63,1012.89,734.53,1,-1,-1,-1
282,19,864.99,117.84,992.44,395.97,1,-1,-1,-1
282,30,910.74,519.83,1007.46,734.86,1,-1,-1,-1
283,19,859.46,116.50,984.08,388.41,1,-1,-1,-1
283,30,908.19,519.58,1005.11,734.98,1,-1,-1,-1
284,19,852.76,115.51,975.92,384.32,1,-1,-1,-1
284,30,907.47,522.18,1002.15,732.37,1,-1,-1,-1
285,19,845.09,108.65,969.79,380.93,1,-1,-1,-1
285,30,901.29,519.20,998.46,734.72,1,-1,-1,-1
286,19,841.80,102.27,966.92,376.49,1,-1,-1,-1
286,30,898.17,518.12,996.75,736.25,1,-1,-1,-1
287,19,837.65,101.30,960.58,371.64,1,-1,-1,-1
287,30,893.30,518.40,992.08,736.83,1,-1,-1,-1
288,19,834.54,94.49,958.80,367.97,1,-1,-1,-1
288,30,886.43,517.22,986.28,738.35,1,-1,-1,-1
289,19,825.13,90.76,950.25,366.71,1,-1,-1,-1
289,30,880.92,518.12,979.98,737.61,1,-1,-1,-1
290,19,822.02,87.53,945.59,360.46,1,-1,-1,-1
290,30,879.01,521.13,975.66,735.32,1,-1,-1,-1
291,19,822.27,85.15,942.16,350.94,1,-1,-1,-1
291,30,876.82,520.31,974.46,736.44,1,-1,-1,-1
292,19,816.94,81.10,937.40,348.85,1,-1,-1,-1
292,30,870.39,518.03,970.61,739.50,1,-1,-1,-1
293,19,812.67,83.68,929.64,344.24,1,-1,-1,-1
293,30,863.46,515.22,966.00,741.95,1,-1,-1,-1
294,19,809.70,76.83,928.51,342.70,1,-1,-1,-1
294,30,856.27,514.16,959.90,743.52,1,-1,-1,-1
295,19,803.44,72.43,924.27,343.55,1,-1,-1,-1
295,30,854.70,521.62,954.67,742.80,1,-1,-1,-1
296,19,800.94,70.23,922.46,343.35,1,-1,-1,-1
296,30,851.31,527.22,947.86,740.47,1,-1,-1,-1
297,19,794.90,62.96,918.68,342.09,1,-1,-1,-1
297,30,844.62,523.94,941.70,738.24,1,-1,-1,-1
298,19,792.87,60.32,916.61,339.75,1,-1,-1,-1
298,30,842.51,528.03,938.03,738.09,1,-1,-1,-1
299,19,787.51,54.87,912.22,337.00,1,-1,-1,-1
299,30,836.80,527.56,933.94,740.70,1,-1,-1,-1
300,19,785.90,53.59,909.77,334.08,1,-1,-1,-1
300,30,835.44,530.67,930.60,739.02,1,-1,-1,-1
301,19,786.44,55.90,907.37,329.79,1,-1,-1,-1
301,30,831.76,534.51,924.23,737.02,1,-1,-1,-1
302,19,783.64,54.28,901.84,322.96,1,-1,-1,-1
302,30,829.90,535.90,921.36,736.28,1,-1,-1,-1
303,19,783.32,55.13,898.68,317.86,1,-1,-1,-1
303,30,825.37,535.69,917.09,736.68,1,-1,-1,-1
304,19,781.68,48.87,898.67,316.11,1,-1,-1,-1
304,30,822.65,535.58,914.84,737.51,1,-1,-1,-1
305,19,780.65,45.99,898.61,315.56,1,-1,-1,-1
305,30,817.39,534.83,910.57,739.15,1,-1,-1,-1
306,19,775.30,41.05,896.54,318.12,1,-1,-1,-1
306,30,815.24,537.16,908.77,741.74,1,-1,-1,-1
307,19,772.41,33.39,896.15,315.90,1,-1,-1,-1
307,30,810.51,539.34,903.71,742.72,1,-1,-1,-1
308,19,765.77,27.96,892.61,317.10,1,-1,-1,-1
308,30,803.20,536.81,899.01,745.72,1,-1,-1,-1
309,19,763.56,24.05,889.83,311.78,1,-1,-1,-1
309,30,799.43,536.50,896.55,747.48,1,-1,-1,-1
310,19,758.40,22.05,884.78,309.81,1,-1,-1,-1
310,30,793.99,537.01,892.05,749.44,1,-1,-1,-1
311,19,757.03,22.08,882.50,307.17,1,-1,-1,-1
311,30,790.96,540.47,889.62,753.43,1,-1,-1,-1
312,19,758.17,22.90,879.57,299.00,1,-1,-1,-1
312,30,785.90,541.76,885.03,755.57,1,-1,-1,-1
313,19,759.65,24.70,877.71,293.34,1,-1,-1,-1
313,30,783.58,543.54,882.67,756.99,1,-1,-1,-1
314,19,757.15,26.82,872.91,290.70,1,-1,-1,-1
314,30,778.85,548.13,877.36,760.11,1,-1,-1,-1
315,19,756.18,28.36,870.06,288.51,1,-1,-1,-1
315,30,772.81,550.49,871.31,762.56,1,-1,-1,-1
316,19,755.25,27.66,869.11,287.82,1,-1,-1,-1
316,30,766.45,557.27,863.51,766.06,1,-1,-1,-1
317,19,749.02,24.12,865.51,290.34,1,-1,-1,-1
317,30,759.67,561.77,855.33,767.32,1,-1,-1,-1
318,19,746.84,19.55,864.19,288.72,1,-1,-1,-1
318,30,754.94,564.09,850.37,769.12,1,-1,-1,-1
319,19,741.65,15.89,860.34,289.51,1,-1,-1,-1
320,19,739.44,14.58,858.01,288.57,1,-1,-1,-1
320,30,732.27,568.96,828.24,774.66,1,-1,-1,-1
321,19,732.54,10.21,854.18,291.57,1,-1,-1,-1
321,30,725.47,575.20,819.86,776.89,1,-1,-1,-1
322,19,730.51,6.67,851.68,286.87,1,-1,-1,-1
322,30,719.33,577.97,813.39,778.92,1,-1,-1,-1
323,19,725.91,4.75,846.90,284.45,1,-1,-1,-1
323,30,709.40,580.16,806.69,787.28,1,-1,-1,-1
324,19,723.68,3.45,845.14,283.60,1,-1,-1,-1
324,30,708.94,592.34,800.78,787.32,1,-1,-1,-1
325,19,717.88,2.39,839.79,283.33,1,-1,-1,-1
325,30,702.98,595.34,795.51,791.27,1,-1,-1,-1
326,19,718.42,4.70,835.25,274.73,1,-1,-1,-1
326,30,694.67,594.34,792.75,801.28,1,-1,-1,-1
327,19,713.81,3.02,830.63,273.52,1,-1,-1,-1
327,30,688.55,597.44,786.80,804.75,1,-1,-1,-1
328,19,712.20,3.78,827.73,271.81,1,-1,-1,-1
329,19,711.99,4.79,825.85,269.26,1,-1,-1,-1
330,19,707.36,3.90,821.96,270.39,1,-1,-1,-1
331,19,706.07,4.92,819.62,269.55,1,-1,-1,-1
332,19,705.85,6.02,818.07,267.98,1,-1,-1,-1
333,19,706.30,7.13,817.19,266.12,1,-1,-1,-1
334,19,703.05,8.24,813.16,266.16,1,-1,-1,-1
335,19,701.88,9.33,811.14,265.57,1,-1,-1,-1
336,19,701.44,9.75,810.59,266.07,1,-1,-1,-1
337,19,701.40,9.90,810.44,266.31,1,-1,-1,-1
338,19,701.28,9.30,810.66,266.44,1,-1,-1,-1
339,19,701.05,8.41,811.07,267.18,1,-1,-1,-1
340,19,701.06,8.08,811.25,266.83,1,-1,-1,-1
341,19,700.94,8.63,810.91,266.07,1,-1,-1,-1
342,19,700.73,8.18,811.04,265.80,1,-1,-1,-1
343,19,700.12,8.01,811.05,266.39,1,-1,-1,-1
344,19,694.73,5.31,808.37,269.27,1,-1,-1,-1
345,19,692.04,3.65,807.45,271.03,1,-1,-1,-1
346,19,691.02,2.37,807.84,272.35,1,-1,-1,-1
347,19,690.61,1.91,808.11,272.86,1,-1,-1,-1
348,19,690.44,1.76,808.32,273.04,1,-1,-1,-1
349,19,690.37,1.72,808.50,273.10,1,-1,-1,-1
350,19,690.33,1.73,808.66,273.11,1,-1,-1,-1
351,19,690.30,1.75,808.80,273.11,1,-1,-1,-1
352,19,690.28,1.78,808.92,273.10,1,-1,-1,-1
353,19,683.30,1.14,806.77,282.98,1,-1,-1,-1
354,19,680.88,1.56,805.80,286.02,1,-1,-1,-1
355,19,680.14,2.40,805.31,287.15,1,-1,-1,-1
356,19,678.68,0.76,805.74,289.49,1,-1,-1,-1
357,19,678.96,2.11,805.13,288.38,1,-1,-1,-1
358,19,675.28,4.61,799.55,286.57,1,-1,-1,-1
359,19,673.09,8.22,797.65,290.47,1,-1,-1,-1
360,19,672.28,9.56,797.03,291.89,1,-1,-1,-1
361,19,672.33,10.71,796.53,291.73,1,-1,-1,-1
362,19,672.75,12.44,796.05,291.61,1,-1,-1,-1
363,19,673.20,13.73,795.67,291.53,1,-1,-1,-1
364,19,673.97,20.15,794.35,292.79,1,-1,-1,-1
365,19,674.25,22.53,793.94,293.22,1,-1,-1,-1
366,19,676.39,28.02,792.48,290.69,1,-1,-1,-1
367,19,676.53,32.70,792.67,295.08,1,-1,-1,-1
368,19,676.55,34.34,792.81,296.66,1,-1,-1,-1
369,19,675.11,35.53,795.02,305.87,1,-1,-1,-1
370,19,674.55,35.91,795.89,309.25,1,-1,-1,-1
371,19,674.32,35.97,796.27,310.47,1,-1,-1,-1
372,19,678.68,44.48,801.21,320.73,1,-1,-1,-1
373,19,680.40,47.64,803.03,324.53,1,-1,-1,-1
374,19,681.09,48.74,803.66,325.87,1,-1,-1,-1
375,19,681.38,49.06,803.84,326.26,1,-1,-1,-1
376,19,681.51,49.10,803.85,326.30,1,-1,-1,-1
377,19,681.59,49.03,803.80,326.22,1,-1,-1,-1
378,19,681.63,48.93,803.73,326.11,1,-1,-1,-1
379,19,681.67,48.83,803.66,325.99,1,-1,-1,-1
380,19,681.70,48.74,803.59,325.88,1,-1,-1,-1
381,19,681.73,48.65,803.53,325.77,1,-1,-1,-1
382,19,681.75,48.58,803.48,325.68,1,-1,-1,-1
383,19,681.77,48.51,803.43,325.60,1,-1,-1,-1
384,19,681.79,48.45,803.39,325.53,1,-1,-1,-1
385,19,681.81,48.40,803.35,325.47,1,-1,-1,-1
386,19,699.11,74.11,823.02,357.12,1,-1,-1,-1
387,19,705.65,83.72,830.32,368.96,1,-1,-1,-1
388,19,708.13,87.27,832.97,373.32,1,-1,-1,-1
389,19,709.04,88.46,833.82,374.79,1,-1,-1,-1
390,19,709.33,88.77,833.98,375.17,1,-1,-1,-1
391,19,709.40,88.74,833.91,375.14,1,-1,-1,-1
392,19,709.39,88.61,833.75,374.98,1,-1,-1,-1
393,19,709.35,88.45,833.58,374.78,1,-1,-1,-1
394,19,714.45,107.42,838.17,392.39,1,-1,-1,-1
395,19,716.58,114.50,840.23,398.94,1,-1,-1,-1
396,19,720.91,115.69,845.94,403.22,1,-1,-1,-1
397,19,722.80,121.25,847.68,408.61,1,-1,-1,-1
398,19,724.42,125.17,847.92,409.82,1,-1,-1,-1
399,19,725.48,131.79,847.38,412.73,1,-1,-1,-1
399,30,728.47,-106.60,842.12,141.40,1,-1,-1,-1
400,19,727.02,136.76,846.53,412.32,1,-1,-1,-1
400,30,726.25,-103.76,836.85,140.32,1,-1,-1,-1
401,19,732.01,145.11,848.98,414.00,1,-1,-1,-1
401,30,723.33,-87.05,827.25,143.94,1,-1,-1,-1
402,19,733.49,147.35,850.80,416.48,1,-1,-1,-1
402,30,720.73,-77.83,824.18,153.19,1,-1,-1,-1
403,19,736.14,146.68,857.88,425.26,1,-1,-1,-1
403,30,721.13,-81.85,823.75,147.33,1,-1,-1,-1
404,19,739.65,150.90,859.85,425.80,1,-1,-1,-1
405,19,739.82,153.66,862.23,433.78,1,-1,-1,-1
405,30,708.57,-44.49,809.28,179.70,1,-1,-1,-1
406,19,741.62,149.97,869.13,442.55,1,-1,-1,-1
406,30,705.79,-35.78,808.26,191.19,1,-1,-1,-1
407,19,747.81,155.61,874.54,446.40,1,-1,-1,-1
407,30,703.96,-30.22,808.84,203.05,1,-1,-1,-1
408,19,751.40,163.58,876.57,450.32,1,-1,-1,-1
408,30,698.64,-18.34,803.88,215.95,1,-1,-1,-1
409,19,757.03,167.80,880.78,450.95,1,-1,-1,-1
409,30,693.17,-4.02,796.96,226.70,1,-1,-1,-1
410,19,759.46,169.24,883.16,451.69,1,-1,-1,-1
410,30,690.65,6.54,794.32,236.58,1,-1,-1,-1
411,19,766.84,174.27,886.62,447.19,1,-1,-1,-1
411,30,684.22,17.57,789.05,250.04,1,-1,-1,-1
412,19,773.43,175.33,892.57,447.31,1,-1,-1,-1
412,30,678.77,28.08,782.38,258.17,1,-1,-1,-1
413,19,776.43,178.93,895.29,451.26,1,-1,-1,-1
413,30,680.83,38.41,783.31,266.29,1,-1,-1,-1
414,19,780.45,176.82,901.76,455.96,1,-1,-1,-1
414,30,672.81,50.65,774.06,275.71,1,-1,-1,-1
415,19,783.22,178.57,903.36,455.66,1,-1,-1,-1
415,30,666.02,60.25,766.62,284.29,1,-1,-1,-1
416,19,783.08,180.43,905.50,462.70,1,-1,-1,-1
416,30,662.04,67.50,764.25,295.20,1,-1,-1,-1
417,19,787.34,182.36,910.30,465.91,1,-1,-1,-1
417,30,649.57,73.24,756.79,311.55,1,-1,-1,-1
418,19,787.65,184.31,912.54,472.28,1,-1,-1,-1
418,30,640.47,80.39,749.51,322.69,1,-1,-1,-1
419,19,793.64,188.89,916.46,471.96,1,-1,-1,-1
419,30,637.04,92.63,745.64,334.49,1,-1,-1,-1
420,19,796.78,196.50,917.50,474.33,1,-1,-1,-1
420,30,627.01,101.62,736.19,344.57,1,-1,-1,-1
421,19,801.11,197.25,923.12,477.76,1,-1,-1,-1
421,30,627.28,108.67,737.41,354.63,1,-1,-1,-1
422,19,808.73,201.39,928.22,475.64,1,-1,-1,-1
422,30,623.46,120.23,732.99,365.33,1,-1,-1,-1
423,19,817.27,205.49,933.54,472.02,1,-1,-1,-1
423,30,621.50,128.26,732.16,376.93,1,-1,-1,-1
424,19,819.00,206.88,937.32,477.28,1,-1,-1,-1
424,30,621.90,141.50,731.00,386.90,1,-1,-1,-1
425,19,821.44,207.97,937.33,472.53,1,-1,-1,-1
425,30,622.73,153.47,729.60,394.25,1,-1,-1,-1
426,19,821.62,207.57,937.03,470.62,1,-1,-1,-1
426,30,618.13,160.93,725.67,403.93,1,-1,-1,-1
427,19,821.07,205.32,937.94,471.20,1,-1,-1,-1
427,30,612.41,172.65,719.21,413.82,1,-1,-1,-1
428,19,826.98,207.72,941.23,467.41,1,-1,-1,-1
428,30,607.46,184.66,711.22,418.50,1,-1,-1,-1
429,19,833.51,205.20,945.95,461.24,1,-1,-1,-1
429,30,603.08,188.76,709.74,429.19,1,-1,-1,-1
430,19,833.54,198.17,949.83,463.63,1,-1,-1,-1
430,30,594.66,190.05,706.34,442.08,1,-1,-1,-1
431,19,833.00,189.02,952.97,463.86,1,-1,-1,-1
431,30,592.14,196.14,704.60,449.31,1,-1,-1,-1
432,19,832.26,184.21,954.50,464.60,1,-1,-1,-1
432,30,592.20,204.69,703.26,454.97,1,-1,-1,-1
433,19,837.66,184.34,958.31,460.97,1,-1,-1,-1
433,30,585.94,206.96,700.80,465.97,1,-1,-1,-1
434,19,839.52,184.44,959.75,459.56,1,-1,-1,-1
434,30,579.97,214.13,694.59,473.11,1,-1,-1,-1
435,19,843.93,179.24,964.96,455.74,1,-1,-1,-1
435,30,579.59,225.77,690.56,476.14,1,-1,-1,-1
436,19,845.43,175.34,968.21,454.98,1,-1,-1,-1
436,30,575.83,235.19,684.38,480.18,1,-1,-1,-1
437,19,851.66,173.25,972.75,448.82,1,-1,-1,-1
437,30,573.57,238.40,682.56,484.70,1,-1,-1,-1
438,19,858.58,173.19,977.64,443.84,1,-1,-1,-1
438,30,566.44,240.00,679.16,495.39,1,-1,-1,-1
439,19,861.05,173.23,979.34,441.36,1,-1,-1,-1
439,30,562.96,243.02,678.25,505.05,1,-1,-1,-1
440,19,861.70,167.32,981.33,437.85,1,-1,-1,-1
440,30,562.21,250.45,676.94,511.74,1,-1,-1,-1
441,19,867.09,166.49,985.94,434.62,1,-1,-1,-1
441,30,558.36,257.64,672.43,517.26,1,-1,-1,-1
442,19,870.90,156.95,994.30,434.81,1,-1,-1,-1
442,30,552.54,265.39,665.47,521.69,1,-1,-1,-1
443,19,872.56,149.55,997.63,430.36,1,-1,-1,-1
443,30,548.59,272.09,661.81,529.03,1,-1,-1,-1
444,19,878.87,148.77,1002.13,424.79,1,-1,-1,-1
444,30,543.32,273.50,657.29,532.19,1,-1,-1,-1
445,19,882.79,147.95,1002.69,415.46,1,-1,-1,-1
445,30,539.31,283.25,650.25,534.32,1,-1,-1,-1
446,19,889.89,150.45,1005.64,407.38,1,-1,-1,-1
446,30,537.07,290.60,646.73,538.23,1,-1,-1,-1
447,19,892.43,147.45,1006.50,399.82,1,-1,-1,-1
447,30,531.04,291.07,643.60,544.78,1,-1,-1,-1
448,19,895.90,138.37,1012.74,396.53,1,-1,-1,-1
448,30,521.50,289.77,640.10,556.24,1,-1,-1,-1
448,59,1002.84,130.21,1132.18,404.74,1,-1,-1,-1
449,19,896.73,132.47,1016.60,396.76,1,-1,-1,-1
449,30,516.83,294.88,636.16,563.00,1,-1,-1,-1
449,59,1005.36,126.15,1136.43,404.35,1,-1,-1,-1
450,19,895.88,123.12,1019.62,395.68,1,-1,-1,-1
451,19,899.49,116.42,1023.80,390.81,1,-1,-1,-1
451,59,1009.48,115.25,1143.71,400.29,1,-1,-1,-1
452,19,901.08,114.00,1024.94,387.76,1,-1,-1,-1
452,59,1011.48,112.32,1143.38,392.62,1,-1,-1,-1
453,19,901.40,111.94,1026.05,387.40,1,-1,-1,-1
453,59,1015.58,108.00,1149.37,392.18,1,-1,-1,-1
454,19,901.83,106.70,1027.27,384.09,1,-1,-1,-1
454,59,1017.94,104.57,1150.42,386.02,1,-1,-1,-1
455,19,905.22,103.54,1031.52,382.95,1,-1,-1,-1
455,30,489.97,336.29,611.05,606.79,1,-1,-1,-1
455,59,1018.09,100.80,1151.92,385.17,1,-1,-1,-1
456,19,906.97,101.83,1033.80,382.63,1,-1,-1,-1
456,30,485.41,342.25,606.97,613.80,1,-1,-1,-1
456,59,1020.28,96.67,1154.96,382.82,1,-1,-1,-1
457,19,911.86,98.04,1038.12,378.02,1,-1,-1,-1
458,19,913.86,96.08,1040.08,375.71,1,-1,-1,-1
459,19,916.47,92.55,1043.02,372.91,1,-1,-1,-1
459,59,1021.60,77.80,1159.60,371.52,1,-1,-1,-1
460,59,1022.98,76.42,1159.40,366.86,1,-1,-1,-1
461,30,468.06,379.45,589.33,648.99,1,-1,-1,-1
461,59,1024.05,73.33,1158.71,360.63,1,-1,-1,-1
462,19,924.08,83.76,1044.00,348.17,1,-1,-1,-1
462,30,463.78,391.57,581.87,652.53,1,-1,-1,-1
462,59,1022.98,68.35,1159.79,360.41,1,-1,-1,-1
463,19,923.82,76.60,1044.92,343.25,1,-1,-1,-1
463,30,459.18,402.27,573.89,655.03,1,-1,-1,-1
463,59,1020.88,58.73,1161.78,360.43,1,-1,-1,-1
464,19,917.00,68.28,1043.37,346.28,1,-1,-1,-1
464,30,455.07,409.80,569.18,661.23,1,-1,-1,-1
464,59,1024.11,49.36,1167.54,357.27,1,-1,-1,-1
465,19,918.74,61.39,1046.97,342.91,1,-1,-1,-1
465,59,1025.18,43.93,1169.88,354.55,1,-1,-1,-1
466,19,919.30,58.24,1048.35,341.10,1,-1,-1,-1
467,19,920.75,55.25,1048.18,334.63,1,-1,-1,-1
468,19,921.00,54.30,1047.62,331.65,1,-1,-1,-1
469,19,922.47,52.12,1046.59,324.71,1,-1,-1,-1
470,19,923.18,50.80,1046.60,322.91,1,-1,-1,-1
471,19,923.15,49.11,1046.83,323.04,1,-1,-1,-1
472,19,923.02,47.93,1046.95,323.22,1,-1,-1,-1
473,19,923.31,47.61,1047.25,323.41,1,-1,-1,-1
474,19,927.03,47.60,1050.96,323.59,1,-1,-1,-1
475,19,927.82,41.76,1053.56,322.44,1,-1,-1,-1
476,19,927.85,38.33,1055.40,323.38,1,-1,-1,-1
477,19,932.04,37.13,1059.69,322.51,1,-1,-1,-1
478,19,934.41,36.78,1061.80,321.59,1,-1,-1,-1
479,19,940.09,34.12,1066.26,316.04,1,-1,-1,-1
480,19,941.95,32.54,1068.12,314.00,1,-1,-1,-1
480,59,1047.17,30.81,1178.19,314.00,1,-1,-1,-1
481,19,942.77,32.04,1068.55,311.99,1,-1,-1,-1
481,59,1047.99,32.03,1177.68,312.56,1,-1,-1,-1
482,19,943.70,29.30,1068.61,306.67,1,-1,-1,-1
482,59,1048.94,29.55,1176.92,306.59,1,-1,-1,-1
483,19,944.25,29.01,1068.29,304.09,1,-1,-1,-1
483,59,1052.68,27.34,1181.31,305.89,1,-1,-1,-1
484,19,944.49,28.99,1068.02,302.56,1,-1,-1,-1
484,59,1054.16,25.92,1183.42,305.76,1,-1,-1,-1
485,19,944.46,29.06,1067.91,302.07,1,-1,-1,-1
485,59,1054.89,26.13,1183.91,305.15,1,-1,-1,-1
486,19,944.26,29.15,1067.97,301.98,1,-1,-1,-1
486,59,1055.06,26.28,1184.07,305.02,1,-1,-1,-1
487,19,943.92,29.25,1068.17,302.68,1,-1,-1,-1
487,59,1054.66,25.72,1184.48,305.73,1,-1,-1,-1
488,19,944.06,29.33,1068.57,303.02,1,-1,-1,-1
488,59,1055.79,24.65,1185.39,304.19,1,-1,-1,-1
489,19,948.75,30.73,1071.95,301.22,1,-1,-1,-1
489,30,282.98,693.68,392.46,933.60,1,-1,-1,-1
490,19,945.35,33.30,1070.35,307.24,1,-1,-1,-1
490,30,276.03,705.13,385.32,944.62,1,-1,-1,-1
491,19,943.71,34.28,1069.41,309.52,1,-1,-1,-1
492,19,943.61,35.98,1068.47,309.75,1,-1,-1,-1
493,19,943.31,36.64,1067.68,309.84,1,-1,-1,-1
493,30,250.27,747.06,367.85,1003.77,1,-1,-1,-1
494,19,943.12,36.89,1067.43,310.55,1,-1,-1,-1
494,30,243.75,763.78,360.23,1017.80,1,-1,-1,-1
495,19,938.88,40.29,1063.55,315.45,1,-1,-1,-1
495,30,236.44,776.46,353.36,1031.47,1,-1,-1,-1
496,19,937.68,42.88,1061.01,315.97,1,-1,-1,-1
496,30,209.44,777.35,343.89,1070.73,1,-1,-1,-1
497,19,937.57,44.51,1059.73,316.15,1,-1,-1,-1
497,30,200.08,788.80,336.76,1087.06,1,-1,-1,-1
498,19,937.52,45.76,1058.62,316.20,1,-1,-1,-1
499,19,937.40,45.53,1058.35,316.87,1,-1,-1,-1
499,30,176.55,826.75,316.73,1133.11,1,-1,-1,-1
500,19,937.26,44.76,1058.37,317.76,1,-1,-1,-1
500,30,166.77,839.48,309.12,1150.57,1,-1,-1,-1
501,19,937.37,44.44,1058.24,318.08,1,-1,-1,-1
502,19,937.57,44.30,1058.06,318.19,1,-1,-1,-1
503,19,937.79,44.23,1057.88,318.21,1,-1,-1,-1
504,19,937.99,44.19,1057.71,318.20,1,-1,-1,-1
505,19,938.19,44.16,1057.55,318.18,1,-1,-1,-1
506,19,938.36,44.14,1057.41,318.16,1,-1,-1,-1
507,19,938.52,44.13,1057.28,318.14,1,-1,-1,-1
508,19,938.67,44.11,1057.16,318.13,1,-1,-1,-1
509,19,938.80,44.10,1057.05,318.11,1,-1,-1,-1
510,19,938.91,44.09,1056.95,318.10,1,-1,-1,-1
511,19,939.02,44.08,1056.86,318.09,1,-1,-1,-1
512,19,939.11,44.07,1056.78,318.08,1,-1,-1,-1
513,19,939.20,44.06,1056.70,318.07,1,-1,-1,-1
514,19,939.28,44.05,1056.64,318.06,1,-1,-1,-1
515,19,939.35,44.05,1056.58,318.05,1,-1,-1,-1
516,19,939.41,44.04,1056.52,318.05,1,-1,-1,-1
517,19,939.47,44.04,1056.47,318.04,1,-1,-1,-1
518,19,939.52,44.03,1056.43,318.04,1,-1,-1,-1
519,19,947.59,73.10,1068.19,354.38,1,-1,-1,-1
520,19,950.95,89.85,1071.59,370.57,1,-1,-1,-1
521,19,952.13,96.16,1072.92,376.63,1,-1,-1,-1
522,19,952.47,98.37,1073.44,378.73,1,-1,-1,-1
523,19,952.49,99.03,1073.64,379.32,1,-1,-1,-1
524,19,952.40,99.10,1073.72,379.35,1,-1,-1,-1
525,19,952.28,98.98,1073.76,379.19,1,-1,-1,-1
526,19,952.16,98.79,1073.78,378.98,1,-1,-1,-1
527,19,952.05,98.60,1073.79,378.76,1,-1,-1,-1
528,19,951.94,98.42,1073.80,378.56,1,-1,-1,-1
529,19,951.84,98.25,1073.81,378.38,1,-1,-1,-1
530,19,951.76,98.11,1073.82,378.22,1,-1,-1,-1
531,19,951.55,136.29,1073.30,415.07,1,-1,-1,-1
532,19,951.38,150.62,1073.16,428.89,1,-1,-1,-1
533,19,947.51,166.38,1068.28,441.15,1,-1,-1,-1
534,19,945.90,172.04,1066.57,445.49,1,-1,-1,-1
535,19,944.20,176.52,1067.04,454.14,1,-1,-1,-1
536,19,943.49,177.96,1067.32,457.15,1,-1,-1,-1
537,19,943.16,178.23,1067.52,458.01,1,-1,-1,-1
538,19,940.61,197.21,1061.47,467.32,1,-1,-1,-1
539,19,937.22,204.16,1060.94,479.27,1,-1,-1,-1
540,19,935.89,211.13,1060.88,488.74,1,-1,-1,-1
541,19,935.38,213.50,1060.94,492.06,1,-1,-1,-1
542,19,935.19,214.12,1061.02,493.04,1,-1,-1,-1
543,19,931.59,216.75,1063.98,509.65,1,-1,-1,-1
544,19,930.20,217.60,1065.17,515.71,1,-1,-1,-1
545,19,929.64,217.71,1065.70,517.77,1,-1,-1,-1
545,77,346.00,27.00,487.00,162.00,1,-1,-1,-1
546,19,929.79,232.57,1065.59,531.35,1,-1,-1,-1
546,77,342.17,50.66,478.62,181.08,1,-1,-1,-1
547,19,929.38,241.36,1066.71,542.19,1,-1,-1,-1
547,77,340.89,58.97,475.99,187.93,1,-1,-1,-1
548,19,928.59,247.78,1067.81,551.94,1,-1,-1,-1
548,77,342.35,72.87,472.75,197.07,1,-1,-1,-1
548,80,305.44,-71.89,486.62,91.89,1,-1,-1,-1
549,19,929.15,256.55,1067.39,558.66,1,-1,-1,-1
549,77,334.74,78.54,472.09,209.13,1,-1,-1,-1
549,80,297.95,-76.25,490.07,97.72,1,-1,-1,-1
550,19,928.26,258.35,1067.72,563.53,1,-1,-1,-1
550,77,332.75,87.10,469.33,216.45,1,-1,-1,-1
550,80,290.48,-74.84,487.90,104.56,1,-1,-1,-1
551,19,927.99,258.82,1067.78,565.12,1,-1,-1,-1
551,77,331.96,89.78,468.62,218.70,1,-1,-1,-1
551,80,288.31,-74.16,486.74,106.88,1,-1,-1,-1
552,19,923.05,267.32,1063.49,574.63,1,-1,-1,-1
552,77,324.69,98.54,466.02,231.40,1,-1,-1,-1
552,80,281.91,-64.96,482.66,119.09,1,-1,-1,-1
553,19,920.66,272.98,1063.04,584.56,1,-1,-1,-1
553,77,316.23,108.82,463.03,246.45,1,-1,-1,-1
553,80,283.79,-48.76,477.11,128.82,1,-1,-1,-1
554,19,916.81,283.44,1056.72,589.39,1,-1,-1,-1
554,77,311.03,115.70,463.44,258.42,1,-1,-1,-1
554,80,281.53,-35.79,468.81,136.29,1,-1,-1,-1
555,19,915.74,292.50,1053.93,594.21,1,-1,-1,-1
555,77,304.67,123.27,459.03,267.25,1,-1,-1,-1
555,80,281.50,-25.05,463.87,142.16,1,-1,-1,-1
556,19,913.25,300.97,1054.42,608.34,1,-1,-1,-1
556,77,300.13,128.47,458.99,276.17,1,-1,-1,-1
556,80,276.24,-17.91,459.44,150.13,1,-1,-1,-1
556,83,103.95,-101.22,242.48,49.24,1,-1,-1,-1
557,19,913.09,310.50,1053.90,616.68,1,-1,-1,-1
557,77,297.51,141.92,452.90,285.79,1,-1,-1,-1
557,80,276.44,-4.78,455.26,159.53,1,-1,-1,-1
557,83,90.82,-109.22,245.41,59.41,1,-1,-1,-1
558,19,909.94,321.12,1048.32,621.52,1,-1,-1,-1
558,77,295.62,150.74,451.05,294.35,1,-1,-1,-1
558,80,275.87,3.94,453.32,167.46,1,-1,-1,-1
558,83,89.18,-84.33,244.40,84.84,1,-1,-1,-1
558,84,909.29,-113.86,1015.93,56.60,1,-1,-1,-1
559,19,908.75,324.84,1046.31,623.01,1,-1,-1,-1
559,77,294.95,153.76,450.53,297.25,1,-1,-1,-1
559,80,275.94,6.89,452.56,170.11,1,-1,-1,-1
559,83,89.02,-74.45,244.01,94.30,1,-1,-1,-1
559,84,908.69,-114.98,1016.29,57.15,1,-1,-1,-1
560,19,908.31,325.96,1045.68,623.30,1,-1,-1,-1
560,77,294.74,154.59,450.51,298.00,1,-1,-1,-1
560,80,276.22,7.72,452.25,170.83,1,-1,-1,-1
560,83,89.18,-71.06,243.90,97.24,1,-1,-1,-1
560,84,908.58,-115.29,1016.33,57.27,1,-1,-1,-1
561,19,908.14,326.12,1045.55,623.16,1,-1,-1,-1
561,77,294.71,154.61,450.66,297.96,1,-1,-1,-1
561,80,276.56,7.78,452.10,170.84,1,-1,-1,-1
561,83,89.38,-70.07,243.91,97.86,1,-1,-1,-1
561,84,908.63,-115.34,1016.28,57.27,1,-1,-1,-1
562,19,902.23,339.20,1040.86,639.44,1,-1,-1,-1
562,77,284.98,172.83,442.15,317.46,1,-1,-1,-1
562,80,264.63,19.56,446.32,188.58,1,-1,-1,-1
562,83,73.55,-67.90,241.12,113.19,1,-1,-1,-1
562,84,904.91,-122.98,1021.40,63.51,1,-1,-1,-1
563,19,900.12,343.90,1039.08,645.35,1,-1,-1,-1
563,77,281.44,179.48,438.97,324.57,1,-1,-1,-1
563,80,260.34,23.80,444.14,195.03,1,-1,-1,-1
563,83,67.48,-67.17,240.42,118.69,1,-1,-1,-1
563,84,903.54,-125.66,1023.27,65.70,1,-1,-1,-1
564,19,895.39,351.38,1033.24,649.98,1,-1,-1,-1
564,77,277.49,196.86,431.38,338.15,1,-1,-1,-1
564,80,254.17,34.38,438.86,207.09,1,-1,-1,-1
564,83,67.82,-48.20,228.52,121.76,1,-1,-1,-1
564,84,902.43,-127.78,1024.56,67.39,1,-1,-1,-1
565,19,890.48,361.90,1025.01,652.78,1,-1,-1,-1
565,77,272.47,200.47,431.62,346.28,1,-1,-1,-1
565,80,253.85,44.11,434.37,213.42,1,-1,-1,-1
565,83,67.19,-36.80,224.26,126.40,1,-1,-1,-1
565,84,907.96,-126.86,1030.00,68.24,1,-1,-1,-1
566,19,888.67,365.58,1022.07,653.55,1,-1,-1,-1
566,77,270.59,201.62,431.87,349.08,1,-1,-1,-1
566,80,254.03,47.56,432.64,215.51,1,-1,-1,-1
566,83,66.33,-32.90,223.58,127.80,1,-1,-1,-1
566,84,909.14,-126.84,1031.37,68.59,1,-1,-1,-1
567,19,887.66,366.02,1021.51,654.30,1,-1,-1,-1
567,77,266.00,210.92,427.58,358.99,1,-1,-1,-1
567,80,248.10,51.93,429.60,222.66,1,-1,-1,-1
567,83,62.76,-24.99,218.06,131.41,1,-1,-1,-1
567,84,914.82,-124.82,1035.17,67.36,1,-1,-1,-1
567,86,1468.03,-40.22,1605.88,160.22,1,-1,-1,-1
568,19,882.65,365.96,1016.83,654.39,1,-1,-1,-1
568,77,264.12,219.45,425.64,367.06,1,-1,-1,-1
568,80,245.84,57.97,428.03,229.08,1,-1,-1,-1
568,83,62.35,-20.29,215.35,130.42,1,-1,-1,-1
568,84,915.95,-126.64,1037.56,67.50,1,-1,-1,-1
568,86,1469.71,-39.98,1607.63,160.74,1,-1,-1,-1
569,19,877.14,367.05,1010.27,652.91,1,-1,-1,-1
569,77,265.49,228.99,422.40,371.79,1,-1,-1,-1
569,80,242.78,58.72,429.21,233.24,1,-1,-1,-1
569,83,63.89,-15.46,212.93,127.72,1,-1,-1,-1
569,84,916.35,-127.95,1039.05,67.52,1,-1,-1,-1
569,86,1470.07,-40.65,1608.84,161.66,1,-1,-1,-1
570,19,875.11,367.91,1007.31,651.51,1,-1,-1,-1
570,77,257.69,228.91,421.09,377.20,1,-1,-1,-1
570,80,236.24,62.08,427.36,240.49,1,-1,-1,-1
570,83,56.56,-12.63,211.31,133.33,1,-1,-1,-1
570,84,921.45,-127.08,1043.12,66.83,1,-1,-1,-1
570,86,1469.34,-41.61,1609.18,162.69,1,-1,-1,-1
571,19,874.57,368.05,1006.23,650.19,1,-1,-1,-1
571,77,254.63,229.42,419.63,378.38,1,-1,-1,-1
571,80,232.05,62.53,427.88,245.00,1,-1,-1,-1
571,83,52.71,-11.76,212.11,135.89,1,-1,-1,-1
571,84,924.19,-124.72,1043.77,65.86,1,-1,-1,-1
571,86,1468.63,-37.76,1609.61,168.60,1,-1,-1,-1
572,19,873.48,361.95,1006.28,646.92,1,-1,-1,-1
572,77,253.94,233.91,419.48,383.11,1,-1,-1,-1
572,80,224.01,60.58,426.26,249.12,1,-1,-1,-1
572,83,50.93,-6.32,212.30,140.00,1,-1,-1,-1
572,84,925.10,-125.11,1044.67,65.47,1,-1,-1,-1
572,86,1467.99,-37.06,1610.03,171.39,1,-1,-1,-1
573,19,873.34,359.57,1006.22,644.96,1,-1,-1,-1
573,77,254.48,236.69,418.19,383.99,1,-1,-1,-1
573,80,224.37,66.15,423.00,251.16,1,-1,-1,-1
573,83,48.66,-4.49,213.54,142.03,1,-1,-1,-1
573,84,924.06,-127.88,1046.27,67.29,1,-1,-1,-1
573,86,1467.16,-38.18,1610.70,173.03,1,-1,-1,-1
574,19,868.92,357.90,1002.14,644.15,1,-1,-1,-1
574,77,250.57,240.80,414.75,389.34,1,-1,-1,-1
574,80,222.25,66.17,424.27,254.94,1,-1,-1,-1
574,83,47.51,-3.32,215.15,142.63,1,-1,-1,-1
574,84,925.05,-128.71,1048.14,67.87,1,-1,-1,-1
574,86,1466.68,-38.61,1611.06,174.24,1,-1,-1,-1
575,19,866.43,351.25,1001.61,642.47,1,-1,-1,-1
575,77,249.03,242.16,413.70,391.80,1,-1,-1,-1
575,80,224.81,73.23,420.89,256.87,1,-1,-1,-1
575,83,41.24,-3.07,211.76,143.37,1,-1,-1,-1
575,86,1462.78,-42.12,1605.52,168.63,1,-1,-1,-1
576,19,865.41,347.39,1001.65,641.80,1,-1,-1,-1
576,77,248.27,242.48,413.00,392.52,1,-1,-1,-1
576,80,226.49,76.45,419.15,257.34,1,-1,-1,-1
576,83,32.85,-3.78,216.02,152.15,1,-1,-1,-1
576,86,1462.35,-42.38,1605.73,169.31,1,-1,-1,-1
577,19,864.45,344.58,1001.75,642.17,1,-1,-1,-1
577,77,249.74,248.33,410.50,395.22,1,-1,-1,-1
577,80,226.67,77.50,418.46,258.00,1,-1,-1,-1
577,83,29.98,-3.46,217.44,154.69,1,-1,-1,-1
577,86,1461.22,-42.92,1602.04,165.28,1,-1,-1,-1
578,19,863.41,337.60,1002.63,640.32,1,-1,-1,-1
578,77,250.04,250.35,410.01,396.68,1,-1,-1,-1
578,80,226.92,77.76,418.82,258.74,1,-1,-1,-1
578,83,29.79,1.75,217.26,158.77,1,-1,-1,-1
578,86,1461.29,-47.85,1601.55,159.66,1,-1,-1,-1
579,19,863.48,334.31,1003.27,638.94,1,-1,-1,-1
579,77,250.29,251.60,409.17,397.06,1,-1,-1,-1
579,80,226.52,77.72,418.92,259.54,1,-1,-1,-1
579,83,29.96,4.29,217.12,159.53,1,-1,-1,-1
579,86,1461.15,-50.23,1601.56,157.70,1,-1,-1,-1
