3,2,550.73,346.15,716.54,744.03,1,-1,-1,-1
4,2,554.41,341.71,722.23,744.40,1,-1,-1,-1
4,1,599.07,360.09,776.82,733.80,1,-1,-1,-1
5,1,452.51,340.21,646.59,750.16,1,-1,-1,-1
6,1,423.22,338.74,622.07,760.76,1,-1,-1,-1
6,12,1600.27,411.65,1747.98,727.10,1,-1,-1,-1
7,1,438.02,344.23,633.55,761.17,1,-1,-1,-1
7,12,1601.07,416.34,1746.96,728.17,1,-1,-1,-1
7,13,1017.04,460.18,1109.56,678.93,1,-1,-1,-1
8,1,457.61,348.83,649.50,760.29,1,-1,-1,-1
8,12,1603.55,411.99,1754.02,734.33,1,-1,-1,-1
8,13,1016.40,462.01,1109.35,681.70,1,-1,-1,-1
9,2,570.54,364.65,731.12,748.92,1,-1,-1,-1
9,1,1172.58,391.37,1338.38,747.37,1,-1,-1,-1
9,12,1604.10,411.73,1755.96,737.05,1,-1,-1,-1
9,13,1019.67,460.28,1114.73,684.70,1,-1,-1,-1
10,2,573.95,366.09,734.23,749.64,1,-1,-1,-1
10,1,747.53,379.36,919.88,750.87,1,-1,-1,-1
10,12,1613.91,422.62,1759.73,735.01,1,-1,-1,-1
10,13,1025.82,463.16,1121.45,689.15,1,-1,-1,-1
11,1,607.55,368.69,785.29,752.08,1,-1,-1,-1
11,12,1620.38,424.12,1766.24,736.25,1,-1,-1,-1
11,13,1032.49,464.14,1129.00,692.00,1,-1,-1,-1
12,1,519.56,359.15,704.64,758.39,1,-1,-1,-1
12,12,1634.09,432.81,1775.91,735.94,1,-1,-1,-1
12,13,1035.79,465.12,1132.71,693.58,1,-1,-1,-1
13,1,557.49,364.49,740.15,760.33,1,-1,-1,-1
13,12,1641.32,430.40,1786.50,740.54,1,-1,-1,-1
13,13,1044.93,463.39,1143.49,696.07,1,-1,-1,-1
14,1,560.19,365.66,741.83,760.65,1,-1,-1,-1
14,12,1649.92,422.76,1802.78,750.19,1,-1,-1,-1
14,13,1049.21,466.05,1148.33,700.23,1,-1,-1,-1
15,1,571.90,366.88,751.92,760.01,1,-1,-1,-1
15,12,1653.83,422.50,1807.84,752.40,1,-1,-1,-1
15,13,1054.78,465.69,1155.17,703.02,1,-1,-1,-1
16,1,583.67,366.28,762.96,760.23,1,-1,-1,-1
16,12,1660.47,423.03,1813.98,751.80,1,-1,-1,-1
16,13,1061.54,467.50,1160.71,701.98,1,-1,-1,-1
17,1,594.94,361.03,774.23,756.86,1,-1,-1,-1
17,12,1671.34,425.85,1825.36,756.08,1,-1,-1,-1
17,13,1064.84,466.16,1163.01,698.12,1,-1,-1,-1
18,1,609.16,352.66,789.15,754.11,1,-1,-1,-1
18,12,1675.59,426.23,1830.37,758.26,1,-1,-1,-1
18,13,1071.65,468.95,1166.57,693.24,1,-1,-1,-1
19,1,574.16,347.10,757.76,756.61,1,-1,-1,-1
19,12,1677.01,427.66,1831.30,758.32,1,-1,-1,-1
19,13,1073.01,467.94,1167.34,690.66,1,-1,-1,-1
20,1,620.38,352.64,792.18,739.06,1,-1,-1,-1
20,12,1682.40,428.51,1837.39,760.66,1,-1,-1,-1
20,13,1073.20,462.87,1167.62,685.68,1,-1,-1,-1
21,1,632.96,350.81,802.91,735.72,1,-1,-1,-1
21,12,1688.13,421.30,1844.49,756.77,1,-1,-1,-1
21,13,1074.23,461.62,1167.80,682.48,1,-1,-1,-1
22,1,638.83,352.20,806.58,732.59,1,-1,-1,-1
22,12,1699.18,418.41,1855.66,756.13,1,-1,-1,-1
22,13,1077.47,457.82,1173.38,683.96,1,-1,-1,-1
23,1,654.54,350.89,822.65,734.07,1,-1,-1,-1
23,12,1709.88,425.94,1862.59,755.87,1,-1,-1,-1
23,13,1083.94,457.08,1180.52,684.53,1,-1,-1,-1
24,1,664.19,361.73,826.10,731.34,1,-1,-1,-1
24,12,1717.78,428.15,1870.13,757.04,1,-1,-1,-1
24,13,1087.65,456.47,1184.38,684.28,1,-1,-1,-1
25,1,670.22,369.42,828.01,728.96,1,-1,-1,-1
25,12,1724.42,428.87,1877.01,758.28,1,-1,-1,-1
25,13,1091.10,457.53,1188.82,687.12,1,-1,-1,-1
26,1,660.08,368.90,817.81,728.29,1,-1,-1,-1
26,12,1733.98,433.03,1882.57,754.43,1,-1,-1,-1
26,13,1091.84,455.68,1191.28,689.09,1,-1,-1,-1
26,21,1034.01,386.01,1186.56,742.46,1,-1,-1,-1
27,12,1737.38,435.40,1883.82,752.31,1,-1,-1,-1
27,13,1093.13,458.32,1192.36,691.76,1,-1,-1,-1
27,21,757.86,364.44,919.42,741.14,1,-1,-1,-1
28,12,1740.20,438.88,1883.05,748.88,1,-1,-1,-1
28,13,1093.36,461.32,1191.43,692.10,1,-1,-1,-1
28,21,651.44,355.86,816.78,740.49,1,-1,-1,-1
29,12,1742.07,441.46,1881.44,744.92,1,-1,-1,-1
29,13,1089.20,462.47,1186.46,691.55,1,-1,-1,-1
29,21,615.52,352.41,780.23,734.52,1,-1,-1,-1
30,1,669.39,356.89,834.04,731.47,1,-1,-1,-1
30,12,1741.48,439.67,1881.65,746.15,1,-1,-1,-1
30,13,1086.96,459.58,1184.39,688.67,1,-1,-1,-1
30,21,487.38,336.30,660.43,737.77,1,-1,-1,-1
31,1,674.54,351.73,842.35,733.84,1,-1,-1,-1
31,12,1746.26,440.87,1885.74,745.84,1,-1,-1,-1
31,13,1091.42,459.82,1187.42,685.60,1,-1,-1,-1
32,1,720.76,369.64,865.67,706.45,1,-1,-1,-1
32,13,1091.60,452.60,1189.26,682.44,1,-1,-1,-1
32,21,613.02,338.24,782.66,731.52,1,-1,-1,-1
33,1,721.53,369.84,865.18,703.74,1,-1,-1,-1
33,13,1092.66,451.24,1188.85,677.99,1,-1,-1,-1
33,21,644.68,335.07,812.62,724.74,1,-1,-1,-1
34,1,708.44,352.38,865.74,718.64,1,-1,-1,-1
34,13,1094.29,450.31,1190.44,676.94,1,-1,-1,-1
34,21,908.48,402.38,1032.55,690.62,1,-1,-1,-1
35,1,707.59,350.54,865.39,717.96,1,-1,-1,-1
35,13,1082.35,446.74,1177.50,671.29,1,-1,-1,-1
35,21,740.06,353.23,898.43,722.07,1,-1,-1,-1
36,1,700.69,351.26,858.83,720.17,1,-1,-1,-1
36,12,1743.89,421.71,1876.88,713.12,1,-1,-1,-1
36,13,1074.70,445.17,1169.70,669.92,1,-1,-1,-1
36,21,688.46,344.24,851.53,724.02,1,-1,-1,-1
37,1,693.99,354.61,853.60,725.99,1,-1,-1,-1
37,12,1734.84,412.49,1875.35,718.42,1,-1,-1,-1
37,13,1071.74,444.63,1167.24,670.79,1,-1,-1,-1
38,1,696.21,356.48,855.74,727.41,1,-1,-1,-1
38,12,1738.44,414.79,1877.03,714.76,1,-1,-1,-1
38,13,1072.69,451.74,1164.99,670.50,1,-1,-1,-1
39,1,703.54,366.45,858.74,726.62,1,-1,-1,-1
39,12,1741.57,420.43,1875.15,707.48,1,-1,-1,-1
39,13,1072.83,453.84,1165.12,672.47,1,-1,-1,-1
40,1,701.78,368.28,857.23,728.29,1,-1,-1,-1
40,12,1742.73,421.95,1875.00,704.18,1,-1,-1,-1
40,13,1071.78,451.96,1165.66,674.55,1,-1,-1,-1
41,1,701.08,368.84,856.46,728.72,1,-1,-1,-1
41,12,1740.69,413.12,1878.00,705.11,1,-1,-1,-1
41,13,1071.32,450.60,1165.98,675.35,1,-1,-1,-1
41,21,679.43,366.65,834.58,726.67,1,-1,-1,-1
42,12,1742.03,411.70,1878.83,702.62,1,-1,-1,-1
42,13,1071.48,445.48,1167.80,673.69,1,-1,-1,-1
42,21,692.22,366.02,846.47,723.64,1,-1,-1,-1
43,12,1749.66,394.44,1891.31,697.69,1,-1,-1,-1
43,13,1075.12,439.62,1171.52,667.83,1,-1,-1,-1
43,21,698.00,361.00,855.35,725.51,1,-1,-1,-1
44,12,1751.63,391.29,1893.48,694.93,1,-1,-1,-1
44,13,1078.01,433.46,1173.46,659.68,1,-1,-1,-1
44,21,703.60,350.68,864.78,723.54,1,-1,-1,-1
45,13,1083.54,427.88,1179.68,656.63,1,-1,-1,-1
45,21,712.83,346.86,872.61,715.54,1,-1,-1,-1
46,13,1088.68,421.25,1186.15,654.23,1,-1,-1,-1
46,21,716.82,338.97,877.66,709.10,1,-1,-1,-1
47,13,1091.66,417.51,1189.47,652.08,1,-1,-1,-1
47,21,721.54,328.23,885.94,706.69,1,-1,-1,-1
48,13,1097.12,417.50,1194.18,650.68,1,-1,-1,-1
48,21,727.88,322.35,894.43,705.16,1,-1,-1,-1
49,1,745.35,321.00,907.55,697.33,1,-1,-1,-1
49,13,1098.58,413.65,1195.82,647.59,1,-1,-1,-1
49,21,718.71,317.08,887.02,703.91,1,-1,-1,-1
50,1,748.95,317.88,908.16,686.20,1,-1,-1,-1
50,13,1100.86,414.27,1195.23,641.23,1,-1,-1,-1
51,1,750.53,310.19,907.31,673.09,1,-1,-1,-1
51,13,1094.95,405.97,1191.60,638.90,1,-1,-1,-1
52,1,749.04,296.16,908.84,668.34,1,-1,-1,-1
52,13,1088.26,397.08,1186.20,633.51,1,-1,-1,-1
53,1,746.11,294.36,903.79,662.10,1,-1,-1,-1
53,13,1075.86,389.87,1174.90,628.27,1,-1,-1,-1
54,1,748.25,288.60,905.61,657.91,1,-1,-1,-1
54,13,1067.00,387.91,1165.51,625.07,1,-1,-1,-1
55,1,739.93,286.60,897.46,656.49,1,-1,-1,-1
55,12,1725.54,369.68,1865.89,672.80,1,-1,-1,-1
55,13,1059.35,387.33,1157.70,623.31,1,-1,-1,-1
56,1,733.03,290.64,890.09,658.76,1,-1,-1,-1
56,12,1723.75,368.51,1864.59,675.05,1,-1,-1,-1
56,13,1050.94,383.95,1151.84,626.06,1,-1,-1,-1
57,1,729.45,291.68,887.55,662.42,1,-1,-1,-1
57,12,1719.29,368.09,1859.42,675.07,1,-1,-1,-1
57,13,1047.96,382.78,1149.61,627.17,1,-1,-1,-1
58,1,729.21,298.78,885.51,663.91,1,-1,-1,-1
58,12,1717.23,366.69,1857.96,676.46,1,-1,-1,-1
58,13,1046.74,382.47,1148.42,627.03,1,-1,-1,-1
59,1,730.14,304.94,883.74,663.26,1,-1,-1,-1
59,12,1722.60,369.53,1859.94,673.09,1,-1,-1,-1
59,13,1045.52,381.16,1148.94,629.69,1,-1,-1,-1
60,1,734.32,306.65,887.30,663.77,1,-1,-1,-1
60,12,1719.94,370.71,1856.23,672.53,1,-1,-1,-1
60,13,1044.47,380.76,1148.59,630.74,1,-1,-1,-1
61,1,731.20,307.32,884.69,665.35,1,-1,-1,-1
61,12,1719.29,371.86,1854.59,672.38,1,-1,-1,-1
61,13,1040.27,382.67,1143.29,629.23,1,-1,-1,-1
62,1,728.42,302.29,885.33,669.32,1,-1,-1,-1
62,12,1714.56,372.34,1849.27,671.71,1,-1,-1,-1
62,13,1033.41,382.20,1136.80,630.02,1,-1,-1,-1
63,1,922.16,354.22,1046.32,645.26,1,-1,-1,-1
63,12,1712.99,371.65,1847.48,670.52,1,-1,-1,-1
63,13,1030.19,380.32,1133.98,629.11,1,-1,-1,-1
64,1,1003.15,382.94,1111.16,636.19,1,-1,-1,-1
64,21,726.85,313.67,880.74,669.28,1,-1,-1,-1
65,1,1026.06,390.99,1131.53,637.86,1,-1,-1,-1
65,21,730.70,318.89,881.04,667.04,1,-1,-1,-1
65,28,1875.14,356.86,2024.57,696.23,1,-1,-1,-1
66,1,1036.79,397.60,1141.90,643.37,1,-1,-1,-1
66,21,737.03,325.01,885.27,669.08,1,-1,-1,-1
66,28,1880.01,366.28,2028.04,702.71,1,-1,-1,-1
67,1,1061.93,405.39,1162.99,641.69,1,-1,-1,-1
67,21,938.31,382.33,1055.92,655.60,1,-1,-1,-1
67,28,1879.66,367.87,2033.21,717.73,1,-1,-1,-1
68,2,750.65,324.05,904.36,693.04,1,-1,-1,-1
68,21,1014.80,407.49,1123.12,658.79,1,-1,-1,-1
68,28,1880.84,371.22,2036.59,726.13,1,-1,-1,-1
69,2,753.69,332.55,903.85,691.23,1,-1,-1,-1
69,21,1033.30,422.71,1136.12,660.54,1,-1,-1,-1
69,28,1880.32,387.23,2039.22,750.50,1,-1,-1,-1
70,2,752.28,325.32,905.88,693.40,1,-1,-1,-1
70,21,1035.31,425.65,1138.33,664.08,1,-1,-1,-1
70,28,1879.25,404.73,2034.95,761.25,1,-1,-1,-1
71,2,750.90,322.03,906.59,693.55,1,-1,-1,-1
71,1,1024.57,422.74,1128.26,664.42,1,-1,-1,-1
71,21,1063.61,436.26,1161.83,663.59,1,-1,-1,-1
71,28,1878.26,420.93,2028.47,764.65,1,-1,-1,-1
72,2,746.13,323.56,900.74,690.27,1,-1,-1,-1
72,1,1017.53,423.65,1121.65,665.37,1,-1,-1,-1
72,28,1878.55,429.74,2029.31,774.71,1,-1,-1,-1
73,2,746.89,322.53,901.50,689.24,1,-1,-1,-1
73,1,836.17,355.07,975.26,676.99,1,-1,-1,-1
74,2,747.79,308.35,906.98,683.26,1,-1,-1,-1
74,1,822.27,352.25,963.77,679.73,1,-1,-1,-1
74,13,1018.61,408.74,1120.34,649.23,1,-1,-1,-1
75,2,748.64,305.59,908.29,681.58,1,-1,-1,-1
75,1,768.29,311.84,926.84,678.47,1,-1,-1,-1
75,13,1016.98,410.05,1118.60,650.27,1,-1,-1,-1
76,1,761.30,301.66,923.75,676.56,1,-1,-1,-1
76,13,1038.27,399.00,1145.30,650.26,1,-1,-1,-1
77,1,754.69,297.14,919.08,675.09,1,-1,-1,-1
77,13,1041.64,393.66,1151.55,651.73,1,-1,-1,-1
78,1,745.84,286.63,915.50,675.71,1,-1,-1,-1
78,13,1037.12,387.14,1149.04,648.98,1,-1,-1,-1
79,1,733.08,281.41,906.30,678.45,1,-1,-1,-1
79,13,1025.84,384.67,1138.55,647.89,1,-1,-1,-1
80,1,718.25,275.26,894.97,680.31,1,-1,-1,-1
80,13,1017.98,384.42,1130.11,646.79,1,-1,-1,-1
80,21,1125.44,399.97,1230.05,644.11,1,-1,-1,-1
81,2,889.48,313.65,1048.76,683.35,1,-1,-1,-1
81,1,1536.25,347.31,1728.54,779.89,1,-1,-1,-1
81,13,1015.64,389.65,1126.27,647.67,1,-1,-1,-1
81,21,1137.68,399.64,1241.69,642.37,1,-1,-1,-1
81,28,1869.15,355.35,2056.63,777.49,1,-1,-1,-1
82,2,901.93,312.97,1061.21,682.67,1,-1,-1,-1
82,1,1719.19,361.99,1921.78,805.99,1,-1,-1,-1
82,13,1018.75,390.37,1129.54,648.66,1,-1,-1,-1
82,28,1868.63,352.65,2058.86,780.98,1,-1,-1,-1
83,1,1296.18,384.82,1442.49,706.61,1,-1,-1,-1
83,13,1017.65,389.97,1128.77,649.04,1,-1,-1,-1
84,1,1645.71,369.01,1840.59,790.63,1,-1,-1,-1
84,13,1020.53,393.80,1129.82,647.54,1,-1,-1,-1
84,32,755.58,317.07,914.19,669.70,1,-1,-1,-1
85,1,1283.68,385.19,1432.48,708.93,1,-1,-1,-1
85,12,1525.25,375.89,1723.09,795.15,1,-1,-1,-1
85,13,1019.87,393.85,1129.22,647.73,1,-1,-1,-1
85,32,765.32,330.90,915.49,664.42,1,-1,-1,-1
86,1,1087.98,389.32,1215.79,668.87,1,-1,-1,-1
86,12,1506.04,372.38,1711.01,792.99,1,-1,-1,-1
86,32,761.10,325.77,913.17,663.59,1,-1,-1,-1
87,1,854.05,343.86,999.42,663.08,1,-1,-1,-1
87,12,1486.33,361.29,1699.05,793.57,1,-1,-1,-1
87,13,1006.99,389.73,1120.36,652.27,1,-1,-1,-1
87,32,762.72,329.20,912.45,661.83,1,-1,-1,-1
88,1,931.98,372.83,1059.99,654.03,1,-1,-1,-1
88,12,1467.96,367.80,1679.31,791.10,1,-1,-1,-1
88,13,1005.18,389.36,1118.98,652.88,1,-1,-1,-1
88,28,1697.04,334.18,1919.97,822.40,1,-1,-1,-1
89,1,1291.94,370.12,1466.96,748.31,1,-1,-1,-1
89,12,1457.73,367.50,1671.32,795.26,1,-1,-1,-1
89,13,1004.21,389.00,1119.14,656.24,1,-1,-1,-1
89,28,1680.55,347.13,1901.99,818.44,1,-1,-1,-1
89,32,759.38,326.06,910.39,661.64,1,-1,-1,-1
90,1,1129.26,384.32,1273.92,700.40,1,-1,-1,-1
90,13,1002.46,388.62,1117.93,657.12,1,-1,-1,-1
90,28,1662.28,356.41,1879.95,812.99,1,-1,-1,-1
90,32,759.87,327.79,909.56,660.45,1,-1,-1,-1
91,1,1494.85,382.36,1675.06,771.73,1,-1,-1,-1
91,12,1433.99,386.05,1634.08,785.70,1,-1,-1,-1
91,28,1649.31,355.87,1868.82,816.31,1,-1,-1,-1
91,32,757.40,321.74,912.44,666.40,1,-1,-1,-1
92,1,1608.65,372.00,1807.78,797.93,1,-1,-1,-1
92,12,1430.59,390.59,1627.08,782.54,1,-1,-1,-1
92,13,1022.35,396.42,1135.59,661.51,1,-1,-1,-1
92,32,768.27,324.85,920.71,664.02,1,-1,-1,-1
93,2,943.43,327.51,1099.86,688.70,1,-1,-1,-1
93,1,1653.52,364.43,1863.81,810.42,1,-1,-1,-1
93,12,1420.83,392.23,1617.54,784.62,1,-1,-1,-1
93,13,1022.78,396.85,1136.32,662.64,1,-1,-1,-1
93,32,769.75,325.80,921.55,663.55,1,-1,-1,-1
94,2,951.68,324.59,1111.85,692.47,1,-1,-1,-1
94,1,1709.87,363.50,1926.79,823.55,1,-1,-1,-1
94,21,1650.44,360.68,1851.62,807.32,1,-1,-1,-1
95,2,958.13,325.00,1118.36,693.02,1,-1,-1,-1
95,12,1417.84,394.23,1611.78,780.49,1,-1,-1,-1
95,21,1660.35,354.79,1875.03,816.92,1,-1,-1,-1
96,2,966.03,323.53,1128.53,693.13,1,-1,-1,-1
96,12,1409.78,395.74,1603.58,781.73,1,-1,-1,-1
96,21,1654.00,355.75,1872.84,817.02,1,-1,-1,-1
97,2,965.26,312.42,1133.97,694.56,1,-1,-1,-1
97,21,1641.47,344.98,1869.77,820.39,1,-1,-1,-1
98,2,971.16,311.36,1140.60,695.17,1,-1,-1,-1
98,12,1397.15,386.14,1593.22,774.63,1,-1,-1,-1
98,21,1628.79,337.66,1865.06,823.42,1,-1,-1,-1
99,12,1390.56,382.02,1586.51,768.13,1,-1,-1,-1
99,21,1623.05,335.46,1863.34,824.38,1,-1,-1,-1
99,32,837.97,312.94,995.55,662.89,1,-1,-1,-1
100,12,1390.94,385.26,1582.37,761.90,1,-1,-1,-1
100,21,1140.54,325.15,1336.00,725.83,1,-1,-1,-1
100,32,844.62,312.28,1002.37,662.61,1,-1,-1,-1
101,12,1384.34,385.41,1575.14,760.80,1,-1,-1,-1
101,21,945.09,314.26,1123.08,681.72,1,-1,-1,-1
101,28,1601.76,340.33,1827.35,804.45,1,-1,-1,-1
102,21,1383.74,334.66,1590.63,757.34,1,-1,-1,-1
102,28,1594.44,339.11,1820.77,804.75,1,-1,-1,-1
103,2,1027.93,307.86,1192.47,679.47,1,-1,-1,-1
103,21,1525.86,340.69,1739.74,775.52,1,-1,-1,-1
103,32,892.95,317.12,1040.16,645.14,1,-1,-1,-1
104,2,1038.12,311.20,1198.82,673.23,1,-1,-1,-1
104,13,1217.11,397.11,1323.89,648.65,1,-1,-1,-1
104,21,1572.67,335.54,1792.93,781.44,1,-1,-1,-1
104,32,902.15,317.08,1048.57,643.35,1,-1,-1,-1
105,2,1042.72,314.95,1200.30,669.21,1,-1,-1,-1
105,13,1222.98,393.51,1332.35,650.87,1,-1,-1,-1
105,21,1576.57,336.76,1796.83,780.92,1,-1,-1,-1
106,2,1045.09,312.97,1200.90,663.78,1,-1,-1,-1
106,13,1225.43,391.76,1335.77,650.85,1,-1,-1,-1
106,21,1571.25,336.64,1791.79,781.08,1,-1,-1,-1
107,2,1051.26,317.60,1204.64,663.86,1,-1,-1,-1
107,13,1231.44,393.11,1340.34,648.87,1,-1,-1,-1
107,21,1560.50,339.23,1778.26,778.96,1,-1,-1,-1
108,2,1061.57,319.33,1214.87,665.32,1,-1,-1,-1
108,13,1237.84,394.30,1345.60,647.46,1,-1,-1,-1
108,21,1546.42,341.57,1761.28,775.96,1,-1,-1,-1
109,2,1069.12,319.86,1221.50,663.79,1,-1,-1,-1
109,13,1247.71,394.27,1355.23,646.88,1,-1,-1,-1
109,21,1235.55,326.65,1420.99,706.04,1,-1,-1,-1
109,35,1245.84,382.76,1371.34,645.15,1,-1,-1,-1
110,21,1116.21,319.42,1290.94,680.42,1,-1,-1,-1
110,28,1516.46,356.94,1720.12,771.37,1,-1,-1,-1
110,35,1234.92,390.43,1356.64,650.24,1,-1,-1,-1
111,21,1084.41,318.38,1258.00,679.38,1,-1,-1,-1
111,28,1503.52,364.51,1705.62,772.65,1,-1,-1,-1
111,35,1237.11,395.44,1352.72,646.49,1,-1,-1,-1
112,21,1088.00,321.46,1261.46,684.60,1,-1,-1,-1
112,28,1494.44,356.50,1706.22,783.83,1,-1,-1,-1
112,35,1252.11,403.97,1364.58,650.40,1,-1,-1,-1
113,2,971.63,334.88,1118.79,663.49,1,-1,-1,-1
113,21,1099.77,326.69,1273.17,692.10,1,-1,-1,-1
113,28,1492.57,364.20,1705.37,795.73,1,-1,-1,-1
113,35,1264.28,411.75,1374.91,656.38,1,-1,-1,-1
114,2,967.12,321.47,1124.12,670.56,1,-1,-1,-1
114,21,1355.79,344.05,1560.51,775.18,1,-1,-1,-1
114,28,1484.37,365.46,1697.18,797.01,1,-1,-1,-1
114,35,1281.62,414.79,1395.30,666.37,1,-1,-1,-1
115,2,967.78,326.43,1124.07,671.47,1,-1,-1,-1
115,21,1222.63,329.66,1415.03,737.46,1,-1,-1,-1
115,28,1489.35,363.80,1707.04,806.68,1,-1,-1,-1
115,35,1293.08,415.64,1407.86,670.42,1,-1,-1,-1
116,2,963.89,327.06,1119.91,671.48,1,-1,-1,-1
116,21,1165.91,320.61,1349.55,712.39,1,-1,-1,-1
116,28,1487.62,363.57,1700.94,798.23,1,-1,-1,-1
116,35,1301.57,409.55,1417.38,667.63,1,-1,-1,-1
117,21,1153.36,311.21,1334.30,700.20,1,-1,-1,-1
117,28,1474.14,347.44,1693.96,793.75,1,-1,-1,-1
117,35,1313.31,400.40,1430.79,663.10,1,-1,-1,-1
118,21,1153.21,311.78,1324.57,682.47,1,-1,-1,-1
118,28,1458.00,319.23,1693.04,794.06,1,-1,-1,-1
118,35,1317.71,380.20,1443.97,662.69,1,-1,-1,-1
119,21,1154.26,308.72,1320.44,670.41,1,-1,-1,-1
119,28,1444.91,308.61,1681.95,785.16,1,-1,-1,-1
119,35,1319.63,371.44,1448.95,660.58,1,-1,-1,-1
120,21,1155.46,302.28,1319.23,661.42,1,-1,-1,-1
120,28,1425.10,292.85,1666.09,775.74,1,-1,-1,-1
120,35,1320.78,364.83,1450.54,655.79,1,-1,-1,-1
121,21,1154.93,297.31,1320.13,661.62,1,-1,-1,-1
121,28,1410.76,296.76,1647.74,771.50,1,-1,-1,-1
121,35,1320.65,366.33,1449.87,657.19,1,-1,-1,-1
121,41,1825.61,579.74,1939.17,829.50,1,-1,-1,-1
122,21,1150.48,295.55,1315.74,661.84,1,-1,-1,-1
122,28,1394.39,304.47,1624.56,763.99,1,-1,-1,-1
122,35,1325.10,363.32,1455.67,657.22,1,-1,-1,-1
122,41,1805.49,581.66,1918.55,830.92,1,-1,-1,-1
123,21,1139.14,293.00,1305.53,664.07,1,-1,-1,-1
123,28,1376.59,316.94,1599.56,760.56,1,-1,-1,-1
123,41,1782.36,578.30,1898.18,834.43,1,-1,-1,-1
124,21,1126.06,292.14,1292.35,665.03,1,-1,-1,-1
124,28,1349.98,315.70,1572.90,758.04,1,-1,-1,-1
124,41,1755.09,571.37,1872.31,831.34,1,-1,-1,-1
125,21,1111.51,295.21,1278.19,669.47,1,-1,-1,-1
125,28,1322.62,317.96,1543.59,753.87,1,-1,-1,-1
125,41,1728.11,567.48,1843.02,822.57,1,-1,-1,-1
126,21,1091.39,290.52,1259.54,669.25,1,-1,-1,-1
126,28,1307.96,316.65,1528.26,751.22,1,-1,-1,-1
126,35,1297.46,323.88,1486.51,740.29,1,-1,-1,-1
126,41,1708.65,566.30,1823.11,820.41,1,-1,-1,-1
127,21,1073.74,285.52,1244.65,670.54,1,-1,-1,-1
127,35,1275.85,317.58,1473.78,743.58,1,-1,-1,-1
127,41,1677.08,556.89,1788.95,805.84,1,-1,-1,-1
128,21,1057.65,278.46,1230.64,669.12,1,-1,-1,-1
128,35,1249.04,313.92,1449.68,737.68,1,-1,-1,-1
128,41,1649.35,553.43,1760.92,802.63,1,-1,-1,-1
129,21,1051.47,265.39,1235.13,678.43,1,-1,-1,-1
129,35,1223.07,311.39,1427.52,735.65,1,-1,-1,-1
129,41,1625.60,546.88,1738.06,798.90,1,-1,-1,-1
130,21,1038.50,258.58,1229.22,685.18,1,-1,-1,-1
130,35,1192.80,303.53,1403.14,732.75,1,-1,-1,-1
130,41,1598.98,544.58,1711.06,797.00,1,-1,-1,-1
131,21,1022.66,260.57,1211.24,682.69,1,-1,-1,-1
131,35,1164.91,309.59,1373.38,730.82,1,-1,-1,-1
131,41,1578.63,537.17,1692.56,793.79,1,-1,-1,-1
132,2,846.40,276.68,1023.56,668.04,1,-1,-1,-1
132,21,959.43,268.74,1156.72,711.10,1,-1,-1,-1
132,35,1126.19,294.68,1342.93,729.84,1,-1,-1,-1
132,41,1553.25,533.20,1668.66,794.04,1,-1,-1,-1
133,2,833.66,273.35,1012.95,669.91,1,-1,-1,-1
133,21,943.78,266.25,1143.52,714.10,1,-1,-1,-1
133,35,1102.53,292.96,1313.70,715.29,1,-1,-1,-1
133,41,1530.67,532.49,1645.30,791.63,1,-1,-1,-1
134,2,828.57,269.57,1009.63,673.21,1,-1,-1,-1
134,35,1081.24,295.85,1285.98,706.66,1,-1,-1,-1
134,41,1509.53,532.38,1623.77,790.85,1,-1,-1,-1
135,2,819.35,261.72,1006.35,680.96,1,-1,-1,-1
135,21,866.71,296.62,1052.37,713.40,1,-1,-1,-1
135,35,1068.47,291.60,1275.86,707.74,1,-1,-1,-1
135,41,1492.35,532.47,1606.81,791.33,1,-1,-1,-1
136,2,814.22,269.74,998.01,681.35,1,-1,-1,-1
136,21,843.74,306.14,1027.36,718.73,1,-1,-1,-1
136,41,1475.70,529.30,1593.14,795.59,1,-1,-1,-1
137,2,805.32,271.77,993.08,691.95,1,-1,-1,-1
137,21,823.72,307.65,1007.87,721.44,1,-1,-1,-1
137,41,1462.05,532.11,1580.34,801.17,1,-1,-1,-1
138,2,792.79,277.14,982.55,701.11,1,-1,-1,-1
138,41,1452.18,533.95,1570.60,803.38,1,-1,-1,-1
139,2,778.13,267.54,979.68,716.30,1,-1,-1,-1
139,41,1439.93,534.08,1558.57,805.57,1,-1,-1,-1
140,2,769.58,265.60,973.76,720.19,1,-1,-1,-1
140,35,757.01,257.12,997.08,740.68,1,-1,-1,-1
140,41,1421.09,532.62,1540.25,805.31,1,-1,-1,-1
141,2,862.16,311.80,1037.80,709.58,1,-1,-1,-1
141,12,1736.79,387.01,1893.75,716.00,1,-1,-1,-1
141,35,715.81,255.22,962.32,752.59,1,-1,-1,-1
142,2,880.01,326.03,1047.05,709.23,1,-1,-1,-1
142,12,1736.33,389.80,1890.64,719.84,1,-1,-1,-1
142,35,700.20,284.77,932.08,754.31,1,-1,-1,-1
143,2,875.56,318.40,1050.03,722.00,1,-1,-1,-1
143,12,1745.83,390.15,1899.73,719.32,1,-1,-1,-1
143,35,676.81,282.26,913.21,760.71,1,-1,-1,-1
144,2,876.76,326.81,1040.45,708.83,1,-1,-1,-1
144,12,1721.17,385.30,1881.98,737.38,1,-1,-1,-1
144,35,662.57,301.53,885.03,751.29,1,-1,-1,-1
145,2,869.00,327.26,1033.17,713.51,1,-1,-1,-1
145,12,1725.48,384.90,1887.46,739.54,1,-1,-1,-1
145,13,1024.18,383.02,1145.72,660.94,1,-1,-1,-1
145,35,652.18,315.27,863.09,741.29,1,-1,-1,-1
146,2,868.91,337.98,1020.51,697.22,1,-1,-1,-1
146,13,1015.84,382.67,1137.76,661.46,1,-1,-1,-1
146,35,630.59,320.32,837.49,737.49,1,-1,-1,-1
147,2,861.81,351.49,1003.54,688.78,1,-1,-1,-1
147,35,1320.47,372.50,1497.93,733.38,1,-1,-1,-1
148,2,866.00,361.65,999.81,681.64,1,-1,-1,-1
148,21,616.37,334.75,798.20,735.38,1,-1,-1,-1
148,35,1381.34,380.62,1554.88,733.56,1,-1,-1,-1
149,2,867.33,363.63,999.52,681.95,1,-1,-1,-1
149,12,1808.54,384.86,1980.01,757.18,1,-1,-1,-1
149,21,596.67,326.36,786.48,737.72,1,-1,-1,-1
150,2,869.61,356.67,1006.57,688.24,1,-1,-1,-1
150,12,1815.70,384.19,1988.68,758.70,1,-1,-1,-1
150,13,988.12,396.50,1107.20,671.24,1,-1,-1,-1
150,21,580.89,329.16,772.87,739.82,1,-1,-1,-1
151,2,879.01,347.42,1019.84,688.54,1,-1,-1,-1
151,12,1826.15,383.91,2000.60,761.59,1,-1,-1,-1
151,13,987.51,401.36,1103.53,667.97,1,-1,-1,-1
151,21,569.09,336.80,756.54,735.89,1,-1,-1,-1
152,2,880.35,349.24,1020.22,688.05,1,-1,-1,-1
152,13,987.59,398.22,1102.80,664.18,1,-1,-1,-1
152,21,754.08,352.38,914.36,701.43,1,-1,-1,-1
152,35,1645.80,394.21,1811.99,735.90,1,-1,-1,-1
153,13,986.66,395.05,1103.22,662.80,1,-1,-1,-1
153,21,760.58,356.09,917.70,698.26,1,-1,-1,-1
153,28,544.48,335.82,743.92,734.82,1,-1,-1,-1
153,35,1671.78,390.39,1835.12,729.15,1,-1,-1,-1
154,2,854.76,364.05,983.73,678.50,1,-1,-1,-1
154,13,981.11,395.49,1097.49,662.82,1,-1,-1,-1
154,21,742.93,318.34,917.34,702.36,1,-1,-1,-1
154,28,527.14,328.54,731.95,741.75,1,-1,-1,-1
154,35,1679.56,383.63,1842.35,724.17,1,-1,-1,-1
155,2,854.09,362.07,983.24,679.15,1,-1,-1,-1
155,13,980.85,386.57,1098.76,659.83,1,-1,-1,-1
155,21,746.15,316.64,920.33,700.14,1,-1,-1,-1
155,28,515.61,320.23,723.94,742.67,1,-1,-1,-1
155,35,1684.33,383.02,1839.39,711.00,1,-1,-1,-1
156,2,852.67,353.43,984.90,680.68,1,-1,-1,-1
156,12,1818.65,358.91,1978.80,704.78,1,-1,-1,-1
156,13,980.79,385.99,1097.87,657.15,1,-1,-1,-1
156,28,509.60,319.71,715.61,740.37,1,-1,-1,-1
156,35,1730.61,386.00,1883.08,708.48,1,-1,-1,-1
157,2,851.00,354.52,982.46,679.85,1,-1,-1,-1
157,1,1662.41,371.84,1815.97,701.27,1,-1,-1,-1
157,12,1824.13,356.66,1983.91,701.72,1,-1,-1,-1
157,13,983.98,382.47,1103.88,659.51,1,-1,-1,-1
157,21,711.87,312.19,911.17,748.51,1,-1,-1,-1
157,28,504.85,320.23,708.10,737.46,1,-1,-1,-1
157,41,1268.15,546.53,1376.98,794.08,1,-1,-1,-1
158,2,855.83,363.74,981.85,675.87,1,-1,-1,-1
158,1,1651.77,370.11,1805.71,700.54,1,-1,-1,-1
158,13,980.40,381.53,1100.59,659.26,1,-1,-1,-1
158,21,710.90,310.39,912.53,751.79,1,-1,-1,-1
158,28,498.70,319.80,701.65,737.04,1,-1,-1,-1
158,41,1258.13,547.10,1366.44,793.47,1,-1,-1,-1
159,2,855.89,360.39,982.40,673.53,1,-1,-1,-1
159,1,1619.12,370.48,1768.38,690.86,1,-1,-1,-1
159,12,1817.90,357.22,1975.60,698.55,1,-1,-1,-1
159,21,719.95,302.78,906.30,713.70,1,-1,-1,-1
159,28,487.81,305.70,700.79,742.88,1,-1,-1,-1
160,2,857.80,365.93,982.06,672.74,1,-1,-1,-1
160,12,1817.84,358.61,1973.98,697.32,1,-1,-1,-1
160,21,722.79,301.51,904.16,704.16,1,-1,-1,-1
160,28,485.51,303.76,698.91,741.14,1,-1,-1,-1
161,2,862.43,367.26,986.85,674.52,1,-1,-1,-1
161,1,1661.24,384.62,1807.53,698.25,1,-1,-1,-1
161,12,1821.07,357.24,1976.66,694.74,1,-1,-1,-1
161,21,722.91,299.29,904.67,702.79,1,-1,-1,-1
161,28,477.66,291.27,698.96,743.08,1,-1,-1,-1
162,2,863.82,367.02,988.99,675.88,1,-1,-1,-1
162,1,1659.40,388.83,1802.79,696.23,1,-1,-1,-1
162,13,997.02,378.89,1120.63,665.30,1,-1,-1,-1
162,21,721.33,300.14,905.15,709.69,1,-1,-1,-1
162,28,477.30,296.39,695.92,742.50,1,-1,-1,-1
163,2,866.33,370.85,989.15,672.43,1,-1,-1,-1
163,1,1670.64,398.19,1813.80,701.80,1,-1,-1,-1
163,13,996.18,378.05,1120.31,665.68,1,-1,-1,-1
163,21,724.42,302.78,902.55,701.00,1,-1,-1,-1
163,28,467.78,291.97,687.75,740.28,1,-1,-1,-1
164,2,869.42,363.50,995.14,671.83,1,-1,-1,-1
164,1,1671.77,403.49,1812.23,701.40,1,-1,-1,-1
164,21,721.40,295.10,905.07,705.22,1,-1,-1,-1
164,28,452.54,262.14,688.02,738.78,1,-1,-1,-1
165,2,875.57,361.44,1001.54,669.65,1,-1,-1,-1
165,1,1684.72,400.59,1826.85,701.00,1,-1,-1,-1
165,21,723.97,294.96,902.97,695.65,1,-1,-1,-1
165,28,450.76,263.88,684.60,735.01,1,-1,-1,-1
166,2,877.06,361.86,1002.43,668.59,1,-1,-1,-1
166,1,1124.04,372.56,1266.02,678.42,1,-1,-1,-1
166,21,730.72,296.35,906.36,690.65,1,-1,-1,-1
166,28,454.48,277.34,679.49,730.23,1,-1,-1,-1
167,2,889.31,359.71,1016.15,668.68,1,-1,-1,-1
167,1,1037.97,371.44,1178.66,674.52,1,-1,-1,-1
167,12,1699.79,388.90,1847.30,707.51,1,-1,-1,-1
167,21,733.23,296.27,907.61,688.86,1,-1,-1,-1
167,28,450.92,280.76,674.30,731.09,1,-1,-1,-1
168,2,891.53,357.92,1019.95,669.95,1,-1,-1,-1
168,12,1690.43,388.86,1840.56,712.04,1,-1,-1,-1
168,21,734.80,298.29,906.06,684.94,1,-1,-1,-1
168,28,452.77,301.96,660.58,721.51,1,-1,-1,-1
169,2,890.70,349.36,1022.84,671.07,1,-1,-1,-1
169,12,1690.51,389.56,1844.37,720.78,1,-1,-1,-1
169,21,735.84,297.31,906.53,682.68,1,-1,-1,-1
169,28,454.31,310.22,655.00,715.85,1,-1,-1,-1
170,2,895.95,348.13,1027.36,668.89,1,-1,-1,-1
170,12,1695.41,393.72,1851.28,729.26,1,-1,-1,-1
170,21,742.14,295.29,911.26,678.52,1,-1,-1,-1
170,28,449.27,306.39,650.42,713.21,1,-1,-1,-1
171,2,902.30,347.70,1033.13,668.08,1,-1,-1,-1
171,12,1709.33,384.70,1870.78,735.74,1,-1,-1,-1
171,21,748.24,293.38,917.28,677.38,1,-1,-1,-1
171,28,448.37,306.32,648.34,710.98,1,-1,-1,-1
172,2,905.84,348.89,1035.30,665.81,1,-1,-1,-1
172,12,1723.90,379.97,1885.95,736.17,1,-1,-1,-1
172,21,753.53,284.75,925.50,677.01,1,-1,-1,-1
172,28,442.92,304.93,643.30,710.25,1,-1,-1,-1
173,2,912.64,352.03,1039.02,661.67,1,-1,-1,-1
173,12,1730.90,376.13,1890.87,731.02,1,-1,-1,-1
173,21,755.85,281.59,928.08,675.63,1,-1,-1,-1
173,28,431.92,304.39,632.26,709.39,1,-1,-1,-1
174,2,909.61,346.57,1036.42,658.15,1,-1,-1,-1
174,1,732.55,279.94,913.82,678.89,1,-1,-1,-1
174,12,1729.51,375.89,1890.31,732.62,1,-1,-1,-1
174,21,758.22,279.43,930.50,673.61,1,-1,-1,-1
174,28,418.00,303.52,619.86,710.49,1,-1,-1,-1
174,35,1732.72,372.29,1890.26,711.79,1,-1,-1,-1
175,2,903.94,343.91,1030.56,656.89,1,-1,-1,-1
175,1,671.72,271.67,856.20,677.69,1,-1,-1,-1
175,21,970.30,347.11,1103.42,651.67,1,-1,-1,-1
175,28,410.37,303.56,611.44,708.92,1,-1,-1,-1
175,32,899.01,306.00,1055.18,665.98,1,-1,-1,-1
175,35,922.05,324.28,1103.85,708.85,1,-1,-1,-1
176,2,905.63,342.83,1032.11,655.45,1,-1,-1,-1
176,21,1018.85,355.06,1146.43,646.39,1,-1,-1,-1
176,28,389.43,285.89,603.19,716.48,1,-1,-1,-1
176,32,897.71,302.36,1054.80,669.88,1,-1,-1,-1
176,35,863.53,320.17,1047.15,708.60,1,-1,-1,-1
177,12,1848.35,360.95,2006.60,713.31,1,-1,-1,-1
177,21,1027.87,358.06,1153.71,644.85,1,-1,-1,-1
177,28,377.96,289.29,587.82,712.66,1,-1,-1,-1
177,32,891.75,297.41,1052.04,674.88,1,-1,-1,-1
178,1,546.82,294.67,736.82,706.38,1,-1,-1,-1
178,12,1863.87,359.82,2020.74,710.15,1,-1,-1,-1
178,21,1029.32,360.29,1156.90,649.99,1,-1,-1,-1
178,28,373.59,299.25,572.18,701.31,1,-1,-1,-1
178,32,890.79,298.08,1049.71,674.19,1,-1,-1,-1
179,1,490.16,289.80,682.92,707.47,1,-1,-1,-1
179,12,1867.86,352.79,2030.00,716.41,1,-1,-1,-1
179,21,1028.35,360.91,1157.28,652.62,1,-1,-1,-1
179,28,364.38,305.10,557.28,695.05,1,-1,-1,-1
179,32,891.01,300.37,1047.76,673.19,1,-1,-1,-1
180,12,1867.98,348.94,2033.71,720.67,1,-1,-1,-1
180,21,1022.42,360.94,1152.63,655.03,1,-1,-1,-1
180,28,353.80,302.51,549.68,697.57,1,-1,-1,-1
180,32,890.33,303.27,1047.96,678.05,1,-1,-1,-1
181,1,498.08,307.55,687.57,714.95,1,-1,-1,-1
181,12,1846.46,341.68,2014.30,719.72,1,-1,-1,-1
181,21,1013.65,358.78,1146.16,657.99,1,-1,-1,-1
181,28,342.63,310.19,534.85,698.54,1,-1,-1,-1
181,32,889.88,292.50,1058.24,693.02,1,-1,-1,-1
182,1,493.87,311.14,683.72,716.15,1,-1,-1,-1
182,12,1839.25,346.78,2005.07,719.99,1,-1,-1,-1
182,21,1004.86,357.20,1139.07,660.45,1,-1,-1,-1
182,28,333.31,311.23,524.24,696.98,1,-1,-1,-1
182,32,887.99,291.19,1058.14,696.00,1,-1,-1,-1
182,35,846.19,284.87,1039.36,703.31,1,-1,-1,-1
183,1,482.77,311.68,673.98,717.22,1,-1,-1,-1
183,12,1832.38,350.20,1995.80,718.76,1,-1,-1,-1
183,21,997.14,361.81,1130.75,663.39,1,-1,-1,-1
183,35,845.62,274.60,1044.22,711.73,1,-1,-1,-1
184,1,473.44,323.77,659.67,714.95,1,-1,-1,-1
184,12,1831.26,359.49,1990.46,719.61,1,-1,-1,-1
184,21,992.70,362.12,1127.73,666.50,1,-1,-1,-1
184,35,839.84,268.46,1041.78,717.78,1,-1,-1,-1
185,1,798.85,357.19,953.05,683.30,1,-1,-1,-1
185,12,1833.77,359.21,1993.17,719.79,1,-1,-1,-1
185,21,998.57,364.40,1132.81,666.98,1,-1,-1,-1
185,35,840.56,261.75,1047.52,723.98,1,-1,-1,-1
186,1,803.20,360.67,954.52,680.71,1,-1,-1,-1
186,12,1856.88,367.58,2025.96,749.70,1,-1,-1,-1
186,21,987.69,371.63,1119.93,670.23,1,-1,-1,-1
186,28,459.92,321.47,657.45,720.41,1,-1,-1,-1
186,35,840.63,258.66,1052.46,734.72,1,-1,-1,-1
187,1,949.95,380.43,1087.14,673.10,1,-1,-1,-1
187,12,1860.71,365.43,2035.75,760.28,1,-1,-1,-1
187,21,991.75,374.44,1123.09,671.00,1,-1,-1,-1
187,28,468.45,329.81,662.78,722.57,1,-1,-1,-1
187,35,845.85,256.99,1060.48,740.15,1,-1,-1,-1
188,1,972.74,386.03,1105.78,669.85,1,-1,-1,-1
188,12,1865.35,365.78,2042.03,764.36,1,-1,-1,-1
188,28,470.68,331.37,664.53,723.97,1,-1,-1,-1
188,35,923.81,339.72,1081.03,694.48,1,-1,-1,-1
188,41,1091.58,562.00,1191.89,780.99,1,-1,-1,-1
189,28,457.94,315.33,659.84,725.11,1,-1,-1,-1
189,35,953.62,366.43,1089.91,673.79,1,-1,-1,-1
189,41,1086.39,562.50,1186.29,780.59,1,-1,-1,-1
190,12,1834.29,365.25,2000.67,740.45,1,-1,-1,-1
190,28,447.51,316.49,644.72,715.75,1,-1,-1,-1
190,32,852.63,236.15,1060.20,724.76,1,-1,-1,-1
190,35,958.39,369.95,1087.11,661.88,1,-1,-1,-1
191,12,1835.25,365.49,2002.02,741.60,1,-1,-1,-1
191,28,449.91,316.82,647.06,715.95,1,-1,-1,-1
191,32,850.14,231.88,1061.04,726.72,1,-1,-1,-1
191,35,963.81,363.81,1092.05,656.11,1,-1,-1,-1
192,28,441.12,303.76,638.96,704.32,1,-1,-1,-1
192,32,849.85,227.79,1060.76,722.23,1,-1,-1,-1
192,35,969.65,353.95,1100.59,652.94,1,-1,-1,-1
193,12,1834.71,354.89,1996.17,720.93,1,-1,-1,-1
193,28,436.07,300.20,631.28,694.32,1,-1,-1,-1
193,32,855.79,229.61,1063.14,715.19,1,-1,-1,-1
193,35,971.85,349.66,1103.91,650.65,1,-1,-1,-1
194,12,1830.52,347.79,1991.14,715.10,1,-1,-1,-1
194,28,430.59,300.29,622.82,688.12,1,-1,-1,-1
194,32,855.88,221.33,1067.05,714.33,1,-1,-1,-1
194,35,967.84,342.61,1101.48,647.33,1,-1,-1,-1
195,12,1830.58,346.26,1991.17,713.49,1,-1,-1,-1
195,28,413.78,298.37,605.78,686.56,1,-1,-1,-1
195,32,856.48,223.51,1067.35,715.26,1,-1,-1,-1
195,35,967.23,342.69,1099.95,644.27,1,-1,-1,-1
195,41,1036.60,520.17,1145.63,753.20,1,-1,-1,-1
196,28,402.46,296.38,595.32,687.39,1,-1,-1,-1
196,32,852.30,223.88,1063.41,716.22,1,-1,-1,-1
196,35,966.12,340.05,1100.53,644.69,1,-1,-1,-1
196,41,1026.97,512.81,1140.72,747.48,1,-1,-1,-1
197,28,385.91,298.32,576.13,686.46,1,-1,-1,-1
197,32,847.19,226.77,1055.65,713.92,1,-1,-1,-1
197,35,961.14,339.10,1096.15,644.32,1,-1,-1,-1
197,41,1020.08,508.79,1134.33,744.49,1,-1,-1,-1
198,28,378.05,295.12,570.07,688.18,1,-1,-1,-1
198,32,846.89,232.62,1050.45,708.37,1,-1,-1,-1
198,35,954.35,338.11,1090.32,644.99,1,-1,-1,-1
199,1,948.66,334.87,1095.14,648.89,1,-1,-1,-1
199,28,373.00,293.90,564.90,686.72,1,-1,-1,-1
199,32,849.46,237.61,1045.91,696.26,1,-1,-1,-1
199,35,951.72,337.32,1086.77,642.13,1,-1,-1,-1
200,1,948.02,332.18,1096.14,649.26,1,-1,-1,-1
200,12,1808.54,333.38,1967.76,697.57,1,-1,-1,-1
200,28,358.21,309.29,540.12,685.06,1,-1,-1,-1
200,32,849.54,237.55,1045.25,693.71,1,-1,-1,-1
201,1,944.48,331.18,1089.65,643.90,1,-1,-1,-1
201,12,1806.65,331.39,1965.73,695.27,1,-1,-1,-1
201,28,345.78,315.45,522.70,682.49,1,-1,-1,-1
201,32,846.52,240.89,1038.82,688.16,1,-1,-1,-1
202,1,937.70,326.99,1083.69,643.17,1,-1,-1,-1
202,28,333.62,317.55,506.69,679.62,1,-1,-1,-1
202,32,835.14,234.14,1028.72,684.79,1,-1,-1,-1
203,1,939.28,324.50,1085.42,641.04,1,-1,-1,-1
203,28,328.88,318.94,499.68,678.62,1,-1,-1,-1
203,32,831.39,228.36,1024.67,678.97,1,-1,-1,-1
203,41,963.69,494.39,1079.30,734.50,1,-1,-1,-1
204,1,935.69,323.54,1079.27,635.91,1,-1,-1,-1
204,28,321.79,312.72,494.37,677.66,1,-1,-1,-1
204,32,832.25,230.87,1020.45,669.55,1,-1,-1,-1
204,41,957.27,489.67,1078.06,738.26,1,-1,-1,-1
205,1,935.18,322.41,1077.83,633.17,1,-1,-1,-1
205,28,313.90,307.73,488.92,678.01,1,-1,-1,-1
205,32,831.63,225.87,1020.09,665.44,1,-1,-1,-1
205,41,951.66,491.32,1071.05,736.17,1,-1,-1,-1
206,1,934.16,315.44,1078.12,630.91,1,-1,-1,-1
206,28,310.26,299.90,488.10,675.56,1,-1,-1,-1
206,32,833.58,228.07,1017.95,659.38,1,-1,-1,-1
206,41,944.01,488.46,1063.92,734.38,1,-1,-1,-1
207,1,929.48,313.56,1072.67,628.82,1,-1,-1,-1
207,28,303.45,294.32,484.57,676.66,1,-1,-1,-1
207,32,835.97,232.31,1015.72,653.90,1,-1,-1,-1
208,1,923.23,311.63,1066.44,628.78,1,-1,-1,-1
208,28,292.83,288.97,474.06,672.54,1,-1,-1,-1
208,32,836.43,231.92,1015.51,653.37,1,-1,-1,-1
209,1,920.99,310.34,1064.62,629.50,1,-1,-1,-1
209,28,286.92,292.91,461.91,664.43,1,-1,-1,-1
209,32,836.68,231.13,1015.48,653.31,1,-1,-1,-1
210,1,919.87,306.66,1062.92,625.26,1,-1,-1,-1
210,28,285.00,289.85,457.65,656.07,1,-1,-1,-1
210,32,838.25,223.54,1023.44,662.06,1,-1,-1,-1
211,1,916.67,307.33,1057.19,621.74,1,-1,-1,-1
211,28,280.94,287.43,450.63,647.73,1,-1,-1,-1
211,32,839.29,220.74,1026.65,665.37,1,-1,-1,-1
212,1,917.31,311.66,1052.57,615.86,1,-1,-1,-1
212,28,280.88,287.26,447.12,640.73,1,-1,-1,-1
212,32,846.32,224.97,1029.85,661.46,1,-1,-1,-1
213,1,915.99,304.69,1051.82,612.40,1,-1,-1,-1
213,28,279.58,280.57,447.66,637.61,1,-1,-1,-1
213,32,846.57,224.05,1029.90,660.05,1,-1,-1,-1
213,53,1715.84,328.11,1861.18,658.04,1,-1,-1,-1
214,1,902.14,272.45,1055.73,623.11,1,-1,-1,-1
214,28,279.93,274.18,448.06,631.94,1,-1,-1,-1
214,53,1700.74,318.88,1849.97,657.57,1,-1,-1,-1
215,1,902.07,261.95,1060.33,625.10,1,-1,-1,-1
215,28,275.42,271.59,442.88,627.91,1,-1,-1,-1
215,53,1703.77,313.54,1853.06,652.11,1,-1,-1,-1
216,1,892.16,240.63,1063.32,634.95,1,-1,-1,-1
216,28,273.87,268.21,444.44,631.81,1,-1,-1,-1
216,53,1703.07,316.24,1851.94,652.72,1,-1,-1,-1
217,2,134.38,265.05,285.87,620.97,1,-1,-1,-1
217,1,886.98,229.31,1065.24,640.67,1,-1,-1,-1
217,28,269.67,265.54,440.00,628.64,1,-1,-1,-1
217,53,1696.35,317.29,1846.05,653.61,1,-1,-1,-1
218,2,111.92,263.00,263.97,620.24,1,-1,-1,-1
218,1,885.46,226.28,1066.18,643.62,1,-1,-1,-1
218,53,1693.39,324.36,1841.77,656.61,1,-1,-1,-1
219,2,115.54,263.31,273.63,622.98,1,-1,-1,-1
219,1,890.44,232.41,1070.04,646.05,1,-1,-1,-1
219,53,1694.87,330.37,1843.86,663.07,1,-1,-1,-1
220,2,120.17,267.25,276.76,619.50,1,-1,-1,-1
220,1,885.90,229.95,1069.11,651.51,1,-1,-1,-1
220,53,1705.48,335.90,1852.16,662.79,1,-1,-1,-1
221,2,121.67,268.06,278.62,618.25,1,-1,-1,-1
221,1,887.65,222.73,1074.34,652.29,1,-1,-1,-1
221,53,1708.45,337.91,1854.39,662.62,1,-1,-1,-1
222,2,112.48,265.72,272.87,619.83,1,-1,-1,-1
222,1,886.50,216.26,1078.26,656.41,1,-1,-1,-1
222,53,1707.27,329.92,1856.71,662.52,1,-1,-1,-1
223,2,104.78,266.87,266.04,619.77,1,-1,-1,-1
223,1,881.81,213.93,1075.07,657.33,1,-1,-1,-1
223,53,1710.14,321.65,1861.18,658.50,1,-1,-1,-1
224,2,93.27,267.36,255.26,620.44,1,-1,-1,-1
224,1,880.00,223.61,1064.77,647.92,1,-1,-1,-1
224,53,1697.62,315.18,1848.31,650.36,1,-1,-1,-1
225,2,81.50,269.56,240.40,617.39,1,-1,-1,-1
225,1,874.15,236.98,1046.74,634.22,1,-1,-1,-1
225,53,1687.50,308.10,1838.26,642.62,1,-1,-1,-1
226,2,69.03,269.24,227.79,616.76,1,-1,-1,-1
226,1,864.48,230.79,1038.10,632.40,1,-1,-1,-1
226,53,1679.83,308.78,1827.59,636.42,1,-1,-1,-1
227,1,855.71,225.98,1031.83,634.41,1,-1,-1,-1
227,53,1670.08,304.45,1820.29,638.14,1,-1,-1,-1
228,1,848.32,224.92,1023.91,633.89,1,-1,-1,-1
228,53,1662.99,306.84,1810.87,635.54,1,-1,-1,-1
229,1,838.17,219.38,1017.95,638.99,1,-1,-1,-1
229,53,1649.66,301.19,1798.80,632.62,1,-1,-1,-1
230,1,829.61,215.41,1012.21,642.24,1,-1,-1,-1
230,53,1635.99,300.46,1784.33,629.61,1,-1,-1,-1
231,1,818.76,215.97,999.62,640.88,1,-1,-1,-1
231,53,1636.06,298.79,1784.27,627.66,1,-1,-1,-1
232,1,816.59,211.06,1001.70,645.60,1,-1,-1,-1
233,1,808.18,210.60,993.45,646.72,1,-1,-1,-1
233,32,715.88,273.51,857.37,613.14,1,-1,-1,-1
233,53,1603.50,297.61,1753.91,629.89,1,-1,-1,-1
234,1,809.15,211.20,994.30,647.13,1,-1,-1,-1
234,32,707.27,270.68,849.40,616.24,1,-1,-1,-1
234,53,1595.99,302.18,1743.45,626.82,1,-1,-1,-1
235,1,800.52,199.72,995.50,658.42,1,-1,-1,-1
235,32,699.19,270.76,842.10,617.59,1,-1,-1,-1
235,53,1587.59,307.14,1735.00,630.45,1,-1,-1,-1
236,1,799.85,203.20,992.27,655.55,1,-1,-1,-1
236,32,687.11,268.67,830.86,618.85,1,-1,-1,-1
236,53,1574.21,306.99,1723.85,633.82,1,-1,-1,-1
237,1,794.80,202.14,987.73,656.29,1,-1,-1,-1
237,32,665.24,255.67,815.74,622.74,1,-1,-1,-1
237,53,1565.81,309.58,1714.16,632.46,1,-1,-1,-1
238,1,788.28,207.72,971.92,640.81,1,-1,-1,-1
238,32,647.19,243.60,801.50,621.55,1,-1,-1,-1
238,53,1553.44,307.24,1701.51,627.98,1,-1,-1,-1
239,1,786.58,212.69,965.46,632.75,1,-1,-1,-1
239,32,630.34,237.05,788.34,623.07,1,-1,-1,-1
239,53,1539.97,307.03,1687.46,624.33,1,-1,-1,-1
240,1,781.72,211.71,960.45,631.44,1,-1,-1,-1
240,32,609.08,208.40,779.90,622.35,1,-1,-1,-1
240,53,1529.41,304.96,1678.24,624.34,1,-1,-1,-1
241,32,588.54,200.22,762.72,619.52,1,-1,-1,-1
241,53,1512.22,304.86,1660.78,623.06,1,-1,-1,-1
242,32,558.91,189.45,741.39,624.88,1,-1,-1,-1
242,35,402.69,266.03,558.89,607.94,1,-1,-1,-1
242,53,1496.21,304.84,1644.43,622.63,1,-1,-1,-1
243,32,532.55,182.27,721.85,630.17,1,-1,-1,-1
243,35,380.51,257.44,543.66,607.79,1,-1,-1,-1
243,53,1476.71,300.87,1624.62,619.20,1,-1,-1,-1
244,32,520.07,185.48,708.29,628.37,1,-1,-1,-1
244,35,350.65,253.10,522.69,616.74,1,-1,-1,-1
244,53,1461.24,304.68,1607.52,620.60,1,-1,-1,-1
245,32,504.44,187.07,696.09,635.46,1,-1,-1,-1
245,35,332.07,259.85,504.93,622.22,1,-1,-1,-1
245,53,1450.98,310.13,1596.42,626.49,1,-1,-1,-1
246,32,494.36,193.04,687.36,642.69,1,-1,-1,-1
246,35,315.72,258.18,489.83,623.17,1,-1,-1,-1
246,53,1438.73,312.84,1583.61,629.39,1,-1,-1,-1
247,32,480.90,199.45,675.73,651.30,1,-1,-1,-1
247,35,295.36,256.89,479.44,641.74,1,-1,-1,-1
247,53,1429.36,315.82,1575.14,637.11,1,-1,-1,-1
248,32,477.79,209.88,670.22,653.89,1,-1,-1,-1
248,35,272.93,258.37,463.64,651.35,1,-1,-1,-1
248,53,1420.09,315.60,1567.29,641.96,1,-1,-1,-1
249,32,464.18,208.28,658.34,656.29,1,-1,-1,-1
249,35,269.68,271.91,453.30,651.64,1,-1,-1,-1
249,53,795.82,253.18,975.05,650.99,1,-1,-1,-1
250,12,1410.97,322.92,1552.57,647.94,1,-1,-1,-1
250,35,253.48,274.63,438.76,654.88,1,-1,-1,-1
250,53,571.07,237.32,758.89,654.90,1,-1,-1,-1
251,12,1409.67,327.34,1547.30,643.49,1,-1,-1,-1
251,35,250.77,288.11,429.57,652.72,1,-1,-1,-1
251,53,478.48,231.44,669.05,655.83,1,-1,-1,-1
251,75,1697.61,324.73,1865.32,689.28,1,-1,-1,-1
252,12,1401.29,328.14,1538.07,642.32,1,-1,-1,-1
252,21,477.70,230.05,666.53,658.01,1,-1,-1,-1
252,35,240.69,297.28,417.95,657.08,1,-1,-1,-1
252,53,1035.21,286.72,1195.67,644.64,1,-1,-1,-1
252,75,1694.78,324.67,1861.30,686.64,1,-1,-1,-1
253,21,473.64,228.01,661.66,657.82,1,-1,-1,-1
253,35,233.65,305.91,407.98,661.92,1,-1,-1,-1
253,53,1276.46,314.52,1423.79,643.87,1,-1,-1,-1
253,75,1685.35,329.38,1848.64,684.00,1,-1,-1,-1
254,21,474.10,229.32,659.63,654.66,1,-1,-1,-1
254,35,217.43,295.73,400.28,667.62,1,-1,-1,-1
254,53,1356.49,325.48,1498.59,643.58,1,-1,-1,-1
254,75,1687.24,327.93,1852.08,686.28,1,-1,-1,-1
255,21,480.65,233.90,661.82,651.45,1,-1,-1,-1
255,35,213.44,285.41,404.45,676.17,1,-1,-1,-1
255,53,1384.15,331.33,1526.61,650.23,1,-1,-1,-1
255,75,1687.80,330.97,1853.38,691.96,1,-1,-1,-1
256,21,483.16,234.47,663.37,652.19,1,-1,-1,-1
256,35,206.80,278.81,404.18,682.59,1,-1,-1,-1
256,53,1398.94,335.38,1539.89,651.26,1,-1,-1,-1
256,75,1685.38,332.06,1850.42,691.88,1,-1,-1,-1
257,21,479.36,231.50,661.34,653.14,1,-1,-1,-1
257,35,201.15,273.64,398.96,678.50,1,-1,-1,-1
257,53,1405.06,337.43,1544.59,650.91,1,-1,-1,-1
257,75,1702.59,339.51,1862.35,689.53,1,-1,-1,-1
258,21,477.39,225.22,660.86,650.27,1,-1,-1,-1
258,35,198.60,265.11,397.54,674.11,1,-1,-1,-1
258,53,1416.72,336.07,1553.29,644.01,1,-1,-1,-1
258,75,1706.44,340.47,1864.83,688.33,1,-1,-1,-1
259,21,480.39,216.38,666.51,647.23,1,-1,-1,-1
259,35,196.38,254.06,398.27,669.72,1,-1,-1,-1
259,53,1421.17,330.05,1557.30,637.36,1,-1,-1,-1
259,75,1707.78,337.35,1864.26,681.81,1,-1,-1,-1
260,21,481.71,208.53,668.88,641.54,1,-1,-1,-1
260,35,190.92,243.39,394.68,664.71,1,-1,-1,-1
260,53,1422.14,321.75,1559.02,630.90,1,-1,-1,-1
260,75,1708.79,338.55,1864.09,680.42,1,-1,-1,-1
261,21,481.70,203.02,670.68,640.70,1,-1,-1,-1
261,35,183.42,227.02,390.86,658.16,1,-1,-1,-1
261,53,1422.34,317.29,1560.09,628.52,1,-1,-1,-1
261,75,1708.01,339.15,1855.57,664.66,1,-1,-1,-1
262,21,484.88,202.34,669.78,629.98,1,-1,-1,-1
262,35,174.26,222.39,384.13,658.57,1,-1,-1,-1
262,53,615.06,253.29,784.68,634.98,1,-1,-1,-1
262,75,1711.55,336.58,1859.89,663.94,1,-1,-1,-1
263,21,493.77,198.29,680.66,629.22,1,-1,-1,-1
263,35,185.97,210.29,392.87,642.17,1,-1,-1,-1
263,53,1085.70,287.40,1237.90,630.50,1,-1,-1,-1
263,75,1716.47,333.70,1867.01,665.74,1,-1,-1,-1
264,21,503.58,187.04,696.12,631.63,1,-1,-1,-1
264,35,187.20,205.66,395.03,640.33,1,-1,-1,-1
264,53,1318.20,301.20,1464.47,631.88,1,-1,-1,-1
264,75,1718.09,333.88,1867.51,663.46,1,-1,-1,-1
265,21,513.01,189.39,705.42,633.89,1,-1,-1,-1
265,35,186.40,204.72,397.17,646.90,1,-1,-1,-1
265,53,1411.30,310.31,1551.21,627.73,1,-1,-1,-1
266,21,512.07,189.84,705.15,636.15,1,-1,-1,-1
266,35,180.52,199.90,393.39,646.45,1,-1,-1,-1
266,53,577.14,231.22,763.98,652.41,1,-1,-1,-1
267,12,1448.80,315.17,1582.71,626.98,1,-1,-1,-1
267,21,507.13,195.39,699.76,640.34,1,-1,-1,-1
267,53,285.46,202.64,490.48,663.06,1,-1,-1,-1
267,75,1719.13,333.15,1870.18,665.91,1,-1,-1,-1
268,12,1440.72,309.44,1575.32,624.63,1,-1,-1,-1
268,21,499.93,196.31,693.12,643.94,1,-1,-1,-1
268,53,145.03,190.42,362.20,676.33,1,-1,-1,-1
268,75,1713.62,332.38,1866.47,667.61,1,-1,-1,-1
269,12,1428.76,311.40,1561.45,620.53,1,-1,-1,-1
269,21,493.23,197.40,685.41,644.65,1,-1,-1,-1
269,53,79.83,190.14,298.47,677.42,1,-1,-1,-1
269,75,1700.12,333.44,1848.97,657.59,1,-1,-1,-1
270,12,1428.22,310.59,1560.62,619.05,1,-1,-1,-1
270,21,488.88,193.28,683.69,649.53,1,-1,-1,-1
270,53,882.33,268.68,1050.52,644.04,1,-1,-1,-1
270,75,1688.55,330.49,1839.42,657.21,1,-1,-1,-1
271,21,481.08,197.66,671.65,646.14,1,-1,-1,-1
271,35,83.70,207.32,304.93,673.51,1,-1,-1,-1
271,53,1231.41,300.92,1376.04,623.67,1,-1,-1,-1
271,75,1685.56,334.05,1834.14,652.48,1,-1,-1,-1
272,21,473.09,198.12,662.88,646.12,1,-1,-1,-1
272,35,65.77,206.39,288.48,677.88,1,-1,-1,-1
272,53,1339.11,310.77,1476.51,617.06,1,-1,-1,-1
272,75,1675.99,322.68,1831.43,654.14,1,-1,-1,-1
273,21,464.57,196.36,654.74,647.42,1,-1,-1,-1
273,35,43.89,196.87,271.12,680.67,1,-1,-1,-1
273,53,1369.80,312.62,1505.17,614.93,1,-1,-1,-1
273,75,1663.83,320.52,1820.24,651.50,1,-1,-1,-1
274,21,176.82,195.73,376.65,666.98,1,-1,-1,-1
274,35,30.80,194.00,260.43,682.90,1,-1,-1,-1
274,53,1366.86,315.29,1499.96,612.21,1,-1,-1,-1
274,75,1654.30,321.72,1809.81,648.57,1,-1,-1,-1
275,21,326.33,190.99,520.91,652.29,1,-1,-1,-1
275,35,-1.03,197.16,222.11,676.59,1,-1,-1,-1
275,53,1351.39,318.25,1482.42,609.27,1,-1,-1,-1
275,75,1636.86,321.57,1792.81,648.21,1,-1,-1,-1
276,21,376.68,185.87,571.04,649.01,1,-1,-1,-1
276,35,-16.03,194.87,208.83,677.99,1,-1,-1,-1
276,53,1335.87,319.95,1465.80,607.64,1,-1,-1,-1
276,75,1627.41,326.18,1779.83,644.17,1,-1,-1,-1
277,21,386.52,182.69,581.33,648.42,1,-1,-1,-1
277,35,-43.64,193.69,175.67,668.91,1,-1,-1,-1
277,53,1324.50,324.58,1454.78,612.58,1,-1,-1,-1
277,75,1613.50,329.98,1767.10,650.08,1,-1,-1,-1
278,21,380.55,178.93,577.76,651.47,1,-1,-1,-1
278,35,-59.97,191.51,160.51,669.28,1,-1,-1,-1
278,53,1313.35,323.50,1446.72,618.50,1,-1,-1,-1
278,75,1606.33,341.32,1755.62,652.31,1,-1,-1,-1
279,21,370.60,185.42,565.56,652.62,1,-1,-1,-1
279,35,-70.43,207.92,136.30,660.50,1,-1,-1,-1
279,53,1502.94,348.96,1637.47,641.98,1,-1,-1,-1
279,75,1599.21,342.76,1747.47,651.59,1,-1,-1,-1
280,12,1302.26,333.22,1428.00,624.48,1,-1,-1,-1
280,21,361.49,186.69,556.79,655.03,1,-1,-1,-1
280,35,-86.28,207.63,120.32,659.93,1,-1,-1,-1
280,53,1566.98,352.52,1707.41,656.24,1,-1,-1,-1
281,12,1297.09,332.75,1421.93,626.23,1,-1,-1,-1
281,21,346.77,177.99,546.16,657.23,1,-1,-1,-1
281,35,-136.13,195.13,78.49,670.22,1,-1,-1,-1
281,53,1580.96,355.02,1723.12,660.10,1,-1,-1,-1
282,12,1296.42,335.30,1418.04,624.11,1,-1,-1,-1
282,21,337.16,175.41,537.50,656.73,1,-1,-1,-1
282,35,-155.78,193.52,59.84,670.82,1,-1,-1,-1
282,53,441.31,243.58,638.54,673.28,1,-1,-1,-1
283,12,1296.79,335.53,1417.38,623.99,1,-1,-1,-1
283,21,335.97,179.07,532.93,651.91,1,-1,-1,-1
283,53,49.76,205.92,262.38,676.97,1,-1,-1,-1
283,75,1557.01,351.72,1706.88,660.94,1,-1,-1,-1
284,12,1289.97,336.70,1410.00,623.84,1,-1,-1,-1
284,21,335.94,185.86,530.79,652.68,1,-1,-1,-1
284,53,759.44,282.67,924.13,650.94,1,-1,-1,-1
284,75,1551.10,349.02,1705.38,666.61,1,-1,-1,-1
285,21,332.14,189.78,525.05,651.64,1,-1,-1,-1
285,53,1098.27,319.27,1240.49,640.16,1,-1,-1,-1
285,75,1545.50,355.37,1697.86,668.52,1,-1,-1,-1
286,12,1281.71,333.04,1408.13,637.58,1,-1,-1,-1
286,21,326.97,193.26,517.84,649.91,1,-1,-1,-1
286,53,1062.80,317.68,1206.52,641.95,1,-1,-1,-1
286,75,1534.16,357.06,1687.67,671.85,1,-1,-1,-1
287,12,1276.78,335.87,1401.76,638.31,1,-1,-1,-1
287,21,323.05,194.56,516.98,657.91,1,-1,-1,-1
287,75,1530.36,362.92,1683.32,675.70,1,-1,-1,-1
288,12,1270.60,336.64,1395.79,639.60,1,-1,-1,-1
288,21,317.75,195.69,512.30,661.54,1,-1,-1,-1
288,53,1225.62,331.98,1360.80,639.96,1,-1,-1,-1
288,75,1522.08,361.08,1679.25,681.08,1,-1,-1,-1
288,85,1131.53,451.91,1238.57,628.70,1,-1,-1,-1
289,21,313.47,205.98,504.03,661.56,1,-1,-1,-1
289,53,1252.17,341.91,1382.60,640.34,1,-1,-1,-1
289,75,1515.23,361.65,1673.42,682.38,1,-1,-1,-1
289,85,1124.61,453.93,1231.48,630.24,1,-1,-1,-1
290,21,317.53,210.55,505.74,660.85,1,-1,-1,-1
290,53,1260.26,344.47,1389.71,641.82,1,-1,-1,-1
290,75,1513.27,362.45,1671.80,682.79,1,-1,-1,-1
290,85,1121.53,453.73,1229.74,632.07,1,-1,-1,-1
291,21,323.56,212.18,510.94,660.55,1,-1,-1,-1
291,53,1266.55,350.04,1391.94,637.62,1,-1,-1,-1
291,75,1516.83,362.03,1676.05,682.21,1,-1,-1,-1
291,85,1120.99,453.59,1229.11,631.88,1,-1,-1,-1
292,21,329.22,209.39,519.10,664.40,1,-1,-1,-1
292,53,1271.21,347.30,1399.05,640.06,1,-1,-1,-1
292,75,1523.52,362.47,1682.04,681.27,1,-1,-1,-1
292,85,1124.85,449.98,1233.63,628.92,1,-1,-1,-1
293,21,333.39,212.25,520.96,661.85,1,-1,-1,-1
293,53,1276.87,343.59,1407.79,643.59,1,-1,-1,-1
293,75,1533.99,359.94,1694.66,684.16,1,-1,-1,-1
293,85,1122.79,450.06,1231.90,629.55,1,-1,-1,-1
294,21,340.70,219.92,525.48,662.16,1,-1,-1,-1
294,53,1287.41,340.18,1420.59,646.20,1,-1,-1,-1
294,75,1538.64,354.37,1700.21,680.61,1,-1,-1,-1
295,21,344.89,226.06,526.53,659.59,1,-1,-1,-1
295,53,1289.55,344.11,1419.50,641.90,1,-1,-1,-1
295,75,1548.03,362.72,1704.11,677.89,1,-1,-1,-1
295,85,1127.95,450.90,1238.19,631.84,1,-1,-1,-1
296,21,344.86,228.76,525.47,659.82,1,-1,-1,-1
296,53,662.42,266.15,831.06,653.52,1,-1,-1,-1
296,75,1547.23,363.75,1703.06,678.40,1,-1,-1,-1
296,85,1133.65,453.10,1242.40,630.80,1,-1,-1,-1
297,12,1308.41,343.02,1433.32,642.30,1,-1,-1,-1
297,21,358.18,230.31,537.65,657.65,1,-1,-1,-1
297,53,591.01,257.85,764.08,655.41,1,-1,-1,-1
297,75,1560.45,361.03,1719.01,680.55,1,-1,-1,-1
297,85,1141.36,456.55,1247.56,629.08,1,-1,-1,-1
298,12,1308.88,343.75,1433.76,642.97,1,-1,-1,-1
298,21,365.46,234.33,546.10,662.66,1,-1,-1,-1
298,53,1105.27,314.85,1250.49,649.78,1,-1,-1,-1
298,75,1567.61,363.91,1728.85,688.48,1,-1,-1,-1
298,85,1148.31,457.80,1254.79,629.78,1,-1,-1,-1
299,12,1331.91,340.11,1461.44,648.71,1,-1,-1,-1
299,21,367.65,237.07,547.36,663.20,1,-1,-1,-1
299,53,583.51,255.91,760.43,663.62,1,-1,-1,-1
299,75,1580.65,367.56,1740.91,689.33,1,-1,-1,-1
299,85,1151.71,462.92,1257.14,632.71,1,-1,-1,-1
300,12,1346.34,342.14,1476.85,653.98,1,-1,-1,-1
300,21,378.17,234.46,561.14,666.30,1,-1,-1,-1
300,53,511.13,247.46,692.80,666.10,1,-1,-1,-1
300,75,1588.70,366.92,1750.88,690.91,1,-1,-1,-1
300,85,1152.39,464.11,1259.13,635.13,1,-1,-1,-1
301,12,1360.89,339.58,1490.73,651.25,1,-1,-1,-1
301,21,385.05,229.44,569.42,662.31,1,-1,-1,-1
301,53,1306.92,334.19,1461.53,683.65,1,-1,-1,-1
301,75,1592.02,367.90,1754.42,692.33,1,-1,-1,-1
301,85,1156.82,459.17,1265.54,632.00,1,-1,-1,-1
302,12,1365.98,339.73,1496.22,652.38,1,-1,-1,-1
302,21,391.97,222.31,577.73,656.90,1,-1,-1,-1
302,53,1305.35,333.49,1461.91,687.36,1,-1,-1,-1
302,75,1602.14,353.43,1768.80,683.84,1,-1,-1,-1
302,85,1162.74,451.98,1273.48,626.83,1,-1,-1,-1
303,21,398.16,214.32,585.60,651.56,1,-1,-1,-1
303,53,1364.11,326.58,1503.96,645.57,1,-1,-1,-1
303,75,1604.61,350.25,1772.59,681.40,1,-1,-1,-1
303,85,1165.52,451.67,1276.28,626.54,1,-1,-1,-1
304,21,400.82,211.30,588.60,648.25,1,-1,-1,-1
304,53,1381.39,320.85,1516.78,632.24,1,-1,-1,-1
304,75,1609.89,345.17,1777.96,675.23,1,-1,-1,-1
304,85,1167.84,439.38,1282.36,621.38,1,-1,-1,-1
305,21,416.05,207.53,602.27,640.42,1,-1,-1,-1
305,53,1549.13,331.89,1695.82,661.85,1,-1,-1,-1
305,75,1614.02,343.83,1782.49,674.67,1,-1,-1,-1
305,85,1170.30,434.59,1283.73,615.53,1,-1,-1,-1
306,12,1406.14,317.28,1537.04,633.33,1,-1,-1,-1
306,21,432.12,202.82,616.68,631.55,1,-1,-1,-1
306,53,1622.46,341.71,1773.64,675.00,1,-1,-1,-1
306,85,1172.95,432.65,1286.75,614.18,1,-1,-1,-1
307,1,441.59,185.98,631.41,629.97,1,-1,-1,-1
307,12,1420.01,315.80,1550.13,630.74,1,-1,-1,-1
307,21,438.68,201.31,622.74,628.89,1,-1,-1,-1
307,53,1654.67,347.53,1806.92,678.06,1,-1,-1,-1
307,85,1181.67,430.94,1296.62,613.74,1,-1,-1,-1
308,1,448.60,183.22,640.12,632.81,1,-1,-1,-1
308,12,1427.52,313.94,1557.95,629.60,1,-1,-1,-1
308,53,1514.11,328.48,1659.09,645.93,1,-1,-1,-1
308,85,1188.33,429.01,1304.16,612.83,1,-1,-1,-1
309,1,451.94,184.24,642.29,632.48,1,-1,-1,-1
309,53,1458.54,320.50,1600.40,633.57,1,-1,-1,-1
309,75,1656.56,327.13,1839.96,688.41,1,-1,-1,-1
309,85,1189.61,427.03,1307.17,613.85,1,-1,-1,-1
310,1,456.16,193.51,641.22,631.64,1,-1,-1,-1
310,53,1432.70,314.94,1574.97,631.10,1,-1,-1,-1
310,75,1660.15,328.26,1836.85,677.76,1,-1,-1,-1
310,85,1193.00,425.11,1311.16,612.87,1,-1,-1,-1
311,1,460.60,207.93,638.22,629.24,1,-1,-1,-1
311,53,1423.13,314.27,1564.06,629.59,1,-1,-1,-1
311,75,1661.89,330.72,1834.23,671.22,1,-1,-1,-1
312,1,1119.26,289.64,1263.62,630.42,1,-1,-1,-1
312,53,1422.66,312.32,1563.47,627.39,1,-1,-1,-1
312,75,1662.23,331.04,1833.11,669.46,1,-1,-1,-1
313,1,1370.22,314.62,1503.09,627.89,1,-1,-1,-1
313,21,454.65,210.00,635.01,631.93,1,-1,-1,-1
313,75,1662.55,331.87,1832.12,668.18,1,-1,-1,-1
314,1,1442.79,321.67,1572.36,625.69,1,-1,-1,-1
314,21,455.29,216.22,634.50,635.80,1,-1,-1,-1
314,75,1665.03,336.21,1829.65,663.76,1,-1,-1,-1
315,1,1558.58,336.69,1681.44,624.97,1,-1,-1,-1
315,21,454.51,216.27,635.37,640.40,1,-1,-1,-1
315,53,1420.52,317.61,1557.14,623.64,1,-1,-1,-1
315,75,1663.76,333.89,1829.83,664.81,1,-1,-1,-1
316,21,1091.26,281.61,1238.51,624.95,1,-1,-1,-1
316,53,1419.97,316.76,1556.10,621.72,1,-1,-1,-1
316,75,1665.62,323.14,1836.61,665.89,1,-1,-1,-1
317,21,640.13,240.76,813.03,642.54,1,-1,-1,-1
317,53,1415.88,320.78,1549.43,619.96,1,-1,-1,-1
317,75,1657.83,320.44,1828.50,665.02,1,-1,-1,-1
318,21,643.14,241.92,815.92,643.42,1,-1,-1,-1
318,32,424.14,230.89,605.46,642.15,1,-1,-1,-1
318,53,1415.83,322.88,1547.09,618.70,1,-1,-1,-1
318,75,1652.90,325.39,1818.42,659.46,1,-1,-1,-1
319,32,423.23,226.99,609.02,645.99,1,-1,-1,-1
319,53,1414.96,322.83,1545.42,616.87,1,-1,-1,-1
319,75,1646.32,332.06,1809.66,662.04,1,-1,-1,-1
320,32,427.32,227.25,612.81,645.57,1,-1,-1,-1
320,53,631.04,246.44,806.21,641.04,1,-1,-1,-1
320,75,1645.20,341.89,1805.02,665.04,1,-1,-1,-1
321,32,413.80,218.48,606.69,653.62,1,-1,-1,-1
321,53,1066.69,294.29,1219.07,640.84,1,-1,-1,-1
321,75,1642.00,345.57,1805.37,676.22,1,-1,-1,-1
321,85,1128.48,435.17,1245.17,621.48,1,-1,-1,-1
322,12,1413.56,340.15,1539.44,645.49,1,-1,-1,-1
322,21,442.06,221.41,628.49,653.38,1,-1,-1,-1
322,32,413.50,216.49,608.02,655.31,1,-1,-1,-1
322,53,1436.91,338.33,1587.10,676.76,1,-1,-1,-1
322,75,1641.87,346.71,1805.11,677.10,1,-1,-1,-1
322,85,1122.40,444.25,1235.53,624.75,1,-1,-1,-1
323,12,1408.87,349.60,1532.35,648.19,1,-1,-1,-1
323,21,425.17,220.22,612.75,654.87,1,-1,-1,-1
323,53,756.62,257.70,937.06,665.14,1,-1,-1,-1
323,75,1631.45,367.45,1792.86,694.36,1,-1,-1,-1
323,85,1118.91,445.21,1231.80,625.31,1,-1,-1,-1
324,1,419.46,218.45,606.72,656.78,1,-1,-1,-1
324,12,1397.27,355.92,1520.74,653.76,1,-1,-1,-1
324,53,682.03,250.04,867.01,667.74,1,-1,-1,-1
324,75,1620.37,374.30,1779.05,696.32,1,-1,-1,-1
324,85,1101.18,449.99,1215.84,633.88,1,-1,-1,-1
325,1,371.71,207.82,564.17,656.49,1,-1,-1,-1
325,12,1382.69,352.12,1508.17,653.74,1,-1,-1,-1
325,75,1605.59,372.63,1767.09,701.64,1,-1,-1,-1
325,85,1096.03,451.38,1210.74,635.36,1,-1,-1,-1
326,1,356.85,198.68,551.40,651.03,1,-1,-1,-1
326,12,1381.63,349.96,1507.92,653.02,1,-1,-1,-1
326,75,1598.83,364.70,1763.54,701.54,1,-1,-1,-1
327,1,362.34,190.76,557.29,644.86,1,-1,-1,-1
327,12,1380.47,343.09,1508.83,649.37,1,-1,-1,-1
327,75,1606.13,362.91,1770.27,699.45,1,-1,-1,-1
328,1,368.18,185.92,561.00,636.02,1,-1,-1,-1
328,12,1380.10,340.47,1509.32,647.96,1,-1,-1,-1
328,75,1608.04,358.18,1774.76,701.17,1,-1,-1,-1
329,1,373.12,186.17,563.12,629.94,1,-1,-1,-1
329,12,1375.15,339.47,1505.91,648.07,1,-1,-1,-1
329,75,1599.76,351.79,1767.29,698.48,1,-1,-1,-1
330,1,370.76,186.49,562.93,635.94,1,-1,-1,-1
330,12,1367.06,336.45,1501.10,650.75,1,-1,-1,-1
330,75,1598.88,359.13,1761.00,696.07,1,-1,-1,-1
331,1,367.62,190.62,558.62,635.00,1,-1,-1,-1
331,12,1360.76,343.86,1492.86,651.09,1,-1,-1,-1
331,75,1589.48,361.30,1750.63,697.06,1,-1,-1,-1
332,1,997.35,292.05,1149.62,645.67,1,-1,-1,-1
332,12,1357.39,344.22,1489.55,651.58,1,-1,-1,-1
332,75,1579.86,359.43,1742.52,699.37,1,-1,-1,-1
333,1,1261.18,336.23,1395.96,647.80,1,-1,-1,-1
333,21,368.32,189.60,570.35,655.46,1,-1,-1,-1
333,75,1575.84,356.73,1740.14,701.52,1,-1,-1,-1
334,1,1345.29,350.23,1475.07,647.72,1,-1,-1,-1
334,21,366.55,186.37,571.61,658.06,1,-1,-1,-1
334,75,1575.94,358.31,1737.90,699.01,1,-1,-1,-1
335,1,675.38,249.55,852.62,653.94,1,-1,-1,-1
335,21,357.81,183.87,564.27,658.79,1,-1,-1,-1
335,75,1572.07,358.70,1734.28,699.93,1,-1,-1,-1
336,1,464.00,216.83,657.73,657.26,1,-1,-1,-1
336,12,1352.94,344.14,1482.61,642.09,1,-1,-1,-1
337,1,992.05,286.74,1149.90,644.87,1,-1,-1,-1
337,12,1350.46,344.37,1479.79,641.54,1,-1,-1,-1
337,75,1570.54,348.11,1730.65,685.08,1,-1,-1,-1
338,1,545.03,230.38,730.60,649.43,1,-1,-1,-1
338,12,1356.10,331.32,1488.09,633.00,1,-1,-1,-1
338,75,1567.28,347.38,1727.38,684.35,1,-1,-1,-1
338,85,1010.49,426.71,1129.08,619.58,1,-1,-1,-1
338,50,1573.31,341.35,1730.56,676.18,1,-1,-1,-1
339,1,406.52,209.43,603.79,654.05,1,-1,-1,-1
339,12,1362.99,330.05,1494.19,629.17,1,-1,-1,-1
339,85,1002.75,423.11,1123.65,619.66,1,-1,-1,-1
339,50,1579.05,339.48,1735.45,672.74,1,-1,-1,-1
340,1,359.95,198.61,564.17,658.43,1,-1,-1,-1
340,12,1374.02,328.96,1504.50,627.84,1,-1,-1,-1
340,85,996.29,421.68,1117.71,619.07,1,-1,-1,-1
340,50,1587.43,343.32,1739.78,668.21,1,-1,-1,-1
341,1,350.74,198.46,554.06,655.67,1,-1,-1,-1
341,12,1378.62,327.27,1509.85,629.39,1,-1,-1,-1
341,50,1788.91,359.02,1939.78,682.50,1,-1,-1,-1
342,1,355.97,201.44,556.71,652.54,1,-1,-1,-1
342,12,1385.66,329.31,1515.08,628.05,1,-1,-1,-1
342,75,1594.08,353.19,1746.29,673.71,1,-1,-1,-1
342,50,1859.28,369.37,2009.10,691.78,1,-1,-1,-1
343,1,365.45,202.96,565.23,651.92,1,-1,-1,-1
343,12,1391.22,330.15,1523.38,636.89,1,-1,-1,-1
343,75,1600.49,355.89,1754.36,680.53,1,-1,-1,-1
343,50,1881.87,381.91,2027.76,695.79,1,-1,-1,-1
343,93,1734.36,362.99,1882.66,690.26,1,-1,-1,-1
344,1,375.33,202.51,575.43,653.60,1,-1,-1,-1
344,12,1391.59,329.17,1528.73,649.37,1,-1,-1,-1
344,75,1601.43,356.22,1754.88,679.98,1,-1,-1,-1
344,50,1885.42,384.22,2032.82,700.63,1,-1,-1,-1
344,93,1730.61,374.72,1875.47,694.02,1,-1,-1,-1
345,1,386.65,207.79,584.42,656.16,1,-1,-1,-1
345,12,1394.89,341.12,1527.47,650.86,1,-1,-1,-1
345,50,1714.67,378.11,1860.03,690.11,1,-1,-1,-1
345,93,1722.68,380.86,1868.80,702.68,1,-1,-1,-1
346,1,404.01,209.42,596.94,649.90,1,-1,-1,-1
346,12,1400.71,342.57,1530.81,646.73,1,-1,-1,-1
346,50,1644.58,370.21,1790.59,683.39,1,-1,-1,-1
346,93,1720.17,388.87,1864.29,706.30,1,-1,-1,-1
347,1,1055.75,297.39,1207.54,643.50,1,-1,-1,-1
347,12,1403.12,343.27,1533.21,647.43,1,-1,-1,-1
347,50,1632.82,366.55,1778.54,678.92,1,-1,-1,-1
348,1,631.01,231.13,809.97,641.59,1,-1,-1,-1
348,12,1415.78,340.09,1543.23,637.09,1,-1,-1,-1
348,50,1628.78,367.41,1773.60,677.85,1,-1,-1,-1
349,1,515.99,213.59,700.96,639.74,1,-1,-1,-1
349,12,1422.90,337.39,1551.20,634.83,1,-1,-1,-1
350,1,474.60,205.96,661.82,639.66,1,-1,-1,-1
350,12,1429.93,332.46,1558.62,629.40,1,-1,-1,-1
351,1,1090.15,285.33,1240.14,631.19,1,-1,-1,-1
351,12,1434.27,331.86,1562.69,628.19,1,-1,-1,-1
352,1,658.59,220.57,837.57,634.95,1,-1,-1,-1
352,12,1439.15,331.84,1567.50,625.43,1,-1,-1,-1
353,1,539.27,202.94,724.90,634.06,1,-1,-1,-1
353,12,1450.61,334.50,1577.37,623.34,1,-1,-1,-1
353,75,1804.52,312.41,1983.90,701.21,1,-1,-1,-1
354,1,1119.89,286.08,1267.03,626.65,1,-1,-1,-1
354,12,1455.87,334.32,1582.07,621.88,1,-1,-1,-1
354,75,1819.44,309.34,2000.85,702.57,1,-1,-1,-1
355,1,1375.03,324.78,1503.33,620.01,1,-1,-1,-1
355,21,482.78,197.38,670.85,632.40,1,-1,-1,-1
355,85,1023.75,409.85,1140.65,606.06,1,-1,-1,-1
356,1,1453.41,335.56,1577.15,619.40,1,-1,-1,-1
356,21,487.32,200.22,672.25,629.55,1,-1,-1,-1
356,85,1024.29,408.28,1142.22,607.90,1,-1,-1,-1
356,50,1644.42,321.71,1811.51,680.63,1,-1,-1,-1
357,1,1471.77,333.21,1595.70,616.44,1,-1,-1,-1
357,21,489.99,203.06,672.35,628.04,1,-1,-1,-1
357,85,1016.03,407.11,1133.89,607.78,1,-1,-1,-1
357,50,1634.44,329.16,1797.89,680.16,1,-1,-1,-1
358,1,1475.54,331.47,1600.09,615.49,1,-1,-1,-1
358,21,490.97,204.73,671.26,626.88,1,-1,-1,-1
358,85,1008.06,407.37,1126.33,607.75,1,-1,-1,-1
358,50,1620.40,330.87,1783.77,681.29,1,-1,-1,-1
359,1,1470.69,330.61,1595.51,614.55,1,-1,-1,-1
359,21,491.64,205.97,670.15,625.84,1,-1,-1,-1
359,85,1006.31,411.50,1120.25,604.44,1,-1,-1,-1
359,50,1604.95,340.74,1761.19,672.57,1,-1,-1,-1
360,1,1466.85,330.09,1592.24,614.29,1,-1,-1,-1
360,21,496.81,207.05,673.28,624.16,1,-1,-1,-1
360,85,1000.62,411.76,1114.35,604.56,1,-1,-1,-1
360,50,1583.85,344.66,1738.38,668.54,1,-1,-1,-1
361,1,1463.27,329.08,1589.63,614.94,1,-1,-1,-1
361,21,499.66,208.08,674.56,623.60,1,-1,-1,-1
361,85,994.07,411.19,1108.11,604.63,1,-1,-1,-1
361,50,1571.06,345.45,1726.01,667.76,1,-1,-1,-1
362,1,1460.29,328.58,1587.37,615.91,1,-1,-1,-1
362,21,500.75,212.44,674.71,626.82,1,-1,-1,-1
362,85,990.54,410.33,1105.05,606.01,1,-1,-1,-1
362,50,1562.09,347.74,1716.11,666.19,1,-1,-1,-1
362,93,1683.99,338.66,1831.85,663.38,1,-1,-1,-1
363,1,1453.38,327.63,1581.62,616.98,1,-1,-1,-1
363,21,505.53,214.00,678.86,629.40,1,-1,-1,-1
363,85,981.65,415.30,1094.48,607.86,1,-1,-1,-1
363,50,1549.05,347.28,1703.93,667.65,1,-1,-1,-1
363,93,1674.37,338.80,1822.07,661.13,1,-1,-1,-1
364,1,825.98,251.32,990.82,627.40,1,-1,-1,-1
364,21,508.95,215.58,681.51,629.13,1,-1,-1,-1
364,85,973.53,417.87,1086.12,609.92,1,-1,-1,-1
364,50,1535.61,352.40,1689.91,670.88,1,-1,-1,-1
364,93,1669.39,336.34,1819.51,662.95,1,-1,-1,-1
365,1,1162.17,296.24,1307.99,626.79,1,-1,-1,-1
365,21,499.16,213.09,677.26,641.57,1,-1,-1,-1
365,85,966.18,424.13,1076.97,613.35,1,-1,-1,-1
365,50,1526.20,355.00,1679.62,671.47,1,-1,-1,-1
365,93,1658.02,333.51,1810.59,665.01,1,-1,-1,-1
366,1,1329.00,318.61,1465.62,627.09,1,-1,-1,-1
366,21,493.30,213.40,671.99,644.27,1,-1,-1,-1
366,85,958.91,427.13,1069.07,614.63,1,-1,-1,-1
366,50,1508.65,355.94,1662.49,672.38,1,-1,-1,-1
366,93,1642.15,327.93,1800.00,670.42,1,-1,-1,-1
367,1,1385.43,330.85,1519.54,632.58,1,-1,-1,-1
367,21,486.32,212.16,666.26,646.54,1,-1,-1,-1
367,85,950.25,429.52,1063.10,621.09,1,-1,-1,-1
367,50,1493.00,360.91,1647.24,677.37,1,-1,-1,-1
367,93,1642.40,334.28,1798.97,673.16,1,-1,-1,-1
368,1,776.51,247.72,952.19,645.89,1,-1,-1,-1
368,21,486.40,212.92,666.63,648.00,1,-1,-1,-1
368,85,944.71,433.66,1054.96,620.16,1,-1,-1,-1
368,50,1482.52,362.08,1637.56,680.58,1,-1,-1,-1
368,93,1643.53,342.79,1798.63,678.21,1,-1,-1,-1
369,1,1130.44,302.78,1281.41,643.35,1,-1,-1,-1
369,21,481.53,210.04,663.80,650.66,1,-1,-1,-1
369,85,941.80,434.50,1051.83,621.07,1,-1,-1,-1
369,50,1473.36,360.49,1629.97,683.74,1,-1,-1,-1
369,93,1643.30,344.09,1798.82,681.45,1,-1,-1,-1
370,1,676.59,236.41,858.81,650.51,1,-1,-1,-1
370,12,1415.21,340.91,1550.11,644.54,1,-1,-1,-1
370,21,481.09,210.43,663.85,652.25,1,-1,-1,-1
370,85,941.03,434.75,1050.73,620.70,1,-1,-1,-1
370,50,1465.53,358.53,1622.96,685.57,1,-1,-1,-1
370,93,1639.72,343.80,1795.63,681.99,1,-1,-1,-1
371,1,524.84,214.82,716.37,652.39,1,-1,-1,-1
371,12,1415.95,331.79,1555.53,645.87,1,-1,-1,-1
371,85,940.59,431.45,1050.86,618.54,1,-1,-1,-1
371,50,1454.36,358.41,1610.83,685.57,1,-1,-1,-1
372,1,468.85,207.29,662.75,651.81,1,-1,-1,-1
372,12,1416.40,331.76,1557.96,650.87,1,-1,-1,-1
372,85,941.05,430.17,1051.27,617.03,1,-1,-1,-1
372,50,1439.97,355.70,1597.99,688.16,1,-1,-1,-1
373,1,457.00,210.38,646.69,646.39,1,-1,-1,-1
373,12,1415.24,331.31,1557.64,652.34,1,-1,-1,-1
373,85,939.96,426.33,1053.02,619.10,1,-1,-1,-1
373,50,1423.44,344.83,1586.55,689.76,1,-1,-1,-1
374,1,454.97,214.66,643.76,649.29,1,-1,-1,-1
374,85,939.60,425.54,1053.16,619.86,1,-1,-1,-1
374,50,1417.03,354.98,1573.84,685.79,1,-1,-1,-1
374,93,1649.25,349.33,1806.03,690.37,1,-1,-1,-1
375,1,455.98,215.30,645.25,651.65,1,-1,-1,-1
375,85,934.88,424.57,1048.86,620.79,1,-1,-1,-1
375,50,1404.94,358.38,1560.36,686.15,1,-1,-1,-1
375,93,1646.65,353.32,1800.74,687.71,1,-1,-1,-1
376,1,459.62,217.75,646.80,650.56,1,-1,-1,-1
376,12,1445.90,332.63,1580.90,642.06,1,-1,-1,-1
376,85,931.70,424.57,1046.00,621.35,1,-1,-1,-1
376,50,1386.16,372.23,1533.26,680.96,1,-1,-1,-1
376,93,1636.38,350.66,1790.35,682.14,1,-1,-1,-1
377,1,466.57,215.72,655.00,653.32,1,-1,-1,-1
377,12,1445.59,332.82,1577.60,639.28,1,-1,-1,-1
377,85,921.28,421.81,1038.25,623.53,1,-1,-1,-1
377,50,1368.99,372.03,1513.91,675.57,1,-1,-1,-1
377,93,1631.00,346.34,1788.24,682.72,1,-1,-1,-1
378,1,470.82,214.50,659.80,654.33,1,-1,-1,-1
378,12,1445.13,327.55,1576.93,635.04,1,-1,-1,-1
378,85,920.08,423.18,1033.35,618.75,1,-1,-1,-1
378,50,1353.12,367.20,1497.93,668.93,1,-1,-1,-1
378,93,1633.91,340.78,1791.91,678.33,1,-1,-1,-1
379,1,474.51,209.69,663.76,651.40,1,-1,-1,-1
379,12,1450.03,322.31,1580.12,628.19,1,-1,-1,-1
379,85,919.98,423.69,1032.11,616.98,1,-1,-1,-1
379,50,1337.27,358.01,1484.95,664.51,1,-1,-1,-1
379,93,1628.40,329.44,1791.56,676.00,1,-1,-1,-1
380,1,479.77,196.94,673.00,651.53,1,-1,-1,-1
380,12,1452.50,317.71,1580.60,619.67,1,-1,-1,-1
380,85,908.31,416.58,1024.27,615.65,1,-1,-1,-1
380,50,1321.28,347.96,1471.93,660.27,1,-1,-1,-1
380,93,1627.28,322.59,1791.25,669.25,1,-1,-1,-1
381,1,484.43,194.18,676.56,649.60,1,-1,-1,-1
381,12,1449.79,316.69,1576.30,614.52,1,-1,-1,-1
381,85,904.15,415.76,1020.48,615.47,1,-1,-1,-1
381,50,1300.32,341.56,1454.57,660.72,1,-1,-1,-1
381,93,1627.74,323.98,1788.45,662.08,1,-1,-1,-1
382,1,487.82,193.36,678.53,648.80,1,-1,-1,-1
382,12,1441.51,311.04,1571.83,617.35,1,-1,-1,-1
382,50,1284.61,335.26,1439.00,655.71,1,-1,-1,-1
382,93,1623.27,318.64,1784.22,656.73,1,-1,-1,-1
383,1,487.13,195.23,674.97,646.51,1,-1,-1,-1
383,12,1436.50,305.06,1571.45,621.74,1,-1,-1,-1
383,85,888.05,412.34,999.90,604.10,1,-1,-1,-1
383,50,1273.01,328.97,1429.90,657.16,1,-1,-1,-1
383,93,1620.91,315.41,1782.83,656.14,1,-1,-1,-1
384,1,487.35,195.50,674.54,646.27,1,-1,-1,-1
384,12,1435.57,301.55,1570.33,617.60,1,-1,-1,-1
384,85,884.49,411.80,996.28,602.95,1,-1,-1,-1
384,50,1259.60,320.15,1418.74,655.80,1,-1,-1,-1
384,93,1622.21,317.57,1780.92,652.04,1,-1,-1,-1
385,1,485.29,199.70,669.62,642.22,1,-1,-1,-1
385,12,1434.59,299.65,1569.87,616.70,1,-1,-1,-1
385,85,880.08,412.95,989.61,600.57,1,-1,-1,-1
385,50,1251.72,323.39,1408.38,656.65,1,-1,-1,-1
385,93,1626.16,315.85,1785.58,653.24,1,-1,-1,-1
386,1,485.02,206.12,669.06,645.30,1,-1,-1,-1
386,12,1434.74,304.28,1569.84,619.70,1,-1,-1,-1
386,85,878.03,412.75,987.94,601.74,1,-1,-1,-1
386,50,1243.60,318.22,1400.81,655.73,1,-1,-1,-1
386,93,1632.73,314.62,1792.22,653.75,1,-1,-1,-1
387,1,483.83,205.99,670.65,649.12,1,-1,-1,-1
387,12,1434.41,309.44,1570.91,626.18,1,-1,-1,-1
387,85,878.23,416.01,988.00,606.19,1,-1,-1,-1
387,50,1235.20,316.36,1394.95,663.28,1,-1,-1,-1
387,93,1643.01,311.59,1804.82,657.31,1,-1,-1,-1
388,1,487.38,203.38,678.23,653.83,1,-1,-1,-1
388,12,1438.42,312.09,1575.76,629.30,1,-1,-1,-1
388,85,882.75,417.92,991.84,608.56,1,-1,-1,-1
388,50,1222.50,313.15,1385.43,670.09,1,-1,-1,-1
388,93,1649.08,305.26,1816.56,664.60,1,-1,-1,-1
389,1,490.03,214.25,680.81,662.15,1,-1,-1,-1
389,12,1440.63,319.73,1576.92,632.47,1,-1,-1,-1
389,85,880.24,422.62,989.22,614.10,1,-1,-1,-1
389,50,1209.13,317.19,1372.26,676.61,1,-1,-1,-1
389,93,1655.32,315.24,1817.01,664.15,1,-1,-1,-1
390,1,490.94,217.85,683.01,665.96,1,-1,-1,-1
390,12,1441.69,323.98,1577.12,633.66,1,-1,-1,-1
390,85,878.64,423.06,988.46,617.51,1,-1,-1,-1
390,50,1191.65,326.70,1351.72,679.78,1,-1,-1,-1
390,93,1661.26,320.64,1822.79,671.94,1,-1,-1,-1
391,1,490.12,215.93,685.82,669.97,1,-1,-1,-1
391,12,1437.71,325.56,1572.91,633.42,1,-1,-1,-1
391,85,875.73,423.61,985.72,618.35,1,-1,-1,-1
391,50,1170.63,323.22,1332.80,679.65,1,-1,-1,-1
391,93,1664.75,324.65,1823.53,672.20,1,-1,-1,-1
392,1,493.20,207.34,693.30,670.76,1,-1,-1,-1
392,12,1440.44,326.12,1575.70,632.65,1,-1,-1,-1
392,50,1159.66,324.57,1319.74,676.30,1,-1,-1,-1
392,93,1665.34,324.22,1825.00,674.92,1,-1,-1,-1
393,1,1110.56,279.81,1268.46,641.61,1,-1,-1,-1
393,12,1440.80,326.90,1575.87,633.01,1,-1,-1,-1
393,50,1149.06,317.23,1311.74,674.31,1,-1,-1,-1
393,93,1668.97,316.16,1831.22,674.60,1,-1,-1,-1
394,1,700.92,226.58,885.97,649.54,1,-1,-1,-1
394,53,1444.75,317.00,1584.06,625.37,1,-1,-1,-1
394,50,1143.07,319.10,1302.38,668.31,1,-1,-1,-1
394,93,1675.94,310.50,1837.62,667.92,1,-1,-1,-1
395,1,590.96,207.80,783.04,647.27,1,-1,-1,-1
395,53,1150.12,311.61,1309.87,660.07,1,-1,-1,-1
395,50,1130.46,317.74,1290.21,667.92,1,-1,-1,-1
395,93,1682.13,306.39,1844.93,667.29,1,-1,-1,-1
396,1,552.02,192.44,745.44,636.61,1,-1,-1,-1
396,12,1451.94,308.61,1591.83,624.24,1,-1,-1,-1
396,53,1124.68,312.80,1284.37,660.87,1,-1,-1,-1
396,93,1685.12,304.68,1848.63,667.16,1,-1,-1,-1
397,1,548.13,188.54,739.11,629.17,1,-1,-1,-1
397,12,1452.55,305.09,1595.06,625.25,1,-1,-1,-1
397,53,1557.07,313.52,1719.67,671.73,1,-1,-1,-1
398,1,552.79,188.57,741.33,625.05,1,-1,-1,-1
398,12,1458.03,305.85,1600.09,624.28,1,-1,-1,-1
398,53,1257.35,308.43,1420.51,668.25,1,-1,-1,-1
399,1,556.21,190.09,741.84,621.59,1,-1,-1,-1
399,12,1459.75,304.87,1602.25,623.27,1,-1,-1,-1
399,53,1136.13,298.71,1301.45,665.32,1,-1,-1,-1
400,1,557.80,190.82,742.20,620.38,1,-1,-1,-1
400,12,1461.05,306.53,1602.26,621.59,1,-1,-1,-1
400,53,1085.80,298.85,1247.18,660.71,1,-1,-1,-1
401,1,549.13,185.93,734.00,617.37,1,-1,-1,-1
401,12,1459.29,307.86,1595.10,611.71,1,-1,-1,-1
401,53,1054.53,295.58,1212.35,652.72,1,-1,-1,-1
402,1,541.08,181.56,727.93,618.30,1,-1,-1,-1
402,12,1452.21,299.70,1589.24,607.33,1,-1,-1,-1
402,53,1029.33,294.49,1185.16,650.51,1,-1,-1,-1
402,93,1654.29,281.80,1825.65,662.26,1,-1,-1,-1
403,1,533.37,180.69,720.54,618.73,1,-1,-1,-1
403,12,1450.75,298.07,1585.94,603.80,1,-1,-1,-1
403,53,1005.31,290.11,1163.35,652.47,1,-1,-1,-1
403,93,1650.54,281.75,1816.90,651.70,1,-1,-1,-1
404,1,527.43,183.12,713.00,617.00,1,-1,-1,-1
404,12,1447.85,296.85,1578.39,594.58,1,-1,-1,-1
404,53,981.21,291.92,1134.70,641.86,1,-1,-1,-1
404,93,1648.23,275.10,1814.96,646.10,1,-1,-1,-1
405,1,521.23,189.47,705.67,619.06,1,-1,-1,-1
405,12,1438.93,289.09,1573.33,597.90,1,-1,-1,-1
405,53,959.13,293.43,1110.74,637.19,1,-1,-1,-1
405,93,1647.77,274.04,1813.24,642.11,1,-1,-1,-1
406,1,512.71,187.98,700.58,623.88,1,-1,-1,-1
406,12,1437.71,291.54,1568.84,594.58,1,-1,-1,-1
406,53,937.68,295.40,1088.13,634.23,1,-1,-1,-1
406,93,1648.57,275.75,1811.05,638.03,1,-1,-1,-1
407,1,515.35,190.10,702.65,624.40,1,-1,-1,-1
407,12,1436.31,289.85,1567.16,592.23,1,-1,-1,-1
407,53,1255.82,290.79,1396.90,609.65,1,-1,-1,-1
407,93,1649.87,283.16,1809.31,639.24,1,-1,-1,-1
408,1,517.43,198.24,702.48,625.95,1,-1,-1,-1
408,53,1376.66,295.31,1513.08,603.38,1,-1,-1,-1
408,50,902.58,307.86,1054.06,638.45,1,-1,-1,-1
408,93,1652.15,290.02,1806.96,637.11,1,-1,-1,-1
409,1,524.21,208.68,706.40,629.21,1,-1,-1,-1
409,53,1419.32,299.01,1552.71,600.00,1,-1,-1,-1
409,50,884.82,306.99,1041.12,646.90,1,-1,-1,-1
409,93,1653.81,297.32,1806.01,639.76,1,-1,-1,-1
410,1,530.79,209.25,714.37,633.11,1,-1,-1,-1
410,53,1432.53,303.78,1566.17,604.48,1,-1,-1,-1
410,50,869.34,307.36,1026.93,649.34,1,-1,-1,-1
410,93,1653.48,299.34,1806.00,642.81,1,-1,-1,-1
411,1,535.90,205.46,723.58,638.51,1,-1,-1,-1
411,53,1435.81,310.22,1570.01,610.99,1,-1,-1,-1
411,50,859.19,307.54,1017.27,650.29,1,-1,-1,-1
411,93,1655.15,306.72,1805.59,645.98,1,-1,-1,-1
412,1,535.82,199.41,729.28,645.12,1,-1,-1,-1
412,53,1435.55,313.90,1570.34,612.86,1,-1,-1,-1
412,50,846.09,306.31,1005.66,651.33,1,-1,-1,-1
412,93,1660.56,315.46,1809.39,649.88,1,-1,-1,-1
413,1,536.16,192.54,731.91,643.68,1,-1,-1,-1
413,53,1433.39,315.20,1569.48,613.65,1,-1,-1,-1
413,50,832.37,306.53,992.07,651.73,1,-1,-1,-1
413,93,1661.86,317.98,1811.55,652.68,1,-1,-1,-1
414,1,536.87,185.97,732.52,637.17,1,-1,-1,-1
414,53,1431.08,314.94,1568.79,614.02,1,-1,-1,-1
414,50,818.24,306.64,977.90,651.89,1,-1,-1,-1
414,93,1661.71,317.49,1812.97,655.04,1,-1,-1,-1
415,1,545.76,181.52,742.01,635.93,1,-1,-1,-1
415,53,1589.84,315.45,1739.55,640.90,1,-1,-1,-1
415,50,803.86,300.75,964.24,648.64,1,-1,-1,-1
415,93,1662.39,319.61,1812.99,655.71,1,-1,-1,-1
416,1,548.91,173.99,746.58,632.17,1,-1,-1,-1
416,53,1496.53,304.69,1641.57,618.51,1,-1,-1,-1
416,50,799.42,297.89,959.21,647.42,1,-1,-1,-1
417,1,556.68,174.47,751.60,626.79,1,-1,-1,-1
417,53,1460.46,299.57,1603.79,608.64,1,-1,-1,-1
417,50,796.61,301.47,949.65,641.70,1,-1,-1,-1
417,93,1663.61,298.50,1823.55,652.76,1,-1,-1,-1
418,1,548.00,166.17,746.03,626.06,1,-1,-1,-1
418,53,1007.07,295.02,1158.93,626.98,1,-1,-1,-1
418,50,783.84,300.70,936.75,640.63,1,-1,-1,-1
418,93,1660.02,297.33,1819.58,649.65,1,-1,-1,-1
419,1,545.00,167.72,743.67,629.73,1,-1,-1,-1
419,12,1413.64,290.60,1549.42,596.39,1,-1,-1,-1
419,53,830.18,299.81,981.30,634.93,1,-1,-1,-1
419,93,1649.55,297.58,1808.12,646.54,1,-1,-1,-1
420,1,545.07,171.70,740.90,627.88,1,-1,-1,-1
420,12,1412.39,289.39,1550.27,597.40,1,-1,-1,-1
420,53,744.46,304.36,893.35,636.10,1,-1,-1,-1
420,93,1644.25,290.42,1805.17,644.05,1,-1,-1,-1
421,1,545.87,179.27,739.78,631.14,1,-1,-1,-1
421,12,1416.47,289.65,1554.63,597.08,1,-1,-1,-1
421,53,699.91,302.85,847.07,631.22,1,-1,-1,-1
421,93,1643.22,289.73,1803.17,640.51,1,-1,-1,-1
422,1,541.70,186.81,734.59,636.36,1,-1,-1,-1
422,12,1417.88,283.81,1557.16,593.66,1,-1,-1,-1
422,53,676.37,307.55,821.92,631.97,1,-1,-1,-1
422,93,1647.58,284.89,1807.67,635.22,1,-1,-1,-1
423,1,540.90,191.65,731.92,636.33,1,-1,-1,-1
423,12,1417.20,282.84,1556.67,593.11,1,-1,-1,-1
423,53,1151.32,290.78,1292.36,605.08,1,-1,-1,-1
423,93,1647.15,278.50,1810.85,636.57,1,-1,-1,-1
424,1,539.61,192.13,731.31,637.62,1,-1,-1,-1
424,53,1328.66,285.11,1467.41,594.23,1,-1,-1,-1
424,50,677.17,329.13,810.29,625.49,1,-1,-1,-1
424,93,1646.26,274.84,1812.80,639.08,1,-1,-1,-1
425,1,537.21,202.87,724.47,636.76,1,-1,-1,-1
425,53,1393.53,287.75,1531.11,594.33,1,-1,-1,-1
425,50,654.18,324.46,791.40,630.48,1,-1,-1,-1
425,93,1644.38,271.55,1814.46,642.70,1,-1,-1,-1
426,1,536.93,207.58,722.02,635.73,1,-1,-1,-1
426,53,1410.84,285.46,1550.77,597.16,1,-1,-1,-1
426,50,638.03,325.70,774.23,629.44,1,-1,-1,-1
426,93,1641.60,274.94,1808.04,638.88,1,-1,-1,-1
427,1,542.14,211.92,724.59,633.33,1,-1,-1,-1
427,53,1411.81,285.31,1552.41,598.29,1,-1,-1,-1
427,93,1636.17,276.37,1801.33,638.08,1,-1,-1,-1
428,1,546.51,208.09,731.92,636.45,1,-1,-1,-1
428,53,1570.06,288.62,1720.17,623.27,1,-1,-1,-1
428,93,1634.74,274.94,1800.24,637.42,1,-1,-1,-1
429,1,547.35,202.65,736.74,640.90,1,-1,-1,-1
429,12,1399.58,296.83,1537.20,603.21,1,-1,-1,-1
429,53,1625.60,283.43,1785.20,640.27,1,-1,-1,-1
430,1,550.12,207.12,735.44,637.30,1,-1,-1,-1
430,12,1397.79,297.48,1535.37,603.75,1,-1,-1,-1
430,53,1496.36,296.74,1641.88,621.98,1,-1,-1,-1
431,1,548.44,202.80,736.99,641.87,1,-1,-1,-1
431,53,1440.00,303.03,1578.76,613.50,1,-1,-1,-1
431,93,1633.25,294.82,1797.33,656.26,1,-1,-1,-1
432,1,556.06,209.07,739.16,637.63,1,-1,-1,-1
432,53,832.59,301.91,982.20,642.09,1,-1,-1,-1
432,93,1631.95,294.52,1798.23,662.67,1,-1,-1,-1
433,1,558.79,209.44,741.50,637.29,1,-1,-1,-1
433,12,1398.15,309.75,1536.37,616.64,1,-1,-1,-1
433,53,605.85,302.81,759.02,651.49,1,-1,-1,-1
433,93,1631.29,293.10,1799.39,666.14,1,-1,-1,-1
434,1,565.59,212.85,745.13,632.52,1,-1,-1,-1
434,12,1403.57,308.36,1540.12,611.89,1,-1,-1,-1
434,53,508.13,298.61,663.78,651.21,1,-1,-1,-1
434,93,1636.73,294.52,1803.38,664.77,1,-1,-1,-1
435,1,571.91,206.74,752.67,628.71,1,-1,-1,-1
435,12,1413.44,300.55,1551.38,608.27,1,-1,-1,-1
435,53,464.81,294.99,619.56,643.14,1,-1,-1,-1
435,93,1649.60,293.72,1812.68,656.90,1,-1,-1,-1
436,1,582.86,199.15,764.63,623.34,1,-1,-1,-1
436,12,1420.13,288.42,1561.70,606.92,1,-1,-1,-1
436,53,442.38,296.22,594.98,635.92,1,-1,-1,-1
436,93,1660.65,296.05,1818.68,649.20,1,-1,-1,-1
437,1,580.97,189.66,765.04,618.05,1,-1,-1,-1
437,12,1424.39,281.25,1565.10,599.88,1,-1,-1,-1
437,53,423.53,294.71,574.24,627.78,1,-1,-1,-1
437,93,1657.95,282.85,1818.99,642.94,1,-1,-1,-1
438,1,579.51,179.52,766.38,614.78,1,-1,-1,-1
438,12,1425.01,275.23,1567.33,599.11,1,-1,-1,-1
438,53,405.01,279.52,563.79,628.68,1,-1,-1,-1
438,93,1656.11,276.04,1819.87,641.99,1,-1,-1,-1
439,1,579.64,178.36,765.36,609.67,1,-1,-1,-1
439,12,1429.90,269.08,1571.90,594.26,1,-1,-1,-1
439,53,393.33,266.18,558.30,627.70,1,-1,-1,-1
439,93,1650.17,272.18,1816.15,642.32,1,-1,-1,-1
440,1,585.08,175.38,769.29,601.19,1,-1,-1,-1
440,12,1441.86,272.06,1582.45,595.71,1,-1,-1,-1
440,53,388.61,252.01,558.98,626.67,1,-1,-1,-1
440,93,1659.14,260.26,1831.64,645.10,1,-1,-1,-1
441,1,597.72,161.73,787.89,601.40,1,-1,-1,-1
441,12,1452.26,270.67,1590.36,589.05,1,-1,-1,-1
441,53,384.86,244.68,556.11,620.45,1,-1,-1,-1
441,93,1666.73,255.17,1842.33,646.83,1,-1,-1,-1
442,1,607.63,153.48,799.21,596.98,1,-1,-1,-1
442,12,1460.95,266.91,1596.98,581.92,1,-1,-1,-1
442,53,380.13,239.39,553.82,619.32,1,-1,-1,-1
442,93,1682.10,256.56,1852.14,635.15,1,-1,-1,-1
443,1,613.23,158.98,802.12,594.72,1,-1,-1,-1
443,12,1464.27,264.92,1599.76,579.31,1,-1,-1,-1
443,53,373.82,232.31,549.83,615.64,1,-1,-1,-1
443,93,1687.86,255.94,1855.93,630.60,1,-1,-1,-1
444,1,613.34,153.98,803.52,592.66,1,-1,-1,-1
444,12,1465.18,264.25,1600.19,577.74,1,-1,-1,-1
444,53,362.14,235.62,533.54,608.39,1,-1,-1,-1
444,93,1691.27,254.48,1855.82,621.68,1,-1,-1,-1
445,1,611.30,157.49,797.94,587.37,1,-1,-1,-1
445,12,1461.34,265.40,1594.95,575.90,1,-1,-1,-1
445,53,339.22,231.19,511.34,602.32,1,-1,-1,-1
445,93,1689.97,258.03,1849.40,615.07,1,-1,-1,-1
446,1,609.36,157.64,795.26,585.47,1,-1,-1,-1
446,12,1454.20,263.93,1589.09,577.29,1,-1,-1,-1
446,53,323.72,236.92,492.99,600.76,1,-1,-1,-1
446,93,1684.56,260.13,1841.58,612.04,1,-1,-1,-1
447,1,608.28,156.46,795.07,586.20,1,-1,-1,-1
447,12,1446.23,259.47,1582.15,574.57,1,-1,-1,-1
447,53,314.77,235.95,482.55,596.28,1,-1,-1,-1
447,93,1678.29,260.96,1834.09,611.03,1,-1,-1,-1
448,1,613.12,157.42,798.16,583.92,1,-1,-1,-1
448,12,1446.82,257.54,1582.82,572.83,1,-1,-1,-1
448,53,1050.15,249.63,1203.34,580.08,1,-1,-1,-1
448,93,1676.93,262.65,1830.92,608.77,1,-1,-1,-1
449,1,616.75,161.19,798.66,579.84,1,-1,-1,-1
449,53,1333.25,252.32,1482.47,575.40,1,-1,-1,-1
449,93,1674.65,256.64,1830.12,606.03,1,-1,-1,-1
450,1,617.98,164.68,797.44,577.08,1,-1,-1,-1
450,53,1431.41,250.58,1577.34,567.77,1,-1,-1,-1
450,93,1668.66,252.45,1825.68,605.11,1,-1,-1,-1
451,1,613.99,166.69,792.56,576.16,1,-1,-1,-1
451,53,1458.58,249.30,1604.18,565.83,1,-1,-1,-1
451,93,1665.52,245.64,1823.58,601.55,1,-1,-1,-1
452,1,608.37,173.46,785.41,578.58,1,-1,-1,-1
452,53,1461.48,250.19,1605.38,563.93,1,-1,-1,-1
452,85,512.31,357.06,617.93,559.07,1,-1,-1,-1
452,50,219.50,246.30,386.34,611.97,1,-1,-1,-1
452,93,1655.57,243.13,1814.44,600.96,1,-1,-1,-1
453,1,603.78,171.32,784.46,584.25,1,-1,-1,-1
453,53,1458.91,255.26,1601.56,567.43,1,-1,-1,-1
453,85,505.35,355.48,611.00,557.55,1,-1,-1,-1
453,50,203.46,243.10,371.44,611.31,1,-1,-1,-1
453,93,1647.61,247.55,1806.01,604.14,1,-1,-1,-1
454,1,603.12,177.12,783.71,589.03,1,-1,-1,-1
454,53,1452.01,263.18,1592.73,572.22,1,-1,-1,-1
454,93,1643.38,251.96,1803.52,612.71,1,-1,-1,-1
455,1,606.43,182.62,788.47,596.86,1,-1,-1,-1
455,53,1451.22,269.46,1592.15,580.82,1,-1,-1,-1
455,50,172.53,246.71,345.36,619.76,1,-1,-1,-1
455,93,1641.15,256.29,1804.04,622.55,1,-1,-1,-1
456,1,606.33,182.01,791.59,603.11,1,-1,-1,-1
456,53,1453.28,271.07,1594.82,586.04,1,-1,-1,-1
456,50,156.67,244.30,330.66,619.87,1,-1,-1,-1
456,93,1638.67,259.27,1806.06,634.82,1,-1,-1,-1
457,1,601.65,181.08,788.84,606.09,1,-1,-1,-1
457,53,1447.77,270.94,1589.64,588.01,1,-1,-1,-1
457,93,1639.22,264.32,1804.83,634.90,1,-1,-1,-1
458,1,594.82,175.43,783.59,603.89,1,-1,-1,-1
458,53,1439.39,266.20,1581.01,584.12,1,-1,-1,-1
458,93,1634.96,266.28,1799.80,634.19,1,-1,-1,-1
459,1,591.22,171.28,781.94,604.32,1,-1,-1,-1
459,53,1436.65,267.66,1574.69,578.68,1,-1,-1,-1
459,93,1633.39,262.37,1798.01,629.90,1,-1,-1,-1
460,1,589.99,170.35,781.22,605.10,1,-1,-1,-1
460,53,1433.10,264.84,1572.03,579.30,1,-1,-1,-1
460,85,445.38,357.59,558.11,573.18,1,-1,-1,-1
460,93,1634.35,262.86,1796.61,625.60,1,-1,-1,-1
461,1,589.82,174.61,781.37,609.96,1,-1,-1,-1
461,53,1431.72,269.07,1570.31,584.17,1,-1,-1,-1
461,85,437.36,357.24,550.77,574.13,1,-1,-1,-1
461,93,1640.03,270.33,1798.92,626.59,1,-1,-1,-1
462,1,589.42,180.84,781.16,615.71,1,-1,-1,-1
462,53,1425.39,275.94,1563.10,590.67,1,-1,-1,-1
462,85,429.17,365.64,544.56,587.62,1,-1,-1,-1
462,93,1637.28,276.45,1796.16,632.96,1,-1,-1,-1
463,1,581.82,191.76,770.79,619.16,1,-1,-1,-1
463,53,1413.51,281.80,1551.80,599.07,1,-1,-1,-1
463,85,421.11,366.21,537.37,589.87,1,-1,-1,-1
463,93,1636.42,283.99,1795.06,640.60,1,-1,-1,-1
464,1,578.56,200.52,766.63,625.04,1,-1,-1,-1
464,53,569.48,272.07,726.26,631.88,1,-1,-1,-1
464,93,1628.16,293.38,1784.16,644.76,1,-1,-1,-1
465,1,576.82,207.03,765.71,632.46,1,-1,-1,-1
465,12,1398.62,297.22,1535.63,616.22,1,-1,-1,-1
465,53,256.43,273.56,420.37,648.27,1,-1,-1,-1
465,93,1626.03,303.48,1779.17,648.92,1,-1,-1,-1
466,1,581.23,214.00,770.35,639.78,1,-1,-1,-1
466,12,1397.72,299.04,1534.16,617.41,1,-1,-1,-1
466,53,126.91,278.60,295.41,659.87,1,-1,-1,-1
466,85,484.01,397.10,596.56,612.83,1,-1,-1,-1
466,93,1623.01,302.45,1779.75,655.73,1,-1,-1,-1
467,1,588.98,220.47,774.07,638.45,1,-1,-1,-1
467,12,1393.70,306.29,1528.72,620.47,1,-1,-1,-1
467,53,70.42,286.36,240.42,666.81,1,-1,-1,-1
467,85,491.98,406.39,602.93,617.57,1,-1,-1,-1
467,93,1628.59,311.19,1782.61,657.52,1,-1,-1,-1
468,1,595.34,230.10,772.15,631.14,1,-1,-1,-1
468,12,1386.95,306.93,1523.44,622.87,1,-1,-1,-1
468,53,41.95,289.99,214.17,669.90,1,-1,-1,-1
468,85,486.54,412.78,594.22,616.44,1,-1,-1,-1
468,93,1625.22,312.37,1780.11,660.06,1,-1,-1,-1
469,1,593.27,234.86,766.47,628.25,1,-1,-1,-1
469,12,1383.96,309.20,1520.40,625.04,1,-1,-1,-1
469,53,881.47,301.10,1035.31,641.55,1,-1,-1,-1
469,85,474.22,413.61,583.07,617.89,1,-1,-1,-1
469,50,53.71,293.23,233.92,673.84,1,-1,-1,-1
469,93,1617.92,310.70,1774.75,662.24,1,-1,-1,-1
470,1,588.86,226.35,768.06,634.53,1,-1,-1,-1
470,12,1377.87,302.48,1514.71,618.42,1,-1,-1,-1
470,53,306.32,284.20,480.71,668.71,1,-1,-1,-1
470,85,465.62,415.80,573.17,616.31,1,-1,-1,-1
470,50,44.08,295.57,224.70,677.06,1,-1,-1,-1
470,93,1616.16,307.31,1772.55,657.69,1,-1,-1,-1
471,1,590.31,229.10,766.93,632.84,1,-1,-1,-1
471,12,1375.76,299.84,1513.60,617.83,1,-1,-1,-1
471,53,104.14,281.15,284.71,677.29,1,-1,-1,-1
471,85,457.03,414.43,566.23,616.93,1,-1,-1,-1
471,93,1609.15,297.95,1768.97,655.19,1,-1,-1,-1
472,1,590.47,234.00,766.28,636.08,1,-1,-1,-1
472,12,1374.95,298.23,1514.04,618.27,1,-1,-1,-1
472,53,303.67,364.11,432.94,641.92,1,-1,-1,-1
472,85,454.16,417.40,562.98,619.19,1,-1,-1,-1
472,93,1605.31,295.70,1768.99,660.77,1,-1,-1,-1
473,1,589.65,239.04,766.96,643.89,1,-1,-1,-1
473,12,1372.06,298.75,1511.31,619.18,1,-1,-1,-1
473,53,1095.19,315.15,1238.56,625.98,1,-1,-1,-1
473,85,451.25,413.80,562.89,619.53,1,-1,-1,-1
473,93,1602.43,292.20,1770.60,666.12,1,-1,-1,-1
474,1,585.86,243.46,762.13,645.42,1,-1,-1,-1
474,53,1302.88,309.38,1446.79,623.87,1,-1,-1,-1
474,85,445.47,417.36,557.93,624.56,1,-1,-1,-1
474,93,1602.09,296.70,1770.61,670.70,1,-1,-1,-1
475,1,582.08,245.65,761.35,653.20,1,-1,-1,-1
475,53,1382.31,310.40,1523.76,621.08,1,-1,-1,-1
475,85,439.34,421.90,551.74,629.63,1,-1,-1,-1
475,93,1601.02,296.47,1771.75,675.01,1,-1,-1,-1
476,1,580.90,245.70,762.21,658.00,1,-1,-1,-1
476,53,1409.59,316.16,1548.68,623.40,1,-1,-1,-1
476,85,435.83,424.52,548.26,632.30,1,-1,-1,-1
476,93,1600.78,301.59,1772.16,681.13,1,-1,-1,-1
477,1,583.12,242.31,767.84,663.00,1,-1,-1,-1
477,53,1421.65,319.64,1558.20,623.63,1,-1,-1,-1
477,85,436.33,424.69,549.26,634.22,1,-1,-1,-1
477,93,1599.77,301.56,1773.37,685.35,1,-1,-1,-1
478,1,587.71,253.37,766.92,660.21,1,-1,-1,-1
478,53,1429.02,327.60,1561.73,625.08,1,-1,-1,-1
478,85,436.85,426.35,547.70,632.23,1,-1,-1,-1
478,93,1605.69,309.36,1777.45,688.15,1,-1,-1,-1
479,1,598.64,251.52,776.81,654.95,1,-1,-1,-1
479,53,1432.74,322.43,1566.45,624.29,1,-1,-1,-1
479,85,437.00,421.55,547.99,627.45,1,-1,-1,-1
479,93,1604.55,310.99,1776.96,691.22,1,-1,-1,-1
480,1,609.83,236.79,791.90,649.60,1,-1,-1,-1
480,53,1437.17,315.85,1571.19,620.02,1,-1,-1,-1
480,85,439.34,418.39,547.32,618.34,1,-1,-1,-1
481,1,624.00,227.98,805.78,641.01,1,-1,-1,-1
481,53,1436.72,312.01,1571.19,618.43,1,-1,-1,-1
481,85,435.67,413.10,541.80,608.80,1,-1,-1,-1
482,1,623.45,216.01,808.29,636.37,1,-1,-1,-1
482,53,1429.94,305.94,1565.18,614.55,1,-1,-1,-1
482,85,433.62,413.37,539.11,607.88,1,-1,-1,-1
483,1,633.72,210.21,815.58,626.10,1,-1,-1,-1
483,53,787.17,370.34,887.68,592.65,1,-1,-1,-1
484,1,641.69,205.41,824.61,624.83,1,-1,-1,-1
484,12,1419.25,303.04,1554.16,613.37,1,-1,-1,-1
484,53,746.18,376.65,842.25,589.15,1,-1,-1,-1
485,1,655.60,206.97,835.90,621.12,1,-1,-1,-1
485,12,1430.54,300.32,1567.10,615.18,1,-1,-1,-1
485,85,454.19,396.15,555.68,580.89,1,-1,-1,-1
486,1,663.90,204.35,846.08,623.08,1,-1,-1,-1
486,12,1440.20,303.47,1574.40,612.43,1,-1,-1,-1
486,85,454.89,394.61,555.39,577.54,1,-1,-1,-1
487,1,661.46,203.44,844.56,625.19,1,-1,-1,-1
487,12,1437.98,302.64,1573.36,612.72,1,-1,-1,-1
488,1,656.75,205.14,838.14,624.06,1,-1,-1,-1
488,12,1432.20,302.98,1567.71,612.84,1,-1,-1,-1
488,53,434.77,398.16,523.42,587.47,1,-1,-1,-1
489,1,645.65,210.49,826.75,627.64,1,-1,-1,-1
489,12,1421.29,309.08,1556.14,615.55,1,-1,-1,-1
489,53,376.78,404.03,461.71,585.41,1,-1,-1,-1
490,1,641.62,213.88,821.38,627.70,1,-1,-1,-1
490,12,1421.96,310.08,1556.44,615.74,1,-1,-1,-1
490,53,1213.73,324.99,1344.46,604.51,1,-1,-1,-1
491,1,630.57,214.52,811.49,630.40,1,-1,-1,-1
491,53,1347.59,312.13,1485.34,607.47,1,-1,-1,-1
492,1,621.63,218.73,803.27,634.72,1,-1,-1,-1
492,53,1399.02,304.11,1541.86,610.04,1,-1,-1,-1
492,93,1636.31,290.80,1807.08,668.22,1,-1,-1,-1
493,1,617.64,219.67,800.11,637.02,1,-1,-1,-1
493,53,1416.94,299.81,1562.55,612.31,1,-1,-1,-1
493,93,1637.97,289.94,1808.80,667.50,1,-1,-1,-1
494,1,610.97,220.01,794.27,639.19,1,-1,-1,-1
494,53,1417.39,294.50,1563.27,608.74,1,-1,-1,-1
495,1,604.05,220.79,787.32,638.67,1,-1,-1,-1
495,53,1415.45,292.62,1560.30,607.28,1,-1,-1,-1
496,1,590.42,218.42,776.00,641.74,1,-1,-1,-1
496,53,1409.94,299.18,1551.34,607.97,1,-1,-1,-1
497,1,577.70,223.44,762.44,644.85,1,-1,-1,-1
497,12,1373.81,304.55,1507.73,612.21,1,-1,-1,-1
497,53,1458.73,294.46,1602.58,608.61,1,-1,-1,-1
498,1,568.16,226.01,751.67,645.33,1,-1,-1,-1
498,12,1362.87,309.67,1494.69,614.75,1,-1,-1,-1
499,1,554.73,224.97,739.28,647.46,1,-1,-1,-1
499,12,1349.40,310.72,1481.51,618.27,1,-1,-1,-1
500,1,539.41,216.64,726.82,646.90,1,-1,-1,-1
500,12,1339.32,311.09,1471.47,619.56,1,-1,-1,-1
501,1,526.83,220.04,710.31,640.76,1,-1,-1,-1
501,12,1321.61,313.86,1454.91,625.31,1,-1,-1,-1
502,1,507.06,214.05,690.98,636.35,1,-1,-1,-1
502,12,1306.55,316.19,1439.05,626.15,1,-1,-1,-1
503,1,491.19,211.83,675.00,634.04,1,-1,-1,-1
503,12,1296.44,314.40,1427.41,621.13,1,-1,-1,-1
504,1,479.75,209.04,665.18,634.50,1,-1,-1,-1
504,12,1284.35,314.36,1414.04,617.20,1,-1,-1,-1
505,1,470.35,211.31,658.05,640.62,1,-1,-1,-1
505,12,1279.16,313.65,1409.04,616.38,1,-1,-1,-1
505,93,1515.31,293.73,1680.17,662.92,1,-1,-1,-1
506,1,464.64,222.72,649.00,642.95,1,-1,-1,-1
506,12,1273.69,310.05,1402.71,610.11,1,-1,-1,-1
506,93,1508.50,293.23,1668.79,653.74,1,-1,-1,-1
507,1,461.73,225.12,646.51,645.82,1,-1,-1,-1
507,12,1268.80,312.67,1394.55,603.77,1,-1,-1,-1
507,93,1496.69,288.36,1655.83,646.75,1,-1,-1,-1
508,1,455.39,224.01,642.86,649.51,1,-1,-1,-1
508,12,1265.83,310.97,1392.72,604.11,1,-1,-1,-1
508,93,1488.44,286.59,1646.87,644.92,1,-1,-1,-1
509,1,451.56,220.27,642.85,653.51,1,-1,-1,-1
509,12,1259.72,308.35,1388.90,605.61,1,-1,-1,-1
509,93,1485.25,290.62,1642.98,647.66,1,-1,-1,-1
510,1,445.96,224.08,639.04,658.25,1,-1,-1,-1
510,12,1257.03,306.05,1388.37,608.19,1,-1,-1,-1
510,93,1480.33,294.16,1636.59,647.43,1,-1,-1,-1
511,1,444.34,226.84,637.67,659.36,1,-1,-1,-1
511,12,1256.24,305.19,1388.44,609.19,1,-1,-1,-1
511,93,1473.27,292.82,1631.39,650.07,1,-1,-1,-1
512,1,443.58,227.87,637.21,659.70,1,-1,-1,-1
512,12,1257.15,306.20,1388.42,608.28,1,-1,-1,-1
512,93,1470.36,292.31,1629.59,651.75,1,-1,-1,-1
513,1,438.54,228.89,632.38,659.11,1,-1,-1,-1
513,12,1257.35,310.57,1388.37,612.58,1,-1,-1,-1
513,93,1469.88,298.07,1628.86,655.06,1,-1,-1,-1
514,1,438.05,231.23,630.92,656.85,1,-1,-1,-1
514,12,1258.01,313.55,1388.13,614.21,1,-1,-1,-1
514,93,1469.80,304.90,1629.05,659.65,1,-1,-1,-1
515,1,437.96,232.74,630.09,655.94,1,-1,-1,-1
515,12,1254.36,315.99,1383.02,613.50,1,-1,-1,-1
515,93,1463.38,303.44,1627.34,666.03,1,-1,-1,-1
516,1,437.67,232.60,630.43,656.23,1,-1,-1,-1
516,12,1253.02,321.54,1380.72,617.20,1,-1,-1,-1
516,93,1453.80,298.26,1624.35,672.98,1,-1,-1,-1
517,1,442.34,231.19,635.38,656.97,1,-1,-1,-1
517,12,1252.58,323.58,1380.10,619.24,1,-1,-1,-1
517,93,1458.45,309.30,1624.37,671.66,1,-1,-1,-1
518,1,444.59,231.29,637.05,656.56,1,-1,-1,-1
518,12,1252.84,324.96,1379.72,619.32,1,-1,-1,-1
518,93,1465.39,314.26,1629.20,670.38,1,-1,-1,-1
519,1,445.79,231.30,637.59,655.72,1,-1,-1,-1
519,12,1253.25,324.77,1380.20,619.33,1,-1,-1,-1
519,93,1474.96,319.38,1634.98,666.52,1,-1,-1,-1
519,109,915.08,434.56,1009.92,621.42,1,-1,-1,-1
520,1,452.39,229.96,641.11,648.11,1,-1,-1,-1
520,12,1253.88,325.31,1380.13,617.98,1,-1,-1,-1
520,93,1486.30,313.84,1647.73,663.69,1,-1,-1,-1
520,109,910.81,431.19,1004.17,614.74,1,-1,-1,-1
521,1,455.22,229.43,642.95,645.22,1,-1,-1,-1
521,12,1257.65,319.49,1385.40,614.79,1,-1,-1,-1
521,93,1509.19,320.37,1662.28,652.69,1,-1,-1,-1
521,109,909.51,424.87,1003.10,608.22,1,-1,-1,-1
522,1,464.13,221.25,653.82,642.83,1,-1,-1,-1
522,12,1268.86,318.61,1396.21,612.27,1,-1,-1,-1
522,93,1515.50,313.29,1670.31,649.16,1,-1,-1,-1
522,109,908.31,422.52,1001.10,604.29,1,-1,-1,-1
523,1,473.55,220.18,662.37,640.65,1,-1,-1,-1
523,12,1277.36,311.64,1406.77,608.67,1,-1,-1,-1
523,93,1526.12,308.72,1683.38,649.92,1,-1,-1,-1
524,1,487.03,225.76,673.56,642.50,1,-1,-1,-1
524,12,1284.58,309.03,1415.25,608.00,1,-1,-1,-1
524,93,1534.15,301.70,1693.27,646.29,1,-1,-1,-1
525,1,491.20,230.54,678.60,649.22,1,-1,-1,-1
525,12,1287.36,312.02,1419.00,611.72,1,-1,-1,-1
525,93,1540.22,301.03,1702.95,652.88,1,-1,-1,-1
525,109,936.36,430.87,1027.00,607.88,1,-1,-1,-1
526,1,493.33,233.65,680.39,651.09,1,-1,-1,-1
526,12,1297.34,313.84,1429.17,613.15,1,-1,-1,-1
526,93,1541.25,298.17,1708.23,658.03,1,-1,-1,-1
526,109,939.80,430.76,1029.63,606.19,1,-1,-1,-1
527,1,496.63,230.83,686.97,655.10,1,-1,-1,-1
527,12,1306.75,322.47,1435.81,614.36,1,-1,-1,-1
527,93,1545.92,301.67,1714.80,664.58,1,-1,-1,-1
527,109,938.06,428.48,1032.94,612.27,1,-1,-1,-1
528,1,507.75,226.47,698.45,651.99,1,-1,-1,-1
528,12,1313.61,317.75,1445.46,614.82,1,-1,-1,-1
528,85,-15.40,436.95,82.88,604.92,1,-1,-1,-1
528,93,1555.01,299.78,1728.03,670.37,1,-1,-1,-1
528,109,943.16,428.71,1038.41,611.88,1,-1,-1,-1
529,1,511.44,228.09,703.79,656.05,1,-1,-1,-1
529,12,1324.58,314.02,1458.81,616.31,1,-1,-1,-1
529,85,-27.99,438.27,70.18,606.07,1,-1,-1,-1
529,93,1566.59,297.77,1742.89,673.84,1,-1,-1,-1
529,109,945.00,425.45,1040.22,608.41,1,-1,-1,-1
530,1,512.94,225.41,705.43,652.30,1,-1,-1,-1
530,12,1333.40,313.91,1467.46,615.55,1,-1,-1,-1
530,93,1570.87,297.67,1748.38,673.83,1,-1,-1,-1
530,109,948.95,422.26,1045.39,607.81,1,-1,-1,-1
531,1,512.21,221.76,707.05,652.84,1,-1,-1,-1
531,12,1336.82,313.89,1470.98,615.25,1,-1,-1,-1
531,93,1576.41,297.01,1755.29,674.41,1,-1,-1,-1
531,109,945.38,419.77,1043.57,608.28,1,-1,-1,-1
532,1,506.97,219.73,703.18,653.03,1,-1,-1,-1
532,12,1333.41,309.26,1468.05,611.17,1,-1,-1,-1
532,93,1578.25,292.84,1757.75,670.00,1,-1,-1,-1
532,109,937.71,411.63,1039.12,606.52,1,-1,-1,-1
533,1,505.04,215.70,700.10,646.52,1,-1,-1,-1
533,12,1331.22,306.21,1466.82,610.29,1,-1,-1,-1
533,93,1573.18,289.31,1754.81,669.58,1,-1,-1,-1
533,109,931.95,412.50,1031.03,601.97,1,-1,-1,-1
534,1,494.78,213.54,690.42,645.35,1,-1,-1,-1
534,12,1330.76,306.40,1465.05,608.65,1,-1,-1,-1
534,93,1566.48,283.42,1749.59,665.47,1,-1,-1,-1
534,109,920.13,411.62,1019.32,600.90,1,-1,-1,-1
535,1,491.24,214.08,685.67,643.61,1,-1,-1,-1
535,12,1320.03,302.55,1456.79,611.35,1,-1,-1,-1
535,93,1559.84,282.54,1742.16,662.57,1,-1,-1,-1
535,109,919.28,410.06,1018.63,599.65,1,-1,-1,-1
536,1,486.65,216.98,678.49,641.65,1,-1,-1,-1
536,12,1316.43,302.44,1453.13,611.72,1,-1,-1,-1
536,93,1552.33,286.89,1734.15,664.76,1,-1,-1,-1
537,1,484.28,221.43,675.75,645.59,1,-1,-1,-1
537,12,1315.38,308.37,1450.61,615.15,1,-1,-1,-1
537,93,1553.95,288.59,1735.73,666.25,1,-1,-1,-1
537,114,893.86,417.78,992.55,607.35,1,-1,-1,-1
538,1,484.22,224.44,674.60,646.42,1,-1,-1,-1
538,12,1315.26,311.32,1449.29,616.46,1,-1,-1,-1
538,93,1559.96,295.21,1740.07,670.11,1,-1,-1,-1
538,114,894.88,429.51,988.18,608.11,1,-1,-1,-1
539,1,482.88,223.59,674.89,649.40,1,-1,-1,-1
539,12,1315.38,316.42,1449.22,621.57,1,-1,-1,-1
539,93,1558.61,304.36,1735.96,674.87,1,-1,-1,-1
539,114,888.98,433.64,982.05,611.32,1,-1,-1,-1
540,1,477.99,223.26,670.85,650.52,1,-1,-1,-1
540,12,1314.24,320.31,1450.34,631.40,1,-1,-1,-1
540,93,1563.07,313.77,1738.60,680.62,1,-1,-1,-1
540,114,880.77,435.42,977.30,619.56,1,-1,-1,-1
541,1,478.87,223.78,675.24,658.85,1,-1,-1,-1
541,12,1313.92,326.99,1450.62,639.65,1,-1,-1,-1
541,93,1566.00,323.90,1738.89,685.39,1,-1,-1,-1
541,114,878.71,441.42,975.27,625.74,1,-1,-1,-1
542,1,477.62,224.64,679.19,670.50,1,-1,-1,-1
542,12,1319.74,341.34,1453.95,647.99,1,-1,-1,-1
542,93,1566.72,332.27,1738.59,692.44,1,-1,-1,-1
542,114,881.83,446.80,980.11,634.71,1,-1,-1,-1
543,1,472.97,232.13,674.48,676.85,1,-1,-1,-1
543,12,1316.30,344.76,1451.55,653.71,1,-1,-1,-1
543,93,1566.80,339.26,1738.55,699.64,1,-1,-1,-1
543,114,877.41,448.55,977.52,639.83,1,-1,-1,-1
544,1,468.85,239.62,666.49,674.59,1,-1,-1,-1
544,12,1309.79,344.62,1446.61,657.06,1,-1,-1,-1
544,93,1562.73,343.07,1733.26,700.91,1,-1,-1,-1
544,114,874.65,453.06,974.92,644.64,1,-1,-1,-1
545,1,463.03,243.09,658.47,672.29,1,-1,-1,-1
545,12,1303.20,345.78,1439.65,656.89,1,-1,-1,-1
545,93,1556.66,345.00,1726.39,700.60,1,-1,-1,-1
546,1,461.85,242.99,653.95,664.70,1,-1,-1,-1
546,12,1300.90,341.49,1437.46,652.72,1,-1,-1,-1
546,93,1549.97,341.59,1718.91,695.72,1,-1,-1,-1
546,115,848.50,439.59,952.32,634.17,1,-1,-1,-1
547,1,457.55,244.21,646.95,659.80,1,-1,-1,-1
547,12,1293.63,335.82,1433.21,653.68,1,-1,-1,-1
547,93,1550.49,336.85,1722.42,695.79,1,-1,-1,-1
547,115,840.78,432.93,945.71,629.34,1,-1,-1,-1
548,1,450.16,241.27,641.63,660.62,1,-1,-1,-1
548,12,1292.18,332.34,1430.40,647.42,1,-1,-1,-1
548,93,1542.16,336.31,1713.84,695.11,1,-1,-1,-1
548,115,828.91,432.39,932.06,625.57,1,-1,-1,-1
549,1,448.83,238.81,638.43,654.30,1,-1,-1,-1
549,12,1286.87,330.30,1424.97,645.58,1,-1,-1,-1
549,93,1540.71,338.04,1712.15,696.34,1,-1,-1,-1
549,115,819.42,431.78,922.61,625.13,1,-1,-1,-1
550,1,446.58,237.83,639.22,660.55,1,-1,-1,-1
550,12,1289.79,330.17,1426.70,643.53,1,-1,-1,-1
550,115,811.25,431.03,915.07,625.79,1,-1,-1,-1
551,1,449.20,234.81,644.80,665.52,1,-1,-1,-1
551,12,1295.37,329.45,1431.64,643.38,1,-1,-1,-1
551,115,804.14,435.01,907.62,629.55,1,-1,-1,-1
551,116,1520.32,325.03,1698.44,689.97,1,-1,-1,-1
552,1,456.11,240.21,650.36,670.02,1,-1,-1,-1
552,12,1299.24,335.78,1433.14,645.94,1,-1,-1,-1
552,115,796.88,440.66,900.72,636.44,1,-1,-1,-1
552,116,1524.29,326.62,1705.49,697.56,1,-1,-1,-1
553,1,455.33,243.60,647.50,671.05,1,-1,-1,-1
553,12,1298.81,336.53,1432.70,646.67,1,-1,-1,-1
553,115,793.53,442.12,898.80,641.01,1,-1,-1,-1
553,116,1524.83,327.11,1707.87,701.46,1,-1,-1,-1
554,1,459.62,248.16,651.18,676.03,1,-1,-1,-1
554,115,788.72,447.34,894.21,646.69,1,-1,-1,-1
554,116,1530.70,327.95,1713.55,701.95,1,-1,-1,-1
555,1,460.47,248.51,652.73,679.83,1,-1,-1,-1
555,115,782.41,449.31,888.25,649.45,1,-1,-1,-1
555,116,1539.79,337.98,1717.48,701.98,1,-1,-1,-1
555,119,1306.63,347.58,1430.37,653.22,1,-1,-1,-1
556,1,460.43,247.28,653.71,682.53,1,-1,-1,-1
556,115,780.95,452.69,884.94,649.10,1,-1,-1,-1
556,116,1543.93,342.24,1718.48,701.17,1,-1,-1,-1
556,119,1311.62,349.63,1433.81,651.44,1,-1,-1,-1
557,1,456.00,246.77,649.98,684.14,1,-1,-1,-1
557,115,780.32,457.27,883.70,652.89,1,-1,-1,-1
557,116,1549.68,342.96,1723.23,701.49,1,-1,-1,-1
557,119,1307.99,347.99,1431.93,653.88,1,-1,-1,-1
558,1,455.86,254.44,647.03,685.34,1,-1,-1,-1
558,115,776.92,460.26,878.86,653.57,1,-1,-1,-1
558,116,1556.56,342.42,1730.10,702.23,1,-1,-1,-1
558,119,1309.14,348.12,1436.71,662.56,1,-1,-1,-1
559,1,455.65,257.98,645.47,686.38,1,-1,-1,-1
559,115,776.47,463.32,876.66,653.75,1,-1,-1,-1
559,116,1558.49,344.82,1733.61,709.19,1,-1,-1,-1
559,119,1304.63,346.77,1435.65,668.34,1,-1,-1,-1
560,1,457.55,266.54,644.29,688.03,1,-1,-1,-1
560,115,775.46,467.06,875.78,658.43,1,-1,-1,-1
560,116,1564.41,351.65,1738.76,715.73,1,-1,-1,-1
560,119,1307.71,355.76,1439.97,678.51,1,-1,-1,-1
561,1,455.80,269.68,645.04,697.23,1,-1,-1,-1
561,115,770.42,467.06,872.47,662.10,1,-1,-1,-1
561,116,1565.87,356.79,1741.14,724.11,1,-1,-1,-1
561,119,1313.32,361.14,1445.20,681.49,1,-1,-1,-1
562,1,456.03,267.48,645.80,695.97,1,-1,-1,-1
562,115,766.72,468.96,871.35,669.33,1,-1,-1,-1
562,116,1571.28,360.60,1745.50,726.47,1,-1,-1,-1
562,119,1314.45,365.77,1448.04,688.48,1,-1,-1,-1
563,1,461.80,269.84,649.04,692.09,1,-1,-1,-1
563,115,771.39,471.59,874.28,669.39,1,-1,-1,-1
563,116,1578.48,362.57,1751.65,726.56,1,-1,-1,-1
563,119,1324.77,368.07,1458.44,689.58,1,-1,-1,-1
564,1,471.80,266.66,661.10,693.18,1,-1,-1,-1
564,115,778.79,469.87,880.16,664.65,1,-1,-1,-1
564,116,1593.56,359.20,1769.87,729.79,1,-1,-1,-1
564,119,1328.25,362.82,1463.96,687.14,1,-1,-1,-1
565,1,480.48,266.73,669.84,692.23,1,-1,-1,-1
565,115,785.75,467.81,887.08,662.77,1,-1,-1,-1
565,116,1602.83,355.88,1781.94,732.88,1,-1,-1,-1
565,119,1338.11,360.78,1475.15,686.09,1,-1,-1,-1
566,1,483.62,262.73,673.21,687.17,1,-1,-1,-1
566,115,788.83,467.00,889.97,662.01,1,-1,-1,-1
566,116,1606.63,359.79,1786.49,738.55,1,-1,-1,-1
566,119,1346.44,360.61,1483.81,684.91,1,-1,-1,-1
567,1,485.22,258.53,673.89,677.95,1,-1,-1,-1
567,115,785.74,462.68,887.46,659.04,1,-1,-1,-1
567,116,1607.25,364.51,1788.57,746.52,1,-1,-1,-1
567,119,1349.32,360.50,1487.71,685.02,1,-1,-1,-1
568,1,486.28,253.59,674.17,668.47,1,-1,-1,-1
568,115,785.24,460.37,886.56,656.57,1,-1,-1,-1
568,116,1615.63,369.52,1798.51,754.68,1,-1,-1,-1
568,119,1354.13,359.11,1494.38,686.31,1,-1,-1,-1
569,1,496.40,249.08,683.02,658.97,1,-1,-1,-1
569,115,788.37,454.19,890.89,652.97,1,-1,-1,-1
569,116,1624.47,368.71,1806.08,751.08,1,-1,-1,-1
569,119,1364.13,356.58,1506.85,688.04,1,-1,-1,-1
570,1,509.87,248.74,695.13,654.16,1,-1,-1,-1
570,115,793.64,451.21,897.03,652.26,1,-1,-1,-1
570,116,1635.67,361.05,1819.13,747.55,1,-1,-1,-1
570,119,1377.08,352.97,1519.83,683.38,1,-1,-1,-1
571,1,519.48,248.65,704.16,651.80,1,-1,-1,-1
571,115,796.64,450.76,899.04,650.69,1,-1,-1,-1
571,116,1644.78,358.76,1827.94,745.46,1,-1,-1,-1
571,119,1392.13,352.91,1533.38,678.88,1,-1,-1,-1
572,1,518.18,248.65,703.42,651.02,1,-1,-1,-1
572,115,797.41,449.97,899.50,649.44,1,-1,-1,-1
572,116,1654.74,357.19,1834.14,736.67,1,-1,-1,-1
572,119,1397.92,352.23,1538.58,677.13,1,-1,-1,-1
573,1,511.98,248.01,698.55,651.50,1,-1,-1,-1
573,115,788.45,447.06,893.05,651.63,1,-1,-1,-1
573,116,1656.05,351.91,1837.70,736.54,1,-1,-1,-1
573,119,1405.28,350.00,1543.44,669.84,1,-1,-1,-1
574,1,505.01,248.45,691.83,651.11,1,-1,-1,-1
574,115,780.82,447.30,885.08,651.15,1,-1,-1,-1
574,116,1658.78,349.94,1836.37,727.92,1,-1,-1,-1
574,119,1403.05,347.17,1541.71,668.41,1,-1,-1,-1
575,1,495.17,244.00,686.34,655.03,1,-1,-1,-1
575,115,772.79,444.81,875.94,646.37,1,-1,-1,-1
575,116,1652.18,338.57,1833.59,726.58,1,-1,-1,-1
575,119,1402.07,347.46,1539.45,665.92,1,-1,-1,-1
576,1,491.46,243.67,683.59,655.23,1,-1,-1,-1
576,115,765.52,442.58,868.85,644.56,1,-1,-1,-1
576,116,1647.86,334.38,1825.64,716.92,1,-1,-1,-1
576,119,1397.45,345.61,1533.07,659.69,1,-1,-1,-1
577,1,484.17,240.29,680.44,658.66,1,-1,-1,-1
577,115,757.87,441.12,862.02,644.57,1,-1,-1,-1
577,116,1647.89,335.48,1820.42,708.57,1,-1,-1,-1
577,119,1390.51,342.95,1526.82,658.06,1,-1,-1,-1
578,1,480.40,238.39,679.62,661.29,1,-1,-1,-1
578,115,751.38,443.25,853.36,642.63,1,-1,-1,-1
578,116,1644.14,333.98,1812.56,698.81,1,-1,-1,-1
578,119,1387.33,342.65,1523.54,656.84,1,-1,-1,-1
579,1,470.24,239.02,669.69,660.35,1,-1,-1,-1
579,115,743.20,440.79,847.39,644.58,1,-1,-1,-1
579,116,1642.02,333.49,1808.79,695.28,1,-1,-1,-1
579,119,1381.90,338.59,1518.38,651.80,1,-1,-1,-1
