3,1,598.00,200.00,758.00,530.00,1,-1,-1,-1
4,1,598.00,200.00,758.00,530.00,1,-1,-1,-1
5,1,606.82,191.89,760.25,507.13,1,-1,-1,-1
6,1,607.08,178.91,763.70,500.20,1,-1,-1,-1
7,1,608.09,176.14,763.81,494.61,1,-1,-1,-1
8,1,610.63,176.78,761.51,483.92,1,-1,-1,-1
9,1,608.75,175.17,754.95,472.77,1,-1,-1,-1
10,1,607.99,174.77,752.62,469.16,1,-1,-1,-1
11,1,609.06,172.02,751.55,462.05,1,-1,-1,-1
13,1,610.60,170.43,745.99,444.49,1,-1,-1,-1
14,1,610.55,170.18,745.47,441.95,1,-1,-1,-1
15,1,610.34,170.10,745.50,441.16,1,-1,-1,-1
16,1,610.06,170.14,745.73,441.11,1,-1,-1,-1
17,1,609.78,170.23,746.02,441.32,1,-1,-1,-1
18,1,610.42,168.93,745.01,436.75,1,-1,-1,-1
20,1,617.13,143.74,751.56,408.21,1,-1,-1,-1
20,21,463.19,124.97,595.81,419.77,1,-1,-1,-1
21,1,615.89,132.40,754.75,403.23,1,-1,-1,-1
21,21,462.59,121.91,596.41,419.41,1,-1,-1,-1
22,1,615.62,128.58,755.02,399.56,1,-1,-1,-1
22,21,461.32,113.75,597.68,416.39,1,-1,-1,-1
23,1,615.35,127.33,755.24,398.43,1,-1,-1,-1
23,21,460.93,111.99,598.07,415.82,1,-1,-1,-1
24,1,614.74,120.40,757.11,394.93,1,-1,-1,-1
24,21,465.84,106.67,602.88,410.79,1,-1,-1,-1
25,1,614.93,113.99,757.36,387.87,1,-1,-1,-1
25,21,467.94,99.44,604.96,404.24,1,-1,-1,-1
26,1,615.64,109.30,757.61,382.31,1,-1,-1,-1
26,21,472.15,92.24,609.65,399.21,1,-1,-1,-1
27,21,474.96,87.08,611.38,392.08,1,-1,-1,-1
28,21,480.40,80.68,616.22,384.18,1,-1,-1,-1
29,21,483.26,77.16,618.39,380.04,1,-1,-1,-1
30,1,623.48,90.04,760.84,353.61,1,-1,-1,-1
30,21,485.62,74.06,617.72,370.65,1,-1,-1,-1
31,1,624.03,83.70,761.25,347.14,1,-1,-1,-1
31,21,487.04,69.77,617.41,362.62,1,-1,-1,-1
32,1,622.84,73.59,763.43,343.66,1,-1,-1,-1
32,21,487.45,63.68,617.25,355.82,1,-1,-1,-1
33,1,623.46,67.38,762.48,335.30,1,-1,-1,-1
33,21,486.58,56.27,617.41,350.16,1,-1,-1,-1
34,1,624.25,61.81,762.97,329.14,1,-1,-1,-1
34,21,486.64,52.36,616.96,345.59,1,-1,-1,-1
35,21,486.67,51.10,616.68,344.09,1,-1,-1,-1
36,1,627.78,49.25,769.81,324.60,1,-1,-1,-1
36,21,486.02,41.53,617.80,338.42,1,-1,-1,-1
37,1,629.39,45.88,771.17,323.13,1,-1,-1,-1
37,21,488.47,34.81,622.71,337.12,1,-1,-1,-1
38,1,630.26,44.75,771.33,322.67,1,-1,-1,-1
38,21,489.35,32.44,624.55,336.80,1,-1,-1,-1
39,1,630.80,44.52,771.10,322.67,1,-1,-1,-1
39,21,489.63,31.75,625.21,336.85,1,-1,-1,-1
40,1,631.20,44.61,770.75,322.83,1,-1,-1,-1
40,21,489.68,31.68,625.41,337.03,1,-1,-1,-1
41,1,629.70,32.95,772.19,317.77,1,-1,-1,-1
41,21,491.19,25.89,625.23,326.69,1,-1,-1,-1
42,1,628.27,22.81,773.55,314.02,1,-1,-1,-1
42,21,496.22,23.87,628.58,322.24,1,-1,-1,-1
43,1,627.82,19.10,773.27,311.40,1,-1,-1,-1
43,21,499.58,24.60,628.93,317.41,1,-1,-1,-1
44,1,627.73,17.89,773.03,310.55,1,-1,-1,-1
44,21,500.92,25.04,628.87,315.76,1,-1,-1,-1
45,1,627.78,17.62,772.81,310.35,1,-1,-1,-1
45,21,501.49,25.33,628.67,315.30,1,-1,-1,-1
46,1,627.87,17.70,772.62,310.40,1,-1,-1,-1
46,21,501.76,25.55,628.44,315.27,1,-1,-1,-1
47,1,627.97,17.88,772.46,310.53,1,-1,-1,-1
47,21,501.92,25.73,628.21,315.39,1,-1,-1,-1
48,1,628.06,18.10,772.31,310.68,1,-1,-1,-1
48,21,502.02,25.89,627.99,315.55,1,-1,-1,-1
49,1,629.59,7.11,770.08,292.38,1,-1,-1,-1
49,21,502.98,24.10,628.69,313.18,1,-1,-1,-1
50,1,626.84,-0.26,764.54,281.52,1,-1,-1,-1
51,1,630.01,-5.52,766.27,272.97,1,-1,-1,-1
52,1,626.66,-9.97,763.47,270.63,1,-1,-1,-1
53,1,630.75,-12.81,765.69,263.97,1,-1,-1,-1
54,1,632.32,-13.68,766.55,261.66,1,-1,-1,-1
55,1,637.30,-18.51,771.77,255.67,1,-1,-1,-1
56,1,638.93,-20.16,773.93,253.60,1,-1,-1,-1
57,1,640.34,-19.30,773.88,250.36,1,-1,-1,-1
58,1,640.68,-18.82,773.98,249.33,1,-1,-1,-1
59,1,641.20,-21.86,774.22,244.45,1,-1,-1,-1
60,1,641.18,-22.88,774.47,242.79,1,-1,-1,-1
61,1,640.97,-23.16,774.70,242.32,1,-1,-1,-1
62,1,640.72,-23.17,774.91,242.29,1,-1,-1,-1
63,1,640.47,-23.08,775.10,242.40,1,-1,-1,-1
64,1,640.23,-22.97,775.28,242.56,1,-1,-1,-1
65,1,640.01,-22.87,775.44,242.72,1,-1,-1,-1
66,1,640.54,-24.27,775.63,240.65,1,-1,-1,-1
67,21,533.50,-29.81,652.29,237.29,1,-1,-1,-1
68,21,533.22,-30.80,653.57,235.89,1,-1,-1,-1
69,21,534.82,-33.50,654.68,232.09,1,-1,-1,-1
71,1,663.21,-31.02,791.30,221.62,1,-1,-1,-1
72,1,665.16,-31.42,792.20,220.34,1,-1,-1,-1
73,1,669.21,-32.90,797.82,221.91,1,-1,-1,-1
74,1,667.49,-32.74,795.02,221.90,1,-1,-1,-1
75,1,666.99,-32.63,793.65,221.98,1,-1,-1,-1
76,1,668.52,-33.62,794.83,220.28,1,-1,-1,-1
79,1,669.09,-44.06,800.19,220.35,1,-1,-1,-1
80,1,669.27,-45.25,800.63,220.40,1,-1,-1,-1
81,1,667.14,-51.58,795.71,209.89,1,-1,-1,-1
82,1,667.77,-52.58,792.98,203.31,1,-1,-1,-1
83,1,667.40,-56.20,791.17,196.26,1,-1,-1,-1
84,1,667.19,-57.47,790.55,193.74,1,-1,-1,-1
85,1,667.03,-57.86,790.36,192.92,1,-1,-1,-1
86,1,666.91,-57.93,790.34,192.72,1,-1,-1,-1
87,1,666.02,-68.49,790.51,184.12,1,-1,-1,-1
88,1,665.65,-72.39,790.60,180.99,1,-1,-1,-1
89,1,665.48,-73.75,790.65,179.93,1,-1,-1,-1
89,35,1096.00,-157.00,1215.00,28.00,1,-1,-1,-1
90,1,665.39,-74.16,790.69,179.65,1,-1,-1,-1
90,35,1096.00,-157.00,1215.00,28.00,1,-1,-1,-1
91,1,664.92,-80.16,791.14,175.69,1,-1,-1,-1
91,35,1096.00,-157.00,1215.00,28.00,1,-1,-1,-1
92,1,664.76,-82.33,791.29,174.29,1,-1,-1,-1
93,1,664.72,-83.05,791.32,173.87,1,-1,-1,-1
94,1,664.71,-85.57,791.39,171.49,1,-1,-1,-1
94,21,547.86,-81.07,666.29,171.88,1,-1,-1,-1
95,21,547.82,-79.58,666.52,169.84,1,-1,-1,-1
96,21,546.80,-80.37,667.60,169.85,1,-1,-1,-1
97,21,546.13,-81.94,668.92,169.94,1,-1,-1,-1
98,21,545.64,-82.47,669.63,170.05,1,-1,-1,-1
99,21,545.26,-82.61,670.06,170.17,1,-1,-1,-1
100,21,548.43,-90.59,675.53,168.28,1,-1,-1,-1
101,21,549.76,-93.52,677.40,167.62,1,-1,-1,-1
102,21,550.10,-99.17,678.21,164.13,1,-1,-1,-1
103,21,550.35,-101.23,678.33,162.85,1,-1,-1,-1
104,21,550.54,-101.92,678.22,162.43,1,-1,-1,-1
105,21,550.70,-102.09,678.03,162.33,1,-1,-1,-1
106,21,550.84,-102.07,677.83,162.34,1,-1,-1,-1
107,21,550.95,-101.98,677.64,162.39,1,-1,-1,-1
108,21,551.06,-101.88,677.47,162.45,1,-1,-1,-1
109,21,551.77,-99.80,676.04,160.53,1,-1,-1,-1
109,35,964.80,-171.94,1105.17,48.92,1,-1,-1,-1
110,21,552.09,-98.96,675.41,159.84,1,-1,-1,-1
110,35,962.70,-172.25,1102.32,49.35,1,-1,-1,-1
111,21,552.25,-98.60,675.11,159.62,1,-1,-1,-1
111,35,962.33,-172.34,1101.16,49.48,1,-1,-1,-1
112,21,552.35,-98.44,674.93,159.58,1,-1,-1,-1
112,35,962.61,-172.35,1100.73,49.49,1,-1,-1,-1
113,21,552.42,-98.35,674.82,159.59,1,-1,-1,-1
113,35,963.09,-172.33,1100.59,49.46,1,-1,-1,-1
114,21,546.89,-99.62,671.05,161.61,1,-1,-1,-1
114,35,958.33,-172.87,1096.63,50.22,1,-1,-1,-1
115,21,541.81,-98.10,665.40,161.73,1,-1,-1,-1
116,21,539.86,-94.85,661.30,159.81,1,-1,-1,-1
116,39,302.59,-119.54,409.48,50.90,1,-1,-1,-1
117,21,539.51,-90.28,660.11,161.77,1,-1,-1,-1
117,35,1010.68,-170.54,1164.24,81.07,1,-1,-1,-1
117,39,305.92,-127.39,421.85,56.65,1,-1,-1,-1
118,21,534.95,-91.91,656.20,160.51,1,-1,-1,-1
118,35,1021.43,-150.59,1167.57,92.01,1,-1,-1,-1
118,39,311.92,-130.01,432.23,59.99,1,-1,-1,-1
119,1,652.88,-95.26,776.26,159.77,1,-1,-1,-1
119,21,533.64,-91.62,654.59,160.16,1,-1,-1,-1
119,35,1022.99,-129.20,1161.92,105.25,1,-1,-1,-1
119,39,317.83,-139.59,441.46,54.20,1,-1,-1,-1
120,1,652.34,-95.56,775.68,159.38,1,-1,-1,-1
120,21,531.16,-91.85,655.47,167.00,1,-1,-1,-1
120,35,1019.24,-117.94,1153.98,112.71,1,-1,-1,-1
120,39,325.72,-154.43,458.25,51.19,1,-1,-1,-1
121,21,531.18,-90.53,655.46,167.81,1,-1,-1,-1
121,35,1009.76,-123.82,1151.69,121.27,1,-1,-1,-1
121,39,332.28,-155.25,469.72,55.26,1,-1,-1,-1
122,21,531.66,-88.74,655.04,167.44,1,-1,-1,-1
122,35,1009.72,-120.62,1153.00,126.82,1,-1,-1,-1
122,39,334.68,-154.57,473.75,56.17,1,-1,-1,-1
123,21,536.21,-87.42,658.56,166.61,1,-1,-1,-1
123,39,333.44,-161.25,477.45,55.16,1,-1,-1,-1
124,21,536.93,-84.95,660.94,172.26,1,-1,-1,-1
124,39,330.81,-166.23,480.57,57.98,1,-1,-1,-1
124,42,897.18,-85.72,1003.74,146.25,1,-1,-1,-1
125,21,539.39,-80.76,660.99,171.06,1,-1,-1,-1
125,35,993.06,-85.66,1125.82,146.55,1,-1,-1,-1
125,39,338.59,-140.26,480.33,71.94,1,-1,-1,-1
125,42,891.88,-74.41,994.44,148.27,1,-1,-1,-1
126,21,539.39,-79.58,660.73,171.68,1,-1,-1,-1
126,35,987.90,-73.72,1114.68,150.00,1,-1,-1,-1
126,39,339.00,-136.09,482.86,79.48,1,-1,-1,-1
126,42,887.89,-68.23,988.80,150.88,1,-1,-1,-1
127,21,538.30,-82.79,664.02,177.55,1,-1,-1,-1
127,35,985.88,-67.59,1112.35,155.57,1,-1,-1,-1
127,39,338.79,-135.17,483.92,83.51,1,-1,-1,-1
127,42,877.37,-62.87,979.21,157.41,1,-1,-1,-1
128,21,542.40,-78.69,667.72,181.58,1,-1,-1,-1
128,35,979.85,-57.14,1104.63,162.61,1,-1,-1,-1
128,39,344.98,-123.03,486.19,90.16,1,-1,-1,-1
128,42,871.83,-49.04,970.16,163.14,1,-1,-1,-1
129,21,545.27,-73.91,667.69,181.04,1,-1,-1,-1
129,35,972.92,-52.22,1099.25,170.85,1,-1,-1,-1
129,39,340.03,-128.83,485.38,91.26,1,-1,-1,-1
129,42,868.78,-45.39,968.13,168.44,1,-1,-1,-1
130,21,546.43,-68.82,667.57,184.10,1,-1,-1,-1
130,35,966.57,-45.27,1092.77,177.63,1,-1,-1,-1
130,39,342.40,-129.12,490.12,94.56,1,-1,-1,-1
130,42,863.23,-39.55,963.37,175.64,1,-1,-1,-1
131,21,547.30,-65.66,667.71,186.52,1,-1,-1,-1
131,35,960.66,-36.27,1084.14,182.59,1,-1,-1,-1
131,42,860.07,-35.00,961.91,183.51,1,-1,-1,-1
132,21,546.79,-63.22,668.56,192.67,1,-1,-1,-1
132,35,952.04,-33.84,1077.58,188.86,1,-1,-1,-1
132,39,335.22,-149.11,500.91,101.86,1,-1,-1,-1
132,42,854.73,-28.88,957.25,190.91,1,-1,-1,-1
133,21,546.23,-63.03,669.22,195.58,1,-1,-1,-1
133,35,943.14,-32.48,1072.54,198.92,1,-1,-1,-1
133,39,339.27,-150.44,506.71,102.47,1,-1,-1,-1
133,42,848.82,-21.52,951.14,198.14,1,-1,-1,-1
134,1,652.09,-65.45,776.69,200.39,1,-1,-1,-1
134,21,546.58,-61.18,669.73,197.75,1,-1,-1,-1
134,35,938.44,-25.62,1070.29,211.66,1,-1,-1,-1
134,39,340.69,-160.60,508.87,93.57,1,-1,-1,-1
134,42,843.84,-15.06,945.81,203.85,1,-1,-1,-1
135,1,654.09,-59.82,774.80,203.61,1,-1,-1,-1
135,21,546.38,-62.18,669.89,198.43,1,-1,-1,-1
135,35,933.47,-16.67,1063.15,219.59,1,-1,-1,-1
135,39,338.74,-158.62,511.99,103.62,1,-1,-1,-1
136,1,654.19,-59.89,774.07,207.35,1,-1,-1,-1
136,21,546.65,-60.63,670.38,200.45,1,-1,-1,-1
136,35,924.11,-6.89,1050.48,225.63,1,-1,-1,-1
136,39,338.31,-167.42,512.06,96.51,1,-1,-1,-1
136,42,834.60,2.25,934.40,217.60,1,-1,-1,-1
137,1,658.63,-59.32,777.95,208.67,1,-1,-1,-1
137,35,916.79,0.54,1041.88,232.91,1,-1,-1,-1
137,39,350.99,-150.08,517.78,102.01,1,-1,-1,-1
137,42,829.67,9.18,929.02,223.57,1,-1,-1,-1
138,1,660.72,-57.86,779.04,209.06,1,-1,-1,-1
138,35,911.93,3.10,1041.14,244.64,1,-1,-1,-1
138,39,361.66,-145.09,523.99,98.11,1,-1,-1,-1
139,1,657.69,-54.07,775.97,214.41,1,-1,-1,-1
139,35,903.93,6.50,1037.56,257.29,1,-1,-1,-1
139,39,372.50,-139.19,527.86,90.57,1,-1,-1,-1
140,1,657.67,-52.14,776.23,216.98,1,-1,-1,-1
140,35,897.44,17.96,1030.23,267.10,1,-1,-1,-1
140,39,371.75,-151.81,532.40,84.29,1,-1,-1,-1
141,35,893.88,25.45,1029.54,279.08,1,-1,-1,-1
141,39,374.03,-154.35,540.56,89.95,1,-1,-1,-1
141,42,780.14,30.55,894.52,273.75,1,-1,-1,-1
142,21,544.97,-39.69,671.35,227.13,1,-1,-1,-1
142,35,890.00,41.77,1022.37,287.92,1,-1,-1,-1
142,39,374.03,-149.39,544.93,101.88,1,-1,-1,-1
142,42,775.52,42.86,890.50,284.68,1,-1,-1,-1
143,21,544.97,-37.21,671.69,230.32,1,-1,-1,-1
143,35,882.72,48.44,1017.93,299.52,1,-1,-1,-1
143,39,377.43,-132.47,543.57,113.62,1,-1,-1,-1
143,42,766.10,56.45,879.44,290.50,1,-1,-1,-1
144,1,663.74,-25.82,777.63,229.76,1,-1,-1,-1
144,35,875.33,59.88,1010.77,310.80,1,-1,-1,-1
144,39,381.92,-125.15,547.42,122.76,1,-1,-1,-1
144,42,758.68,63.98,872.44,298.88,1,-1,-1,-1
145,1,659.33,-21.36,774.27,236.39,1,-1,-1,-1
145,35,864.79,71.20,997.76,317.39,1,-1,-1,-1
145,39,385.99,-114.57,546.90,130.02,1,-1,-1,-1
146,1,659.40,-17.66,774.12,239.60,1,-1,-1,-1
146,35,859.08,81.80,993.65,330.76,1,-1,-1,-1
146,39,392.08,-106.64,551.12,137.28,1,-1,-1,-1
147,35,852.29,89.44,988.60,342.04,1,-1,-1,-1
147,39,395.66,-97.82,551.83,143.16,1,-1,-1,-1
148,1,657.11,-6.64,773.39,251.95,1,-1,-1,-1
148,35,845.55,97.94,982.09,351.24,1,-1,-1,-1
148,39,396.66,-91.30,551.48,150.52,1,-1,-1,-1
149,1,656.98,-2.57,773.15,255.77,1,-1,-1,-1
149,35,841.05,107.44,980.03,363.57,1,-1,-1,-1
149,39,396.43,-89.67,551.73,156.42,1,-1,-1,-1
149,42,740.46,115.88,856.55,354.89,1,-1,-1,-1
150,21,544.60,-0.93,669.64,262.52,1,-1,-1,-1
150,35,835.97,117.95,974.52,371.85,1,-1,-1,-1
150,39,398.86,-85.72,554.76,161.31,1,-1,-1,-1
150,42,734.84,127.62,849.71,363.45,1,-1,-1,-1
151,21,542.87,1.60,670.49,270.33,1,-1,-1,-1
151,35,829.97,126.69,969.06,381.57,1,-1,-1,-1
151,42,725.09,133.55,845.30,380.28,1,-1,-1,-1
152,21,544.74,10.41,670.33,274.22,1,-1,-1,-1
152,42,717.58,142.73,838.08,388.89,1,-1,-1,-1
153,21,544.23,16.91,670.82,282.16,1,-1,-1,-1
153,35,814.59,144.02,957.22,403.53,1,-1,-1,-1
153,42,712.78,159.04,828.48,395.05,1,-1,-1,-1
154,21,544.36,24.47,671.35,288.93,1,-1,-1,-1
154,35,808.31,152.75,951.62,413.49,1,-1,-1,-1
154,42,706.30,170.86,820.69,403.56,1,-1,-1,-1
155,21,548.59,31.12,675.97,295.94,1,-1,-1,-1
155,35,802.13,165.02,952.16,432.51,1,-1,-1,-1
155,42,694.84,184.21,809.34,414.36,1,-1,-1,-1
155,50,301.31,-66.11,415.68,186.06,1,-1,-1,-1
156,21,551.92,41.37,676.63,301.04,1,-1,-1,-1
156,35,795.85,181.37,945.82,444.46,1,-1,-1,-1
156,42,682.78,198.13,794.74,420.02,1,-1,-1,-1
156,50,300.33,-62.57,417.33,195.25,1,-1,-1,-1
157,21,551.38,45.02,679.29,312.07,1,-1,-1,-1
157,35,789.82,191.18,940.45,455.43,1,-1,-1,-1
157,42,675.36,206.22,792.15,435.14,1,-1,-1,-1
157,50,298.96,-58.60,418.76,205.32,1,-1,-1,-1
158,21,555.69,52.79,683.59,320.59,1,-1,-1,-1
158,35,780.59,209.55,922.06,454.43,1,-1,-1,-1
158,42,669.17,218.16,785.80,445.02,1,-1,-1,-1
158,50,297.41,-55.24,420.95,216.96,1,-1,-1,-1
159,21,561.72,59.49,689.38,328.22,1,-1,-1,-1
159,35,774.33,220.22,915.28,464.19,1,-1,-1,-1
159,42,663.38,230.88,778.83,454.98,1,-1,-1,-1
159,50,302.67,-46.64,424.73,222.21,1,-1,-1,-1
160,21,563.80,64.45,693.65,338.79,1,-1,-1,-1
160,39,423.31,-34.35,591.50,239.14,1,-1,-1,-1
160,42,660.72,241.21,775.97,463.63,1,-1,-1,-1
160,50,303.24,-42.69,426.86,229.61,1,-1,-1,-1
161,21,566.96,68.10,699.98,349.77,1,-1,-1,-1
161,35,748.09,237.64,895.22,493.41,1,-1,-1,-1
161,39,429.30,-30.54,598.35,250.04,1,-1,-1,-1
161,42,654.40,251.92,769.16,473.41,1,-1,-1,-1
162,21,574.39,77.12,705.81,355.69,1,-1,-1,-1
162,35,740.37,247.90,887.79,504.18,1,-1,-1,-1
162,39,433.05,-24.66,598.40,257.09,1,-1,-1,-1
163,21,576.98,83.66,708.83,363.58,1,-1,-1,-1
163,39,435.46,-18.00,597.23,264.10,1,-1,-1,-1
164,1,715.74,107.38,839.60,368.30,1,-1,-1,-1
164,21,579.33,89.60,711.76,370.74,1,-1,-1,-1
164,35,730.51,272.30,880.17,527.65,1,-1,-1,-1
164,39,439.85,-16.94,602.23,270.44,1,-1,-1,-1
165,1,719.73,115.44,847.18,375.76,1,-1,-1,-1
165,35,723.47,282.94,873.32,538.61,1,-1,-1,-1
165,39,438.11,-12.78,598.89,275.88,1,-1,-1,-1
166,1,721.24,121.46,850.88,384.24,1,-1,-1,-1
166,39,439.94,-8.24,602.05,282.80,1,-1,-1,-1
167,1,726.02,130.74,856.38,394.43,1,-1,-1,-1
167,35,702.56,305.73,855.38,568.58,1,-1,-1,-1
167,42,592.04,304.63,725.43,566.16,1,-1,-1,-1
168,1,731.88,138.62,863.39,404.62,1,-1,-1,-1
168,35,695.32,316.17,846.99,576.73,1,-1,-1,-1
168,39,445.92,-4.04,611.09,296.11,1,-1,-1,-1
168,42,583.59,314.37,718.46,578.79,1,-1,-1,-1
169,1,736.06,147.92,865.11,409.51,1,-1,-1,-1
169,35,682.48,330.29,835.34,594.00,1,-1,-1,-1
169,39,446.49,6.74,604.23,296.27,1,-1,-1,-1
169,53,862.68,121.84,936.58,280.80,1,-1,-1,-1
170,1,738.04,156.45,864.99,415.00,1,-1,-1,-1
170,35,674.03,341.79,826.58,606.00,1,-1,-1,-1
170,39,444.85,7.82,602.84,300.83,1,-1,-1,-1
170,53,860.40,124.49,937.91,291.76,1,-1,-1,-1
171,1,742.08,163.34,868.67,422.75,1,-1,-1,-1
171,35,667.50,360.87,818.62,619.97,1,-1,-1,-1
171,39,446.10,14.68,600.38,304.33,1,-1,-1,-1
171,53,860.84,133.81,937.17,298.69,1,-1,-1,-1
172,1,744.90,170.94,870.46,431.34,1,-1,-1,-1
172,35,658.39,370.97,812.32,634.05,1,-1,-1,-1
172,39,450.62,19.76,605.17,312.68,1,-1,-1,-1
172,53,860.42,139.02,937.28,305.03,1,-1,-1,-1
173,1,750.05,177.49,875.36,439.59,1,-1,-1,-1
173,35,650.61,384.89,804.98,646.16,1,-1,-1,-1
173,39,458.27,28.09,610.11,317.60,1,-1,-1,-1
173,53,861.43,152.35,937.30,316.88,1,-1,-1,-1
174,1,753.10,184.96,876.50,446.39,1,-1,-1,-1
174,35,640.32,400.27,792.98,656.86,1,-1,-1,-1
174,39,460.38,33.15,612.68,323.53,1,-1,-1,-1
174,53,861.26,159.07,937.42,324.24,1,-1,-1,-1
175,1,756.57,192.36,880.00,453.85,1,-1,-1,-1
175,21,658.76,183.26,780.87,447.06,1,-1,-1,-1
175,35,628.78,409.56,786.81,674.34,1,-1,-1,-1
176,21,666.07,190.29,787.03,455.46,1,-1,-1,-1
176,35,621.78,425.13,778.50,687.05,1,-1,-1,-1
176,42,506.82,420.52,640.81,689.50,1,-1,-1,-1
176,50,342.52,37.78,473.93,325.29,1,-1,-1,-1
177,21,674.15,198.00,794.03,462.20,1,-1,-1,-1
177,35,609.98,436.53,765.34,697.29,1,-1,-1,-1
177,42,497.64,432.18,632.45,702.79,1,-1,-1,-1
177,50,347.86,42.91,479.76,333.29,1,-1,-1,-1
178,21,675.98,201.22,798.67,472.44,1,-1,-1,-1
178,35,601.20,448.84,756.68,709.80,1,-1,-1,-1
178,42,489.39,441.58,625.11,715.22,1,-1,-1,-1
178,50,349.52,49.28,482.24,340.54,1,-1,-1,-1
179,21,679.76,205.48,804.19,480.63,1,-1,-1,-1
179,42,478.51,456.37,611.81,725.45,1,-1,-1,-1
179,50,353.67,53.46,488.72,351.65,1,-1,-1,-1
180,21,681.56,211.43,807.47,488.07,1,-1,-1,-1
180,42,469.92,468.06,602.17,734.79,1,-1,-1,-1
180,50,356.68,62.10,490.17,356.91,1,-1,-1,-1
181,1,813.28,234.15,936.54,494.25,1,-1,-1,-1
181,21,686.49,218.13,812.79,495.63,1,-1,-1,-1
181,35,569.61,469.16,732.80,748.81,1,-1,-1,-1
181,42,457.88,479.95,590.15,747.76,1,-1,-1,-1
181,50,362.50,69.17,495.08,362.58,1,-1,-1,-1
182,1,817.49,237.64,940.55,496.95,1,-1,-1,-1
182,35,561.34,479.96,725.55,763.82,1,-1,-1,-1
182,42,448.31,491.74,580.95,760.32,1,-1,-1,-1
182,50,365.50,74.79,498.56,369.26,1,-1,-1,-1
183,1,823.37,240.16,945.43,497.22,1,-1,-1,-1
183,35,551.96,490.71,717.40,776.70,1,-1,-1,-1
184,1,829.56,246.52,951.44,503.19,1,-1,-1,-1
185,1,829.52,245.15,955.69,512.95,1,-1,-1,-1
186,1,834.98,250.66,961.56,519.33,1,-1,-1,-1
187,1,836.05,249.80,964.90,526.72,1,-1,-1,-1
188,1,840.98,254.67,970.59,533.20,1,-1,-1,-1
188,35,501.17,544.03,673.43,841.93,1,-1,-1,-1
189,35,491.47,554.74,665.03,854.87,1,-1,-1,-1
189,42,367.16,567.34,508.90,855.64,1,-1,-1,-1
189,50,391.50,115.91,526.12,414.09,1,-1,-1,-1
190,42,354.27,578.19,494.82,865.54,1,-1,-1,-1
190,50,396.93,121.90,531.46,420.88,1,-1,-1,-1
191,42,341.86,585.85,488.12,884.06,1,-1,-1,-1
191,50,404.82,128.56,536.44,421.85,1,-1,-1,-1
192,1,877.00,277.64,1004.21,554.48,1,-1,-1,-1
192,42,327.57,593.01,478.88,902.99,1,-1,-1,-1
192,50,408.19,136.14,537.59,425.27,1,-1,-1,-1
193,1,889.85,289.87,1015.97,562.94,1,-1,-1,-1
193,42,319.68,605.11,468.65,910.54,1,-1,-1,-1
193,50,411.02,145.40,537.47,427.64,1,-1,-1,-1
194,1,898.87,299.24,1024.43,569.75,1,-1,-1,-1
194,42,308.19,610.01,464.22,930.52,1,-1,-1,-1
194,50,415.78,151.28,542.09,434.32,1,-1,-1,-1
195,1,912.14,310.47,1036.40,574.72,1,-1,-1,-1
195,42,298.92,629.67,448.60,937.75,1,-1,-1,-1
195,50,416.45,156.55,544.64,443.91,1,-1,-1,-1
196,1,921.92,319.77,1045.49,578.97,1,-1,-1,-1
196,42,287.95,640.67,438.77,951.10,1,-1,-1,-1
196,50,417.39,163.59,545.97,450.61,1,-1,-1,-1
197,1,924.55,325.61,1049.89,587.00,1,-1,-1,-1
197,50,423.73,171.30,548.82,450.91,1,-1,-1,-1
198,1,929.16,330.86,1056.66,596.39,1,-1,-1,-1
198,50,429.96,180.61,554.47,458.77,1,-1,-1,-1
198,64,1555.77,-200.17,1716.38,56.80,1,-1,-1,-1
199,1,934.62,337.87,1062.87,603.00,1,-1,-1,-1
199,50,433.33,189.81,557.23,465.48,1,-1,-1,-1
199,64,1559.35,-199.30,1719.72,57.30,1,-1,-1,-1
200,1,936.65,341.57,1065.32,606.55,1,-1,-1,-1
200,50,436.91,194.97,562.99,475.09,1,-1,-1,-1
201,1,940.89,345.35,1070.83,613.60,1,-1,-1,-1
201,50,441.04,207.89,562.76,477.15,1,-1,-1,-1
201,64,1566.53,-207.26,1735.76,63.60,1,-1,-1,-1
202,1,946.78,351.17,1077.38,619.98,1,-1,-1,-1
202,50,441.88,215.82,563.67,482.97,1,-1,-1,-1
202,53,852.57,352.98,947.42,560.90,1,-1,-1,-1
202,64,1568.50,-210.96,1738.33,61.54,1,-1,-1,-1
203,1,948.07,351.15,1080.97,625.45,1,-1,-1,-1
203,50,444.50,215.79,570.15,490.92,1,-1,-1,-1
203,53,852.09,360.63,946.60,569.14,1,-1,-1,-1
203,64,1571.74,-212.62,1743.21,62.50,1,-1,-1,-1
204,1,953.01,354.24,1087.30,632.55,1,-1,-1,-1
204,50,444.27,216.90,574.21,500.27,1,-1,-1,-1
204,53,850.89,367.87,947.98,583.76,1,-1,-1,-1
205,1,959.11,358.49,1094.23,640.27,1,-1,-1,-1
205,50,449.58,224.95,577.99,503.62,1,-1,-1,-1
205,53,851.32,376.26,948.27,592.96,1,-1,-1,-1
206,1,965.88,363.20,1101.83,648.88,1,-1,-1,-1
206,50,452.75,221.13,587.97,515.20,1,-1,-1,-1
206,53,851.38,383.15,948.49,601.38,1,-1,-1,-1
206,64,1582.83,-199.96,1749.90,70.44,1,-1,-1,-1
207,1,971.57,368.24,1108.32,655.59,1,-1,-1,-1
207,50,455.90,225.46,590.84,520.01,1,-1,-1,-1
207,53,851.61,391.41,947.71,608.18,1,-1,-1,-1
207,64,1585.96,-189.33,1749.14,76.21,1,-1,-1,-1
208,1,982.79,363.04,1123.11,658.21,1,-1,-1,-1
208,50,460.23,230.19,596.38,527.48,1,-1,-1,-1
208,53,850.81,396.91,947.64,616.34,1,-1,-1,-1
208,64,1588.52,-192.63,1756.13,82.82,1,-1,-1,-1
209,1,989.91,365.69,1131.90,664.17,1,-1,-1,-1
209,50,462.40,235.74,599.02,534.67,1,-1,-1,-1
209,53,851.87,404.65,947.56,623.06,1,-1,-1,-1
209,64,1588.98,-197.13,1759.00,83.84,1,-1,-1,-1
210,1,993.29,367.90,1135.38,666.23,1,-1,-1,-1
210,50,465.67,240.84,602.99,541.32,1,-1,-1,-1
210,53,855.44,411.93,951.62,630.54,1,-1,-1,-1
210,64,1591.23,-189.05,1757.73,86.09,1,-1,-1,-1
211,1,998.37,371.87,1140.92,670.72,1,-1,-1,-1
211,53,854.47,420.35,948.89,635.04,1,-1,-1,-1
211,64,1592.58,-189.27,1756.43,81.52,1,-1,-1,-1
212,1,1002.32,376.53,1141.86,668.94,1,-1,-1,-1
212,53,852.56,421.91,948.02,640.35,1,-1,-1,-1
212,64,1599.93,-185.40,1758.18,76.38,1,-1,-1,-1
213,1,1007.33,377.48,1146.75,668.66,1,-1,-1,-1
213,53,852.55,427.54,947.66,645.39,1,-1,-1,-1
213,64,1601.90,-186.02,1760.03,75.05,1,-1,-1,-1
214,1,1009.26,378.36,1148.11,667.73,1,-1,-1,-1
214,39,863.09,-130.30,947.85,22.03,1,-1,-1,-1
214,53,857.14,434.03,950.17,645.01,1,-1,-1,-1
214,64,1603.10,-186.96,1759.38,69.87,1,-1,-1,-1
215,1,1008.80,375.25,1149.36,669.20,1,-1,-1,-1
215,39,874.89,-136.21,957.25,11.81,1,-1,-1,-1
215,50,614.01,283.61,736.18,549.06,1,-1,-1,-1
215,53,856.00,441.52,946.68,646.51,1,-1,-1,-1
215,64,1602.83,-182.67,1760.29,75.28,1,-1,-1,-1
216,1,1008.02,368.74,1150.10,667.66,1,-1,-1,-1
216,50,630.99,291.49,752.02,552.44,1,-1,-1,-1
216,53,860.37,451.41,947.93,647.46,1,-1,-1,-1
216,64,1603.21,-191.76,1769.29,80.59,1,-1,-1,-1
217,1,1008.69,366.17,1149.73,666.30,1,-1,-1,-1
217,50,645.53,298.16,765.51,556.85,1,-1,-1,-1
217,53,857.66,454.07,945.27,650.24,1,-1,-1,-1
217,64,1600.80,-201.64,1775.72,85.80,1,-1,-1,-1
218,1,1013.15,364.47,1152.92,665.00,1,-1,-1,-1
218,53,859.68,455.50,947.98,652.43,1,-1,-1,-1
218,64,1602.46,-202.66,1778.96,87.36,1,-1,-1,-1
219,1,1017.43,363.13,1153.23,657.18,1,-1,-1,-1
219,53,861.37,461.12,948.71,654.38,1,-1,-1,-1
220,1,1022.58,361.25,1157.45,654.10,1,-1,-1,-1
220,53,862.11,466.96,948.80,658.76,1,-1,-1,-1
221,1,1025.75,359.20,1158.83,648.94,1,-1,-1,-1
221,53,865.89,475.33,948.42,655.92,1,-1,-1,-1
222,1,1031.34,357.10,1163.28,645.65,1,-1,-1,-1
222,53,869.02,474.85,954.49,659.84,1,-1,-1,-1
223,1,1039.10,354.98,1168.28,638.45,1,-1,-1,-1
223,50,690.43,327.50,811.22,577.28,1,-1,-1,-1
223,53,869.07,477.39,956.80,664.48,1,-1,-1,-1
223,64,1617.50,-213.51,1799.54,87.65,1,-1,-1,-1
224,1,1042.45,354.19,1170.08,635.76,1,-1,-1,-1
224,50,693.35,336.54,813.61,578.27,1,-1,-1,-1
224,53,870.33,481.46,957.67,666.08,1,-1,-1,-1
224,64,1619.66,-214.99,1803.18,88.61,1,-1,-1,-1
225,1,1050.20,356.58,1173.91,629.48,1,-1,-1,-1
225,50,703.70,342.62,822.72,581.84,1,-1,-1,-1
225,53,871.01,487.45,957.70,667.85,1,-1,-1,-1
226,1,1056.04,351.44,1180.13,625.84,1,-1,-1,-1
226,50,698.39,343.38,821.38,588.26,1,-1,-1,-1
226,53,874.95,489.46,962.67,669.02,1,-1,-1,-1
227,1,1062.76,348.91,1186.85,623.91,1,-1,-1,-1
227,50,699.55,346.92,821.64,588.67,1,-1,-1,-1
227,53,876.17,490.03,965.31,670.68,1,-1,-1,-1
228,1,1065.93,344.01,1189.71,619.28,1,-1,-1,-1
228,50,704.92,352.72,825.70,592.05,1,-1,-1,-1
228,53,880.07,490.74,970.71,672.52,1,-1,-1,-1
228,64,1626.71,-220.99,1807.50,80.25,1,-1,-1,-1
229,1,1072.56,343.53,1194.28,614.97,1,-1,-1,-1
229,50,707.42,356.67,826.12,592.50,1,-1,-1,-1
229,53,883.29,496.82,971.52,672.43,1,-1,-1,-1
229,64,1628.68,-222.48,1810.33,80.18,1,-1,-1,-1
230,1,1078.58,337.41,1201.43,610.79,1,-1,-1,-1
230,50,710.02,364.62,824.70,592.53,1,-1,-1,-1
230,53,885.20,502.30,970.95,671.59,1,-1,-1,-1
230,64,1637.35,-220.03,1808.99,66.54,1,-1,-1,-1
231,1,1081.47,335.19,1203.77,608.66,1,-1,-1,-1
231,50,713.18,363.95,830.16,597.12,1,-1,-1,-1
231,53,887.46,506.49,972.12,673.62,1,-1,-1,-1
231,64,1646.37,-215.51,1811.66,60.90,1,-1,-1,-1
232,1,1086.22,333.30,1208.15,605.94,1,-1,-1,-1
232,50,715.32,368.89,831.53,601.36,1,-1,-1,-1
232,64,1654.60,-206.52,1816.11,63.07,1,-1,-1,-1
233,1,1093.17,328.74,1214.63,599.92,1,-1,-1,-1
233,50,719.23,368.56,837.11,604.16,1,-1,-1,-1
233,53,892.52,508.96,977.84,677.10,1,-1,-1,-1
233,64,1655.98,-207.98,1819.10,63.92,1,-1,-1,-1
234,1,1095.65,322.11,1217.40,594.23,1,-1,-1,-1
234,50,724.55,372.72,841.90,607.25,1,-1,-1,-1
234,53,893.61,509.42,979.09,678.34,1,-1,-1,-1
234,64,1655.88,-210.53,1821.26,65.61,1,-1,-1,-1
235,1,1097.59,318.48,1217.17,585.65,1,-1,-1,-1
235,50,727.04,370.72,845.17,604.60,1,-1,-1,-1
235,53,894.42,510.87,979.04,678.74,1,-1,-1,-1
235,64,1656.44,-209.50,1821.25,65.61,1,-1,-1,-1
236,1,1106.73,313.24,1225.62,577.23,1,-1,-1,-1
236,50,732.12,374.22,849.73,607.07,1,-1,-1,-1
236,53,894.90,512.62,978.04,677.49,1,-1,-1,-1
236,64,1662.04,-207.12,1824.24,64.32,1,-1,-1,-1
237,1,1109.35,310.06,1229.22,573.59,1,-1,-1,-1
237,50,740.00,372.41,858.21,602.79,1,-1,-1,-1
237,53,896.92,511.14,982.37,679.62,1,-1,-1,-1
237,64,1663.96,-205.57,1825.99,65.86,1,-1,-1,-1
238,1,1110.78,305.00,1231.08,568.41,1,-1,-1,-1
238,50,746.98,374.43,863.92,601.45,1,-1,-1,-1
238,53,899.30,515.81,982.90,680.37,1,-1,-1,-1
238,64,1665.33,-201.68,1825.12,65.79,1,-1,-1,-1
239,1,1111.14,299.91,1231.62,562.66,1,-1,-1,-1
239,50,755.17,376.42,870.68,598.94,1,-1,-1,-1
239,53,900.95,518.81,982.87,679.24,1,-1,-1,-1
239,64,1668.13,-200.75,1827.11,65.37,1,-1,-1,-1
240,1,1115.23,297.46,1235.52,558.68,1,-1,-1,-1
240,50,766.86,377.71,882.19,596.62,1,-1,-1,-1
240,53,901.74,518.46,984.55,681.45,1,-1,-1,-1
240,64,1672.13,-203.11,1830.24,62.63,1,-1,-1,-1
241,1,1117.80,295.36,1235.64,550.73,1,-1,-1,-1
241,50,769.83,376.07,887.33,597.74,1,-1,-1,-1
241,53,905.78,520.26,987.96,681.57,1,-1,-1,-1
241,64,1674.29,-199.45,1830.12,63.34,1,-1,-1,-1
242,1,1116.78,290.03,1237.33,550.62,1,-1,-1,-1
242,50,775.25,376.06,893.80,596.14,1,-1,-1,-1
242,53,908.99,522.17,989.43,678.89,1,-1,-1,-1
242,64,1677.08,-198.53,1832.05,62.82,1,-1,-1,-1
243,1,1111.86,284.21,1233.75,547.41,1,-1,-1,-1
243,50,775.50,370.63,898.85,595.51,1,-1,-1,-1
243,53,907.78,518.07,992.22,682.54,1,-1,-1,-1
244,1,1108.86,277.52,1233.94,549.00,1,-1,-1,-1
244,50,778.08,365.28,906.45,597.90,1,-1,-1,-1
244,53,910.72,516.57,996.34,683.19,1,-1,-1,-1
245,1,1108.58,275.11,1231.74,543.18,1,-1,-1,-1
245,50,779.62,366.50,909.72,600.75,1,-1,-1,-1
245,53,913.64,520.52,996.01,680.77,1,-1,-1,-1
246,1,1104.20,272.40,1227.03,541.11,1,-1,-1,-1
246,50,783.84,364.99,914.11,598.55,1,-1,-1,-1
246,53,915.64,521.32,997.47,681.12,1,-1,-1,-1
247,1,1102.66,268.21,1224.41,535.84,1,-1,-1,-1
247,50,784.29,361.10,917.84,600.98,1,-1,-1,-1
247,53,916.38,520.90,998.55,681.90,1,-1,-1,-1
248,1,1102.24,267.44,1221.86,532.01,1,-1,-1,-1
248,50,789.31,360.95,921.93,600.57,1,-1,-1,-1
248,53,919.84,524.01,1001.60,684.82,1,-1,-1,-1
249,1,1102.67,263.96,1222.14,528.20,1,-1,-1,-1
249,50,793.86,360.70,926.92,601.11,1,-1,-1,-1
249,53,921.13,523.14,1004.61,687.88,1,-1,-1,-1
250,53,922.18,519.50,1007.02,687.03,1,-1,-1,-1
251,53,925.48,518.07,1010.80,687.32,1,-1,-1,-1
252,21,964.92,242.23,1088.17,517.26,1,-1,-1,-1
252,53,926.91,519.47,1012.58,690.02,1,-1,-1,-1
253,21,961.31,235.56,1085.14,511.99,1,-1,-1,-1
253,53,927.41,517.37,1015.78,694.29,1,-1,-1,-1
254,21,959.07,232.26,1083.51,509.78,1,-1,-1,-1
254,53,929.03,518.51,1016.10,693.29,1,-1,-1,-1
254,64,1700.40,-187.99,1832.16,32.41,1,-1,-1,-1
255,21,953.68,228.43,1078.09,503.54,1,-1,-1,-1
255,53,932.51,518.94,1018.45,692.17,1,-1,-1,-1
255,64,1702.59,-187.10,1832.58,30.35,1,-1,-1,-1
256,21,952.23,225.12,1074.79,494.46,1,-1,-1,-1
256,53,934.41,519.75,1019.92,692.36,1,-1,-1,-1
257,21,949.48,219.23,1075.14,494.17,1,-1,-1,-1
257,53,938.92,520.05,1025.11,694.38,1,-1,-1,-1
258,21,942.66,210.46,1072.33,492.85,1,-1,-1,-1
258,53,942.65,521.46,1027.52,693.80,1,-1,-1,-1
259,21,939.36,203.35,1070.78,488.49,1,-1,-1,-1
259,53,946.50,519.33,1033.76,696.84,1,-1,-1,-1
260,21,939.09,201.52,1070.00,484.33,1,-1,-1,-1
260,53,948.56,522.45,1035.34,699.26,1,-1,-1,-1
261,21,938.16,196.38,1070.00,480.91,1,-1,-1,-1
261,53,950.31,524.96,1036.06,700.15,1,-1,-1,-1
262,21,932.95,191.96,1066.32,479.77,1,-1,-1,-1
262,53,949.78,523.91,1037.33,703.08,1,-1,-1,-1
263,21,926.97,187.83,1060.47,474.85,1,-1,-1,-1
263,53,949.25,523.50,1038.01,706.11,1,-1,-1,-1
264,21,926.07,187.77,1057.67,469.14,1,-1,-1,-1
264,53,946.68,518.76,1040.48,712.44,1,-1,-1,-1
265,21,925.49,185.28,1055.70,462.47,1,-1,-1,-1
265,53,945.02,514.38,1042.66,716.73,1,-1,-1,-1
266,21,924.43,179.17,1055.31,456.80,1,-1,-1,-1
266,53,945.78,517.15,1040.71,714.51,1,-1,-1,-1
267,21,920.83,177.70,1050.55,450.85,1,-1,-1,-1
267,53,946.17,522.22,1039.01,714.80,1,-1,-1,-1
268,21,918.51,173.32,1048.54,445.46,1,-1,-1,-1
268,53,945.01,522.18,1040.21,720.13,1,-1,-1,-1
269,21,913.93,171.17,1043.69,440.97,1,-1,-1,-1
269,53,945.30,523.45,1039.90,720.11,1,-1,-1,-1
270,21,912.15,167.85,1040.77,434.14,1,-1,-1,-1
270,53,944.10,521.97,1040.98,723.30,1,-1,-1,-1
271,21,911.56,163.42,1039.14,426.43,1,-1,-1,-1
271,53,944.11,522.05,1041.53,723.14,1,-1,-1,-1
272,21,906.10,159.91,1034.62,423.76,1,-1,-1,-1
272,53,943.47,522.07,1041.00,723.00,1,-1,-1,-1
273,21,900.15,155.42,1029.05,418.97,1,-1,-1,-1
273,53,938.96,520.76,1037.78,725.51,1,-1,-1,-1
274,21,899.21,153.88,1025.21,410.05,1,-1,-1,-1
274,53,933.82,516.35,1036.70,730.32,1,-1,-1,-1
275,21,894.01,152.81,1018.84,404.91,1,-1,-1,-1
275,53,931.58,512.74,1036.56,732.11,1,-1,-1,-1
276,21,887.18,151.21,1012.91,403.22,1,-1,-1,-1
276,53,928.13,512.63,1032.64,732.09,1,-1,-1,-1
277,21,880.13,148.73,1005.49,398.12,1,-1,-1,-1
277,53,926.92,515.88,1029.03,729.39,1,-1,-1,-1
278,21,872.51,145.25,999.99,397.75,1,-1,-1,-1
278,53,922.88,516.51,1024.65,729.59,1,-1,-1,-1
279,21,864.93,140.75,993.71,394.46,1,-1,-1,-1
279,53,918.15,512.15,1023.66,734.22,1,-1,-1,-1
280,21,857.41,137.85,987.08,392.06,1,-1,-1,-1
280,53,914.27,513.76,1018.33,732.70,1,-1,-1,-1
281,21,853.34,130.92,985.52,389.33,1,-1,-1,-1
281,53,911.31,513.11,1017.14,733.99,1,-1,-1,-1
282,21,847.83,127.12,980.69,387.13,1,-1,-1,-1
282,53,909.04,512.88,1015.99,733.78,1,-1,-1,-1
283,21,843.43,119.22,978.88,385.78,1,-1,-1,-1
283,53,902.62,509.53,1012.69,736.27,1,-1,-1,-1
284,21,839.72,118.97,972.04,380.16,1,-1,-1,-1
284,53,897.24,509.58,1007.35,736.54,1,-1,-1,-1
285,21,833.11,113.11,966.41,377.49,1,-1,-1,-1
285,53,893.28,508.32,1005.36,738.55,1,-1,-1,-1
286,21,826.83,107.76,959.86,372.00,1,-1,-1,-1
286,50,694.43,357.98,833.87,630.98,1,-1,-1,-1
286,53,888.18,508.51,999.87,737.97,1,-1,-1,-1
287,21,823.70,103.90,956.52,368.74,1,-1,-1,-1
287,50,690.54,360.05,825.44,635.40,1,-1,-1,-1
287,53,885.24,509.28,996.96,737.70,1,-1,-1,-1
288,21,818.55,98.63,951.01,364.35,1,-1,-1,-1
288,50,686.10,360.23,821.52,636.62,1,-1,-1,-1
288,53,880.95,510.25,992.00,736.24,1,-1,-1,-1
289,21,812.76,95.48,945.22,362.83,1,-1,-1,-1
289,53,874.23,508.65,986.84,737.63,1,-1,-1,-1
290,21,810.26,91.14,941.06,357.12,1,-1,-1,-1
290,53,871.25,510.03,983.59,736.82,1,-1,-1,-1
291,21,806.09,89.66,934.52,352.46,1,-1,-1,-1
291,53,867.41,512.56,978.06,734.49,1,-1,-1,-1
292,21,804.45,84.62,932.50,348.86,1,-1,-1,-1
292,53,864.73,516.86,974.16,734.92,1,-1,-1,-1
293,21,799.90,82.21,927.42,346.33,1,-1,-1,-1
293,53,859.49,517.79,969.21,735.73,1,-1,-1,-1
294,21,797.97,78.15,924.74,342.87,1,-1,-1,-1
294,50,663.64,361.01,795.28,639.25,1,-1,-1,-1
294,53,855.02,522.10,961.51,732.04,1,-1,-1,-1
295,21,793.30,74.78,920.08,340.39,1,-1,-1,-1
295,50,663.92,364.53,791.16,637.23,1,-1,-1,-1
295,53,849.51,525.05,953.36,729.95,1,-1,-1,-1
296,21,788.92,71.02,915.80,336.85,1,-1,-1,-1
296,50,662.85,363.67,790.29,638.58,1,-1,-1,-1
296,53,845.30,524.07,950.18,730.54,1,-1,-1,-1
297,21,791.67,70.17,916.02,333.85,1,-1,-1,-1
297,50,659.24,364.02,786.80,639.19,1,-1,-1,-1
297,53,839.78,525.68,943.28,730.77,1,-1,-1,-1
298,21,787.96,66.72,912.29,330.36,1,-1,-1,-1
298,53,835.73,529.57,935.01,728.19,1,-1,-1,-1
299,53,830.23,528.96,928.92,727.91,1,-1,-1,-1
300,21,780.54,63.37,903.66,326.46,1,-1,-1,-1
300,53,827.99,531.37,925.23,727.82,1,-1,-1,-1
301,21,775.52,62.82,897.94,324.46,1,-1,-1,-1
301,53,826.06,530.88,924.01,729.15,1,-1,-1,-1
302,21,771.63,59.99,893.94,321.40,1,-1,-1,-1
302,50,636.26,365.98,763.51,645.74,1,-1,-1,-1
302,53,822.21,531.32,919.69,728.98,1,-1,-1,-1
303,21,771.07,53.91,896.24,321.99,1,-1,-1,-1
303,50,632.12,366.35,759.61,646.66,1,-1,-1,-1
303,53,818.99,528.11,919.52,732.26,1,-1,-1,-1
304,21,771.59,54.26,893.92,317.09,1,-1,-1,-1
304,53,817.47,529.53,919.99,737.41,1,-1,-1,-1
305,21,769.58,53.82,888.81,308.73,1,-1,-1,-1
305,53,811.89,530.70,914.98,739.37,1,-1,-1,-1
306,21,767.46,50.42,887.21,307.09,1,-1,-1,-1
306,53,806.43,529.81,910.10,740.74,1,-1,-1,-1
307,1,890.79,43.01,1005.47,301.00,1,-1,-1,-1
307,21,764.55,47.78,884.00,303.79,1,-1,-1,-1
307,53,804.31,530.77,907.91,741.89,1,-1,-1,-1
308,1,886.55,39.73,999.01,295.64,1,-1,-1,-1
308,53,798.03,527.82,903.63,744.92,1,-1,-1,-1
309,1,885.08,38.71,997.05,292.53,1,-1,-1,-1
309,53,791.85,527.35,897.58,746.69,1,-1,-1,-1
310,1,880.93,35.37,992.62,288.57,1,-1,-1,-1
310,53,790.45,535.00,891.95,746.01,1,-1,-1,-1
311,1,882.63,36.04,996.90,291.39,1,-1,-1,-1
311,53,786.68,539.30,886.10,747.02,1,-1,-1,-1
312,1,883.00,33.79,996.95,286.76,1,-1,-1,-1
312,53,782.62,540.55,881.94,748.06,1,-1,-1,-1
313,1,878.77,31.72,993.37,285.22,1,-1,-1,-1
314,1,875.98,29.13,990.41,282.26,1,-1,-1,-1
316,21,744.09,26.91,866.39,291.47,1,-1,-1,-1
317,21,739.34,24.83,861.78,291.18,1,-1,-1,-1
317,53,754.46,546.99,860.18,767.94,1,-1,-1,-1
318,21,733.17,22.15,856.84,292.39,1,-1,-1,-1
318,50,569.82,393.69,701.18,679.73,1,-1,-1,-1
318,53,750.82,558.19,851.03,767.39,1,-1,-1,-1
319,21,730.02,19.72,854.09,290.83,1,-1,-1,-1
319,50,564.30,399.94,694.52,681.22,1,-1,-1,-1
319,53,746.18,560.40,846.32,769.43,1,-1,-1,-1
320,50,560.10,401.97,690.29,683.18,1,-1,-1,-1
320,53,735.85,565.27,836.19,775.81,1,-1,-1,-1
321,53,729.84,573.32,827.29,778.77,1,-1,-1,-1
322,21,824.92,11.17,946.34,278.09,1,-1,-1,-1
322,53,721.20,571.45,822.84,787.13,1,-1,-1,-1
323,21,831.35,8.63,952.87,275.79,1,-1,-1,-1
323,53,714.18,575.95,816.16,792.07,1,-1,-1,-1
324,1,714.34,10.82,835.81,279.37,1,-1,-1,-1
324,53,708.28,578.69,810.57,795.45,1,-1,-1,-1
325,1,707.28,9.60,828.90,278.77,1,-1,-1,-1
326,1,700.73,9.19,823.48,278.57,1,-1,-1,-1
327,1,697.95,9.10,821.23,278.53,1,-1,-1,-1
328,1,696.83,8.47,819.95,277.89,1,-1,-1,-1
329,1,691.78,3.03,817.60,277.02,1,-1,-1,-1
330,1,689.51,0.37,817.00,277.37,1,-1,-1,-1
331,1,688.78,-0.57,817.26,278.20,1,-1,-1,-1
332,1,687.35,-0.20,817.78,283.13,1,-1,-1,-1
333,1,684.47,0.66,813.59,279.13,1,-1,-1,-1
334,1,687.66,1.73,814.88,276.93,1,-1,-1,-1
335,1,685.93,3.51,811.46,274.13,1,-1,-1,-1
335,50,503.41,510.04,628.49,743.61,1,-1,-1,-1
336,1,686.00,4.22,810.53,272.44,1,-1,-1,-1
336,50,497.59,519.84,630.84,747.83,1,-1,-1,-1
337,1,686.02,5.18,809.88,271.84,1,-1,-1,-1
337,50,494.73,526.65,626.21,751.61,1,-1,-1,-1
338,1,685.67,5.57,809.67,272.31,1,-1,-1,-1
338,50,485.33,526.62,630.19,758.31,1,-1,-1,-1
339,1,686.14,9.04,809.27,273.85,1,-1,-1,-1
339,50,477.52,534.21,626.47,763.52,1,-1,-1,-1
340,1,687.41,12.36,808.31,273.13,1,-1,-1,-1
340,50,472.79,541.45,626.65,767.95,1,-1,-1,-1
341,1,688.37,12.26,807.06,268.21,1,-1,-1,-1
341,50,470.70,549.93,628.08,774.80,1,-1,-1,-1
342,1,684.66,10.87,804.20,267.73,1,-1,-1,-1
342,50,465.79,559.52,624.29,779.15,1,-1,-1,-1
343,1,686.33,9.02,806.91,268.92,1,-1,-1,-1
343,50,456.58,559.39,621.79,785.28,1,-1,-1,-1
344,1,683.65,8.98,804.12,268.08,1,-1,-1,-1
344,50,451.86,564.48,620.46,790.70,1,-1,-1,-1
345,1,681.54,6.98,803.67,268.45,1,-1,-1,-1
345,50,447.37,574.79,614.33,792.54,1,-1,-1,-1
346,1,683.37,11.52,801.67,264.65,1,-1,-1,-1
346,50,438.55,575.00,619.52,807.15,1,-1,-1,-1
347,1,683.50,11.92,801.02,263.23,1,-1,-1,-1
347,50,434.95,580.68,615.98,812.89,1,-1,-1,-1
348,1,683.58,12.06,800.86,262.74,1,-1,-1,-1
349,1,683.64,12.11,800.89,262.60,1,-1,-1,-1
350,1,683.69,12.11,800.98,262.58,1,-1,-1,-1
351,1,683.74,12.11,801.08,262.60,1,-1,-1,-1
352,1,683.77,12.10,801.18,262.64,1,-1,-1,-1
353,1,674.27,7.45,800.87,277.26,1,-1,-1,-1
354,1,670.37,4.45,801.82,284.57,1,-1,-1,-1
355,1,667.37,1.35,802.47,289.34,1,-1,-1,-1
356,1,666.59,1.45,801.79,290.50,1,-1,-1,-1
357,1,663.00,2.18,797.75,290.21,1,-1,-1,-1
358,1,661.54,5.76,795.72,292.64,1,-1,-1,-1
359,1,661.52,7.80,794.52,292.85,1,-1,-1,-1
360,1,662.18,11.22,792.85,291.54,1,-1,-1,-1
361,1,662.93,13.84,791.84,290.32,1,-1,-1,-1
362,1,663.14,14.81,791.64,290.47,1,-1,-1,-1
363,1,663.51,19.78,790.69,292.47,1,-1,-1,-1
364,1,663.96,22.30,790.77,293.85,1,-1,-1,-1
365,1,664.13,23.19,790.88,294.33,1,-1,-1,-1
366,1,663.88,26.80,791.29,299.77,1,-1,-1,-1
367,1,663.02,27.44,792.27,304.41,1,-1,-1,-1
368,1,662.72,27.63,792.65,306.10,1,-1,-1,-1
369,1,664.18,34.23,792.59,309.31,1,-1,-1,-1
370,1,664.75,36.69,792.59,310.45,1,-1,-1,-1
371,1,664.96,37.54,792.62,310.80,1,-1,-1,-1
372,1,667.66,43.75,797.30,322.11,1,-1,-1,-1
373,1,668.79,46.01,798.95,326.29,1,-1,-1,-1
374,1,669.32,46.79,799.47,327.77,1,-1,-1,-1
375,1,669.60,47.00,799.56,328.22,1,-1,-1,-1
376,1,669.78,46.99,799.50,328.28,1,-1,-1,-1
377,1,669.91,46.92,799.39,328.21,1,-1,-1,-1
378,1,670.02,46.83,799.26,328.10,1,-1,-1,-1
379,1,670.12,46.74,799.14,327.99,1,-1,-1,-1
380,1,670.20,46.66,799.03,327.87,1,-1,-1,-1
381,1,670.28,46.58,798.93,327.77,1,-1,-1,-1
382,1,670.34,46.51,798.84,327.68,1,-1,-1,-1
383,1,670.41,46.45,798.75,327.60,1,-1,-1,-1
384,1,670.46,46.40,798.68,327.53,1,-1,-1,-1
385,1,670.51,46.35,798.61,327.47,1,-1,-1,-1
386,1,689.24,74.05,818.19,357.14,1,-1,-1,-1
387,1,696.28,84.45,825.53,368.27,1,-1,-1,-1
388,1,698.88,88.25,828.22,372.34,1,-1,-1,-1
389,1,699.77,89.53,829.12,373.70,1,-1,-1,-1
390,1,700.02,89.85,829.34,374.04,1,-1,-1,-1
391,1,700.03,89.83,829.33,374.00,1,-1,-1,-1
392,1,699.96,89.69,829.22,373.85,1,-1,-1,-1
393,1,699.86,89.52,829.10,373.66,1,-1,-1,-1
394,1,703.92,101.90,836.05,391.31,1,-1,-1,-1
394,53,749.94,-156.51,862.59,67.51,1,-1,-1,-1
395,1,709.92,111.71,840.64,398.50,1,-1,-1,-1
395,53,750.41,-145.30,862.52,76.46,1,-1,-1,-1
396,1,713.14,116.64,842.62,400.40,1,-1,-1,-1
396,53,745.89,-129.33,857.29,89.66,1,-1,-1,-1
397,1,715.12,120.98,843.08,400.94,1,-1,-1,-1
397,53,740.41,-116.58,849.81,100.03,1,-1,-1,-1
398,1,717.75,129.08,842.51,401.63,1,-1,-1,-1
398,53,732.89,-104.76,842.84,113.15,1,-1,-1,-1
399,1,722.02,135.95,845.50,405.73,1,-1,-1,-1
399,53,724.47,-98.44,837.91,126.86,1,-1,-1,-1
400,1,723.44,138.97,847.27,409.12,1,-1,-1,-1
400,53,721.14,-91.48,835.86,137.85,1,-1,-1,-1
401,1,724.80,143.91,848.91,413.57,1,-1,-1,-1
401,53,718.18,-83.61,835.04,151.22,1,-1,-1,-1
402,1,728.34,146.23,852.98,417.09,1,-1,-1,-1
402,53,715.31,-72.15,828.75,157.43,1,-1,-1,-1
403,1,730.12,151.57,854.54,421.58,1,-1,-1,-1
403,53,709.49,-62.57,821.95,165.57,1,-1,-1,-1
404,1,734.11,152.73,859.60,425.12,1,-1,-1,-1
404,53,708.42,-49.18,818.56,175.05,1,-1,-1,-1
405,1,736.82,157.64,862.09,429.61,1,-1,-1,-1
405,53,707.68,-39.70,817.25,185.05,1,-1,-1,-1
406,1,741.72,159.98,866.90,431.82,1,-1,-1,-1
406,53,703.91,-28.43,811.16,191.86,1,-1,-1,-1
407,1,743.90,164.68,869.49,437.14,1,-1,-1,-1
407,53,696.85,-17.12,804.73,203.50,1,-1,-1,-1
408,1,748.92,168.93,875.32,443.64,1,-1,-1,-1
408,53,688.21,-10.52,799.30,214.88,1,-1,-1,-1
409,1,754.13,177.64,875.98,441.33,1,-1,-1,-1
409,53,679.70,-1.06,794.89,230.09,1,-1,-1,-1
410,1,759.02,183.44,879.72,444.25,1,-1,-1,-1
410,53,669.86,2.94,790.94,245.42,1,-1,-1,-1
411,1,761.30,184.73,883.06,446.54,1,-1,-1,-1
411,53,672.69,15.88,792.13,255.54,1,-1,-1,-1
412,1,764.93,183.72,889.26,450.59,1,-1,-1,-1
412,53,668.32,24.56,788.05,265.63,1,-1,-1,-1
413,1,769.12,185.19,895.78,457.27,1,-1,-1,-1
413,53,661.63,34.14,782.63,278.96,1,-1,-1,-1
414,1,772.19,186.27,899.16,459.02,1,-1,-1,-1
414,53,655.95,43.39,776.79,289.59,1,-1,-1,-1
415,1,773.09,187.19,901.10,460.86,1,-1,-1,-1
415,53,651.75,49.25,774.26,301.14,1,-1,-1,-1
416,1,776.26,188.74,906.64,467.35,1,-1,-1,-1
416,53,647.78,61.63,768.13,310.43,1,-1,-1,-1
417,1,777.57,190.54,909.07,470.35,1,-1,-1,-1
417,53,641.55,71.34,761.62,320.15,1,-1,-1,-1
418,1,780.26,189.15,914.75,475.29,1,-1,-1,-1
418,53,635.40,83.91,754.71,329.39,1,-1,-1,-1
419,1,782.73,193.11,917.21,479.01,1,-1,-1,-1
419,53,632.23,94.95,750.65,337.12,1,-1,-1,-1
420,1,788.04,195.20,922.06,480.94,1,-1,-1,-1
420,53,624.64,100.73,747.26,348.26,1,-1,-1,-1
421,1,791.46,201.16,923.57,483.51,1,-1,-1,-1
421,53,615.30,107.88,743.60,363.27,1,-1,-1,-1
422,1,796.39,202.00,928.82,486.32,1,-1,-1,-1
422,53,607.93,118.13,737.20,371.93,1,-1,-1,-1
423,1,799.10,203.54,930.36,485.95,1,-1,-1,-1
423,53,600.11,126.32,731.58,381.39,1,-1,-1,-1
424,1,802.96,202.04,935.10,487.65,1,-1,-1,-1
424,53,598.46,141.59,727.84,387.90,1,-1,-1,-1
425,1,804.35,198.77,936.06,484.25,1,-1,-1,-1
425,53,591.16,148.34,724.27,399.22,1,-1,-1,-1
426,1,804.36,194.15,937.98,484.82,1,-1,-1,-1
426,53,588.28,155.85,722.75,409.05,1,-1,-1,-1
427,1,805.03,192.37,939.14,483.66,1,-1,-1,-1
427,53,581.29,160.99,719.24,418.99,1,-1,-1,-1
428,1,809.23,190.99,943.30,483.14,1,-1,-1,-1
428,53,579.38,171.15,717.49,428.97,1,-1,-1,-1
429,1,811.33,186.51,946.14,480.25,1,-1,-1,-1
429,53,576.30,182.58,711.67,434.36,1,-1,-1,-1
430,1,816.75,186.11,949.61,476.47,1,-1,-1,-1
430,53,573.77,189.20,709.89,443.27,1,-1,-1,-1
431,1,820.04,185.97,951.44,473.01,1,-1,-1,-1
431,53,574.29,199.96,706.71,447.61,1,-1,-1,-1
432,1,821.57,182.61,952.27,467.71,1,-1,-1,-1
432,53,571.47,207.64,702.26,453.48,1,-1,-1,-1
433,1,825.89,180.03,956.56,465.73,1,-1,-1,-1
433,53,570.00,214.16,700.65,461.33,1,-1,-1,-1
434,1,832.83,177.76,961.24,459.05,1,-1,-1,-1
434,53,572.59,225.55,697.17,462.64,1,-1,-1,-1
435,1,836.22,175.61,963.99,455.90,1,-1,-1,-1
435,53,569.53,234.14,691.53,467.39,1,-1,-1,-1
435,103,1512.90,-182.74,1649.11,34.59,1,-1,-1,-1
436,1,837.12,174.18,965.14,454.11,1,-1,-1,-1
436,53,569.08,243.00,688.37,472.21,1,-1,-1,-1
436,103,1515.53,-170.78,1646.51,38.18,1,-1,-1,-1
437,1,841.01,170.37,969.07,450.18,1,-1,-1,-1
437,53,566.00,247.25,687.71,482.42,1,-1,-1,-1
437,103,1514.57,-175.56,1647.48,36.97,1,-1,-1,-1
438,1,843.06,168.98,971.05,447.44,1,-1,-1,-1
438,53,557.47,253.86,679.19,489.27,1,-1,-1,-1
438,103,1516.06,-178.68,1645.97,30.07,1,-1,-1,-1
439,1,847.81,163.87,976.86,443.83,1,-1,-1,-1
439,53,552.25,255.36,676.19,496.20,1,-1,-1,-1
439,103,1517.66,-176.37,1643.66,26.91,1,-1,-1,-1
440,1,851.15,164.66,978.58,438.59,1,-1,-1,-1
440,53,546.73,262.24,669.67,501.19,1,-1,-1,-1
440,103,1514.88,-170.01,1636.34,26.56,1,-1,-1,-1
441,1,854.92,159.70,983.76,434.69,1,-1,-1,-1
441,53,540.59,268.51,663.59,507.41,1,-1,-1,-1
441,103,1514.13,-168.57,1632.86,24.41,1,-1,-1,-1
442,1,860.96,157.26,989.44,431.35,1,-1,-1,-1
442,53,539.23,277.22,659.99,511.47,1,-1,-1,-1
442,103,1514.59,-169.55,1631.00,20.25,1,-1,-1,-1
443,1,863.74,152.44,992.80,426.22,1,-1,-1,-1
443,53,536.28,286.85,653.45,513.36,1,-1,-1,-1
443,103,1514.59,-167.79,1628.82,18.44,1,-1,-1,-1
444,1,868.89,150.04,997.64,422.41,1,-1,-1,-1
444,53,533.14,288.77,651.39,518.47,1,-1,-1,-1
445,1,875.43,144.59,1004.52,417.78,1,-1,-1,-1
445,53,529.98,296.56,644.92,520.18,1,-1,-1,-1
446,1,879.19,141.31,1006.83,409.54,1,-1,-1,-1
446,53,526.71,297.16,643.60,525.89,1,-1,-1,-1
447,1,883.49,138.19,1011.14,405.24,1,-1,-1,-1
447,53,522.21,302.49,639.35,531.79,1,-1,-1,-1
448,1,883.97,131.14,1014.23,401.78,1,-1,-1,-1
448,53,520.02,310.21,635.89,537.12,1,-1,-1,-1
449,1,888.03,124.00,1019.83,397.32,1,-1,-1,-1
449,53,509.61,314.86,627.21,544.21,1,-1,-1,-1
450,1,890.33,120.76,1022.88,394.46,1,-1,-1,-1
450,53,502.96,317.04,625.70,555.25,1,-1,-1,-1
451,1,891.13,116.37,1024.47,389.57,1,-1,-1,-1
451,53,495.65,320.96,622.36,563.80,1,-1,-1,-1
452,1,894.93,114.20,1028.55,386.55,1,-1,-1,-1
452,53,482.87,317.69,620.93,581.21,1,-1,-1,-1
453,1,895.92,107.57,1031.59,382.91,1,-1,-1,-1
453,53,473.03,318.29,616.63,593.40,1,-1,-1,-1
454,1,896.86,105.86,1032.60,379.70,1,-1,-1,-1
454,53,466.80,329.21,608.62,597.99,1,-1,-1,-1
455,1,898.86,98.10,1038.33,379.30,1,-1,-1,-1
455,53,465.08,339.25,605.18,603.30,1,-1,-1,-1
456,1,899.83,95.30,1040.08,377.28,1,-1,-1,-1
456,53,461.53,341.57,607.15,616.21,1,-1,-1,-1
457,1,899.60,88.48,1042.40,374.68,1,-1,-1,-1
457,53,458.95,352.66,600.92,620.23,1,-1,-1,-1
458,1,900.43,86.69,1042.83,371.84,1,-1,-1,-1
458,53,459.52,366.66,596.05,622.04,1,-1,-1,-1
459,1,899.34,79.60,1044.17,370.22,1,-1,-1,-1
459,53,454.88,375.72,590.80,628.37,1,-1,-1,-1
460,1,899.60,77.05,1043.85,367.09,1,-1,-1,-1
460,53,454.07,385.48,586.92,632.46,1,-1,-1,-1
461,1,900.73,73.62,1043.17,360.75,1,-1,-1,-1
461,53,448.45,390.85,581.79,639.71,1,-1,-1,-1
462,1,905.29,71.83,1045.88,357.14,1,-1,-1,-1
462,53,447.66,399.90,578.22,645.49,1,-1,-1,-1
462,103,1507.15,-134.00,1596.85,13.91,1,-1,-1,-1
463,1,906.57,66.68,1046.53,351.94,1,-1,-1,-1
463,53,442.94,405.68,574.34,654.70,1,-1,-1,-1
463,103,1506.75,-132.22,1595.17,13.57,1,-1,-1,-1
464,1,907.81,60.92,1047.20,346.15,1,-1,-1,-1
464,53,442.77,416.85,569.59,658.57,1,-1,-1,-1
465,1,909.42,59.56,1046.82,341.46,1,-1,-1,-1
465,53,438.98,425.44,563.88,664.38,1,-1,-1,-1
466,1,913.10,54.57,1050.75,337.85,1,-1,-1,-1
466,53,433.13,431.01,559.17,672.96,1,-1,-1,-1
467,1,915.88,52.84,1052.02,333.33,1,-1,-1,-1
467,53,429.63,440.11,556.37,683.87,1,-1,-1,-1
468,1,916.28,47.71,1052.99,329.13,1,-1,-1,-1
468,53,423.37,447.89,550.66,694.33,1,-1,-1,-1
469,1,916.89,45.92,1053.41,326.38,1,-1,-1,-1
469,53,416.55,457.79,542.71,701.97,1,-1,-1,-1
470,1,916.79,45.40,1053.11,325.49,1,-1,-1,-1
470,53,405.53,467.20,533.23,713.83,1,-1,-1,-1
471,1,917.12,44.68,1053.82,325.31,1,-1,-1,-1
471,53,400.78,475.73,529.31,723.94,1,-1,-1,-1
472,1,917.81,45.19,1054.08,324.70,1,-1,-1,-1
472,53,391.97,480.64,526.66,741.96,1,-1,-1,-1
473,1,921.08,41.53,1057.68,322.61,1,-1,-1,-1
473,53,385.29,488.78,520.22,751.11,1,-1,-1,-1
474,1,922.04,38.93,1059.21,321.27,1,-1,-1,-1
474,53,379.96,500.11,511.72,756.23,1,-1,-1,-1
475,1,922.37,38.05,1059.72,320.86,1,-1,-1,-1
475,53,378.28,512.05,507.26,761.73,1,-1,-1,-1
476,1,921.90,35.84,1060.39,321.47,1,-1,-1,-1
476,53,372.60,523.53,501.75,770.76,1,-1,-1,-1
477,1,922.23,32.46,1060.69,317.17,1,-1,-1,-1
477,53,366.09,533.46,495.86,779.12,1,-1,-1,-1
478,1,928.41,33.26,1063.91,312.32,1,-1,-1,-1
478,53,358.03,541.48,490.37,789.22,1,-1,-1,-1
479,1,930.24,33.68,1064.87,311.25,1,-1,-1,-1
479,53,346.31,546.82,486.18,806.58,1,-1,-1,-1
480,1,930.80,33.24,1065.24,310.28,1,-1,-1,-1
480,53,334.04,558.99,476.53,819.99,1,-1,-1,-1
481,1,931.50,30.50,1065.44,306.02,1,-1,-1,-1
481,53,327.17,566.64,474.06,832.00,1,-1,-1,-1
482,1,931.63,28.88,1065.54,303.85,1,-1,-1,-1
482,53,312.75,574.48,466.41,848.64,1,-1,-1,-1
483,1,932.24,28.34,1066.25,303.13,1,-1,-1,-1
483,53,315.05,578.51,475.49,865.04,1,-1,-1,-1
484,1,932.27,28.21,1066.63,302.95,1,-1,-1,-1
484,53,295.00,596.53,454.04,878.76,1,-1,-1,-1
485,1,932.83,28.88,1066.80,301.64,1,-1,-1,-1
485,53,287.35,605.66,447.86,890.48,1,-1,-1,-1
486,1,932.01,27.21,1067.82,303.22,1,-1,-1,-1
486,53,284.93,627.27,445.40,906.66,1,-1,-1,-1
487,1,931.47,26.62,1067.72,303.21,1,-1,-1,-1
487,53,277.91,637.58,439.44,918.81,1,-1,-1,-1
488,1,931.60,27.77,1067.28,302.61,1,-1,-1,-1
488,53,259.97,657.37,422.20,938.03,1,-1,-1,-1
489,1,931.68,29.58,1066.36,301.77,1,-1,-1,-1
489,53,251.08,679.65,411.21,952.30,1,-1,-1,-1
490,1,931.41,30.30,1066.26,302.84,1,-1,-1,-1
490,53,244.62,701.36,402.27,963.09,1,-1,-1,-1
491,1,930.97,29.27,1066.54,303.94,1,-1,-1,-1
491,53,242.18,720.97,399.00,975.27,1,-1,-1,-1
492,1,931.11,33.52,1065.65,307.03,1,-1,-1,-1
492,53,237.39,739.74,393.56,987.31,1,-1,-1,-1
493,1,931.22,35.15,1065.23,308.89,1,-1,-1,-1
493,53,221.28,746.72,387.62,1008.74,1,-1,-1,-1
494,1,931.27,36.42,1064.37,309.60,1,-1,-1,-1
494,53,207.63,753.62,383.09,1031.30,1,-1,-1,-1
495,1,927.16,35.57,1060.89,310.53,1,-1,-1,-1
495,53,193.90,768.13,373.49,1053.11,1,-1,-1,-1
496,1,924.73,35.91,1058.48,311.54,1,-1,-1,-1
496,53,183.63,782.38,365.50,1072.10,1,-1,-1,-1
497,1,924.63,37.35,1057.43,310.59,1,-1,-1,-1
497,53,170.99,800.41,353.47,1092.53,1,-1,-1,-1
498,1,924.42,39.21,1055.93,309.57,1,-1,-1,-1
498,53,161.57,814.10,345.68,1108.82,1,-1,-1,-1
499,1,924.24,41.89,1056.16,313.83,1,-1,-1,-1
500,1,924.33,42.87,1056.14,314.75,1,-1,-1,-1
501,1,924.40,43.21,1056.12,315.08,1,-1,-1,-1
502,1,924.47,43.31,1056.11,315.19,1,-1,-1,-1
503,1,924.52,43.32,1056.11,315.21,1,-1,-1,-1
504,1,924.57,43.30,1056.10,315.20,1,-1,-1,-1
505,1,924.61,43.27,1056.10,315.19,1,-1,-1,-1
506,1,924.65,43.24,1056.09,315.17,1,-1,-1,-1
507,1,924.69,43.22,1056.09,315.15,1,-1,-1,-1
508,1,924.72,43.19,1056.08,315.13,1,-1,-1,-1
509,1,924.75,43.17,1056.08,315.12,1,-1,-1,-1
510,1,924.77,43.15,1056.07,315.10,1,-1,-1,-1
511,1,924.80,43.13,1056.07,315.09,1,-1,-1,-1
512,1,924.82,43.12,1056.07,315.08,1,-1,-1,-1
513,1,924.83,43.10,1056.06,315.07,1,-1,-1,-1
514,1,924.85,43.09,1056.06,315.06,1,-1,-1,-1
515,1,924.86,43.08,1056.05,315.05,1,-1,-1,-1
516,1,924.88,43.07,1056.05,315.05,1,-1,-1,-1
517,1,924.89,43.06,1056.05,315.04,1,-1,-1,-1
518,1,924.90,43.05,1056.04,315.04,1,-1,-1,-1
519,1,934.25,76.75,1065.86,348.74,1,-1,-1,-1
520,1,937.89,94.06,1069.45,365.39,1,-1,-1,-1
521,1,939.14,100.44,1070.84,371.52,1,-1,-1,-1
522,1,939.50,102.64,1071.38,373.63,1,-1,-1,-1
523,1,939.53,103.26,1071.59,374.22,1,-1,-1,-1
524,1,939.43,103.31,1071.68,374.26,1,-1,-1,-1
525,1,939.31,103.16,1071.72,374.11,1,-1,-1,-1
526,1,939.18,102.95,1071.75,373.91,1,-1,-1,-1
527,1,939.06,102.74,1071.77,373.70,1,-1,-1,-1
528,1,938.95,102.54,1071.78,373.50,1,-1,-1,-1
529,1,938.85,102.36,1071.80,373.33,1,-1,-1,-1
530,1,938.76,102.20,1071.81,373.17,1,-1,-1,-1
531,1,933.88,138.41,1068.69,413.35,1,-1,-1,-1
531,103,1437.48,-173.00,1567.52,49.00,1,-1,-1,-1
532,1,932.09,151.92,1067.46,428.35,1,-1,-1,-1
532,103,1437.75,-173.44,1566.58,49.31,1,-1,-1,-1
533,1,931.69,162.11,1066.71,438.43,1,-1,-1,-1
533,103,1436.02,-183.20,1568.19,48.76,1,-1,-1,-1
533,114,376.83,-79.11,495.17,83.03,1,-1,-1,-1
534,1,931.63,165.72,1066.34,441.98,1,-1,-1,-1
534,103,1435.57,-187.21,1568.63,48.52,1,-1,-1,-1
534,114,380.57,-63.95,491.43,87.29,1,-1,-1,-1
535,1,930.85,170.78,1066.98,449.65,1,-1,-1,-1
535,103,1434.44,-188.42,1568.50,49.07,1,-1,-1,-1
535,114,380.68,-45.09,491.32,103.99,1,-1,-1,-1
536,1,930.54,172.47,1067.26,452.29,1,-1,-1,-1
536,114,380.00,-40.39,492.00,108.51,1,-1,-1,-1
537,1,930.40,172.86,1067.40,453.03,1,-1,-1,-1
537,114,379.08,-39.67,492.92,109.56,1,-1,-1,-1
538,1,930.91,187.28,1066.24,462.95,1,-1,-1,-1
538,103,1430.79,-190.31,1573.34,56.06,1,-1,-1,-1
538,114,374.42,-26.63,487.68,118.78,1,-1,-1,-1
539,1,929.96,195.19,1066.97,473.09,1,-1,-1,-1
539,103,1429.13,-198.45,1575.92,52.99,1,-1,-1,-1
539,114,369.10,-17.76,483.19,125.88,1,-1,-1,-1
540,1,928.47,199.25,1067.07,478.64,1,-1,-1,-1
540,103,1426.10,-196.16,1579.26,64.15,1,-1,-1,-1
540,114,364.95,-11.01,482.64,134.32,1,-1,-1,-1
541,1,927.68,200.54,1067.34,480.49,1,-1,-1,-1
541,103,1424.71,-195.25,1580.78,68.40,1,-1,-1,-1
541,114,362.78,-9.02,483.28,137.05,1,-1,-1,-1
542,1,927.20,200.80,1067.65,480.94,1,-1,-1,-1
542,103,1424.02,-194.84,1581.56,70.02,1,-1,-1,-1
542,114,361.34,-8.72,484.30,137.75,1,-1,-1,-1
543,1,925.52,209.92,1070.59,499.35,1,-1,-1,-1
543,103,1433.16,-194.00,1590.61,69.29,1,-1,-1,-1
543,114,355.97,10.56,478.88,154.60,1,-1,-1,-1
544,1,924.91,213.20,1071.69,506.09,1,-1,-1,-1
544,103,1436.54,-193.63,1594.27,68.95,1,-1,-1,-1
544,114,353.44,17.31,477.54,160.56,1,-1,-1,-1
545,1,924.70,214.25,1072.10,508.42,1,-1,-1,-1
545,103,1437.67,-193.47,1595.79,68.77,1,-1,-1,-1
545,114,352.03,19.42,477.69,162.47,1,-1,-1,-1
545,115,313.00,-151.00,505.00,37.00,1,-1,-1,-1
546,1,923.80,226.24,1073.08,523.47,1,-1,-1,-1
546,103,1437.95,-184.21,1596.46,76.51,1,-1,-1,-1
546,114,347.96,35.94,473.40,176.32,1,-1,-1,-1
546,115,301.92,-152.53,504.63,46.16,1,-1,-1,-1
547,1,924.33,236.52,1072.59,532.23,1,-1,-1,-1
547,103,1440.94,-179.34,1602.31,84.68,1,-1,-1,-1
547,114,343.14,47.77,473.25,192.62,1,-1,-1,-1
547,115,300.64,-133.67,501.52,63.43,1,-1,-1,-1
548,1,924.66,244.83,1072.28,539.24,1,-1,-1,-1
548,103,1442.85,-172.95,1604.33,89.01,1,-1,-1,-1
548,114,339.26,59.10,468.17,201.66,1,-1,-1,-1
548,115,305.23,-98.46,487.81,80.05,1,-1,-1,-1
549,1,923.75,249.07,1071.88,542.93,1,-1,-1,-1
549,103,1447.47,-148.13,1600.46,97.81,1,-1,-1,-1
549,114,336.37,68.30,465.17,209.37,1,-1,-1,-1
549,115,312.44,-70.99,476.25,88.31,1,-1,-1,-1
550,1,924.64,257.03,1071.16,546.69,1,-1,-1,-1
550,103,1447.24,-133.28,1601.51,111.84,1,-1,-1,-1
550,114,335.18,77.34,463.69,216.58,1,-1,-1,-1
550,115,309.20,-62.72,476.93,100.01,1,-1,-1,-1
550,116,1159.16,-150.20,1264.05,37.59,1,-1,-1,-1
551,1,924.85,259.79,1071.02,547.82,1,-1,-1,-1
551,103,1446.65,-128.05,1602.33,116.78,1,-1,-1,-1
551,114,334.44,80.30,463.64,218.91,1,-1,-1,-1
551,115,308.05,-60.26,477.32,103.57,1,-1,-1,-1
551,116,1158.71,-152.90,1264.95,37.41,1,-1,-1,-1
551,118,124.19,-132.97,281.83,2.85,1,-1,-1,-1
552,1,917.20,273.18,1061.48,554.62,1,-1,-1,-1
552,103,1448.34,-111.67,1600.65,125.77,1,-1,-1,-1
552,114,325.75,93.06,457.53,233.49,1,-1,-1,-1
552,115,298.50,-53.79,476.47,118.87,1,-1,-1,-1
552,116,1159.27,-147.12,1264.39,40.91,1,-1,-1,-1
552,118,113.89,-127.47,282.83,18.12,1,-1,-1,-1
553,1,917.87,281.98,1061.68,560.92,1,-1,-1,-1
553,103,1447.39,-107.09,1601.50,131.62,1,-1,-1,-1
553,114,322.74,104.78,453.88,243.28,1,-1,-1,-1
553,115,290.09,-48.42,473.26,129.47,1,-1,-1,-1
553,116,1164.86,-144.26,1267.96,39.94,1,-1,-1,-1
553,118,106.39,-125.06,276.66,21.45,1,-1,-1,-1
554,1,917.68,288.98,1062.27,569.03,1,-1,-1,-1
554,103,1446.73,-101.62,1602.74,137.60,1,-1,-1,-1
554,114,318.73,111.45,453.62,253.27,1,-1,-1,-1
554,115,280.56,-44.18,470.63,140.38,1,-1,-1,-1
554,116,1171.93,-144.66,1273.88,37.42,1,-1,-1,-1
554,118,101.35,-126.47,274.90,23.05,1,-1,-1,-1
554,119,902.43,-139.28,995.80,28.80,1,-1,-1,-1
555,1,912.54,295.32,1058.99,578.45,1,-1,-1,-1
555,103,1445.93,-95.16,1603.03,143.62,1,-1,-1,-1
555,114,311.78,119.59,452.55,267.25,1,-1,-1,-1
555,115,283.63,-28.47,463.81,145.49,1,-1,-1,-1
555,116,1175.68,-135.81,1275.94,43.43,1,-1,-1,-1
555,118,91.24,-125.00,275.29,34.47,1,-1,-1,-1
555,119,907.76,-133.13,1000.15,32.94,1,-1,-1,-1
556,1,908.91,302.08,1058.86,592.98,1,-1,-1,-1
556,103,1446.25,-87.00,1603.14,148.33,1,-1,-1,-1
556,114,311.05,130.85,448.46,274.24,1,-1,-1,-1
556,115,283.57,-18.20,460.85,152.22,1,-1,-1,-1
556,116,1180.63,-131.95,1281.10,48.33,1,-1,-1,-1
556,118,86.93,-113.23,274.92,50.46,1,-1,-1,-1
556,119,908.51,-129.86,1002.25,38.66,1,-1,-1,-1
557,1,903.74,309.64,1054.83,602.82,1,-1,-1,-1
557,103,1444.76,-85.54,1605.39,153.87,1,-1,-1,-1
557,114,307.14,140.07,443.49,281.76,1,-1,-1,-1
557,115,277.53,-11.46,457.94,161.06,1,-1,-1,-1
557,116,1181.80,-131.99,1284.05,52.08,1,-1,-1,-1
557,118,82.67,-100.80,269.76,63.02,1,-1,-1,-1
557,119,909.73,-127.52,1003.19,40.45,1,-1,-1,-1
558,1,901.54,316.21,1053.60,611.55,1,-1,-1,-1
558,103,1447.88,-81.88,1610.45,161.70,1,-1,-1,-1
558,114,305.25,151.80,440.96,292.21,1,-1,-1,-1
558,115,275.45,-2.64,455.59,168.68,1,-1,-1,-1
558,116,1183.62,-122.72,1283.53,57.40,1,-1,-1,-1
558,118,81.28,-87.53,266.52,75.50,1,-1,-1,-1
558,119,908.00,-131.10,1004.03,41.63,1,-1,-1,-1
559,1,900.81,318.45,1053.14,614.57,1,-1,-1,-1
559,103,1449.27,-80.70,1612.11,164.47,1,-1,-1,-1
559,114,304.49,155.82,440.30,295.77,1,-1,-1,-1
559,115,274.53,0.26,455.13,171.16,1,-1,-1,-1
559,116,1184.21,-119.30,1283.14,59.30,1,-1,-1,-1
559,118,81.27,-82.68,265.07,79.91,1,-1,-1,-1
559,119,907.35,-132.47,1004.24,41.95,1,-1,-1,-1
560,1,900.63,319.04,1052.98,615.43,1,-1,-1,-1
560,103,1449.96,-80.47,1612.50,165.31,1,-1,-1,-1
560,114,304.16,156.97,440.31,296.77,1,-1,-1,-1
560,115,274.04,0.99,455.33,171.75,1,-1,-1,-1
560,116,1184.36,-118.15,1282.86,59.91,1,-1,-1,-1
560,118,81.72,-81.06,264.34,81.25,1,-1,-1,-1
560,119,907.07,-133.07,1004.21,41.96,1,-1,-1,-1
561,1,900.66,319.02,1052.94,615.47,1,-1,-1,-1
561,103,1450.38,-80.58,1612.43,165.43,1,-1,-1,-1
561,114,304.00,157.06,440.55,296.83,1,-1,-1,-1
561,115,273.72,0.93,455.75,171.66,1,-1,-1,-1
561,116,1184.36,-117.84,1282.64,60.03,1,-1,-1,-1
561,118,82.32,-80.67,263.87,81.45,1,-1,-1,-1
561,119,906.95,-133.35,1004.12,41.88,1,-1,-1,-1
562,1,893.23,340.54,1042.03,631.05,1,-1,-1,-1
562,103,1444.74,-73.54,1609.55,175.84,1,-1,-1,-1
562,114,297.21,179.33,429.65,313.80,1,-1,-1,-1
562,115,263.64,17.87,449.46,191.27,1,-1,-1,-1
562,116,1186.94,-126.50,1289.84,59.99,1,-1,-1,-1
562,118,77.06,-58.24,248.90,94.48,1,-1,-1,-1
562,119,906.37,-148.22,1013.91,45.79,1,-1,-1,-1
563,1,890.57,348.49,1037.82,636.70,1,-1,-1,-1
563,103,1442.45,-71.02,1608.58,179.62,1,-1,-1,-1
563,114,294.47,187.40,425.90,319.88,1,-1,-1,-1
563,115,259.68,23.98,447.46,198.39,1,-1,-1,-1
563,116,1187.88,-129.74,1292.42,59.94,1,-1,-1,-1
563,118,75.03,-49.88,243.43,99.11,1,-1,-1,-1
563,119,906.17,-153.63,1017.45,47.21,1,-1,-1,-1
564,1,887.94,353.85,1036.05,645.19,1,-1,-1,-1
564,103,1446.05,-65.63,1611.60,184.81,1,-1,-1,-1
564,114,289.11,196.73,425.75,333.89,1,-1,-1,-1
564,115,252.56,33.89,441.98,209.35,1,-1,-1,-1
564,116,1189.91,-121.21,1290.94,62.46,1,-1,-1,-1
564,118,70.35,-41.70,237.55,105.93,1,-1,-1,-1
564,119,911.61,-152.53,1022.26,47.05,1,-1,-1,-1
565,1,885.18,360.90,1028.74,644.18,1,-1,-1,-1
565,103,1449.32,-61.11,1611.50,184.62,1,-1,-1,-1
565,114,282.64,203.89,423.11,344.08,1,-1,-1,-1
565,115,253.49,45.92,435.84,213.87,1,-1,-1,-1
565,116,1189.29,-121.94,1291.55,64.70,1,-1,-1,-1
565,118,69.80,-32.25,231.80,110.19,1,-1,-1,-1
565,119,913.56,-150.05,1024.23,49.51,1,-1,-1,-1
566,1,884.36,363.25,1025.93,643.44,1,-1,-1,-1
566,103,1450.61,-59.58,1611.37,184.33,1,-1,-1,-1
566,114,280.05,206.29,422.43,347.66,1,-1,-1,-1
566,115,253.77,50.09,433.93,215.15,1,-1,-1,-1
566,116,1189.13,-122.24,1291.61,65.47,1,-1,-1,-1
566,118,69.59,-29.06,230.01,111.45,1,-1,-1,-1
566,119,914.27,-149.05,1024.89,50.40,1,-1,-1,-1
567,1,884.49,364.54,1024.64,642.94,1,-1,-1,-1
567,103,1448.88,-59.83,1614.16,192.70,1,-1,-1,-1
567,114,275.42,214.75,418.82,356.57,1,-1,-1,-1
567,115,244.73,52.66,432.54,224.06,1,-1,-1,-1
567,116,1186.11,-128.32,1294.47,70.97,1,-1,-1,-1
567,118,60.94,-27.50,229.43,120.43,1,-1,-1,-1
567,119,915.15,-147.32,1025.71,51.99,1,-1,-1,-1
568,1,881.68,367.44,1018.56,639.23,1,-1,-1,-1
568,103,1448.09,-60.66,1615.31,196.36,1,-1,-1,-1
568,114,274.39,223.58,415.63,362.94,1,-1,-1,-1
568,115,241.25,54.10,432.34,228.47,1,-1,-1,-1
568,116,1185.08,-128.68,1295.39,74.93,1,-1,-1,-1
568,118,55.35,-25.08,225.25,124.23,1,-1,-1,-1
568,119,915.32,-146.63,1025.41,51.88,1,-1,-1,-1
569,1,880.31,368.27,1016.11,637.62,1,-1,-1,-1
569,103,1447.31,-62.43,1616.19,198.91,1,-1,-1,-1
569,114,272.44,227.25,413.60,366.32,1,-1,-1,-1
569,115,238.67,57.64,432.45,234.47,1,-1,-1,-1
569,116,1185.15,-125.59,1295.17,78.35,1,-1,-1,-1
569,118,52.67,-20.47,222.47,128.71,1,-1,-1,-1
569,119,916.20,-143.72,1025.02,52.43,1,-1,-1,-1
570,1,878.55,366.37,1015.99,638.23,1,-1,-1,-1
570,103,1447.32,-63.87,1616.83,200.38,1,-1,-1,-1
570,114,268.63,232.31,410.83,372.61,1,-1,-1,-1
570,115,232.15,58.09,430.39,239.13,1,-1,-1,-1
570,116,1185.58,-122.43,1294.59,80.24,1,-1,-1,-1
570,118,51.42,-18.29,221.28,130.84,1,-1,-1,-1
570,119,916.61,-139.95,1025.33,55.89,1,-1,-1,-1
571,1,874.02,364.85,1012.68,638.36,1,-1,-1,-1
571,103,1450.42,-66.47,1621.14,203.41,1,-1,-1,-1
571,114,265.74,233.95,408.80,374.71,1,-1,-1,-1
571,115,232.11,63.28,427.34,241.99,1,-1,-1,-1
571,116,1183.83,-131.08,1296.85,79.56,1,-1,-1,-1
571,118,46.36,-15.03,219.08,136.71,1,-1,-1,-1
571,119,920.54,-141.17,1028.84,53.85,1,-1,-1,-1
572,1,872.16,364.78,1010.44,636.98,1,-1,-1,-1
572,103,1452.53,-67.53,1621.82,203.80,1,-1,-1,-1
572,114,264.65,237.59,408.91,379.85,1,-1,-1,-1
572,115,233.43,70.95,424.46,246.08,1,-1,-1,-1
572,116,1183.96,-130.46,1296.23,79.25,1,-1,-1,-1
572,118,45.54,-12.00,216.06,137.43,1,-1,-1,-1
572,119,925.26,-128.43,1027.50,55.66,1,-1,-1,-1
573,1,870.99,361.30,1009.60,633.03,1,-1,-1,-1
573,103,1450.34,-66.70,1617.83,203.15,1,-1,-1,-1
573,114,264.53,240.71,407.55,381.55,1,-1,-1,-1
573,115,232.50,72.95,424.36,249.36,1,-1,-1,-1
573,116,1183.35,-134.13,1297.23,79.04,1,-1,-1,-1
573,118,44.65,-6.43,213.79,141.44,1,-1,-1,-1
573,119,927.86,-125.59,1026.70,52.23,1,-1,-1,-1
574,1,869.28,357.23,1010.74,633.47,1,-1,-1,-1
574,103,1450.33,-65.12,1615.41,201.45,1,-1,-1,-1
574,114,261.52,242.28,404.26,382.58,1,-1,-1,-1
574,115,231.47,72.86,425.16,251.72,1,-1,-1,-1
574,116,1183.39,-128.36,1296.63,83.46,1,-1,-1,-1
574,118,42.62,-3.20,210.24,142.75,1,-1,-1,-1
574,119,927.99,-129.36,1027.12,48.91,1,-1,-1,-1
575,1,867.56,349.72,1012.39,630.96,1,-1,-1,-1
575,103,1450.79,-64.58,1613.99,200.02,1,-1,-1,-1
575,114,258.98,245.29,403.29,386.71,1,-1,-1,-1
575,115,229.33,77.24,420.82,254.39,1,-1,-1,-1
575,116,1184.83,-120.21,1294.93,85.11,1,-1,-1,-1
575,118,40.00,-2.84,209.00,143.72,1,-1,-1,-1
575,119,927.71,-130.77,1027.50,48.36,1,-1,-1,-1
576,1,861.58,344.85,1009.29,630.62,1,-1,-1,-1
576,103,1450.88,-65.08,1613.52,200.05,1,-1,-1,-1
576,114,260.29,249.53,400.83,386.10,1,-1,-1,-1
576,115,227.17,78.04,420.69,257.82,1,-1,-1,-1
576,116,1184.75,-119.75,1294.18,83.66,1,-1,-1,-1
576,118,38.65,0.44,208.44,147.24,1,-1,-1,-1
576,119,926.37,-136.65,1028.79,46.82,1,-1,-1,-1
577,1,858.50,340.36,1009.05,632.43,1,-1,-1,-1
577,103,1451.43,-68.61,1612.82,196.04,1,-1,-1,-1
577,114,261.50,252.22,399.43,384.91,1,-1,-1,-1
577,115,225.48,78.20,421.00,260.26,1,-1,-1,-1
577,116,1184.93,-118.29,1293.66,83.06,1,-1,-1,-1
577,118,38.16,2.18,207.78,148.42,1,-1,-1,-1
577,119,926.87,-134.26,1027.55,46.24,1,-1,-1,-1
578,1,857.41,334.09,1009.66,629.83,1,-1,-1,-1
578,103,1452.67,-69.33,1611.50,192.47,1,-1,-1,-1
578,114,259.53,255.69,398.82,388.99,1,-1,-1,-1
578,115,229.54,85.31,416.57,259.71,1,-1,-1,-1
578,116,1185.71,-119.10,1293.38,79.46,1,-1,-1,-1
578,118,37.38,2.68,208.32,150.03,1,-1,-1,-1
578,119,925.38,-140.67,1028.65,44.03,1,-1,-1,-1
579,1,856.96,331.69,1008.77,627.49,1,-1,-1,-1
579,103,1452.98,-73.60,1611.16,187.09,1,-1,-1,-1
579,114,259.63,257.47,398.55,389.69,1,-1,-1,-1
579,115,228.00,85.84,416.85,261.91,1,-1,-1,-1
579,116,1186.72,-117.45,1293.20,78.06,1,-1,-1,-1
579,118,36.78,2.74,208.34,150.51,1,-1,-1,-1
579,119,928.43,-146.98,1034.62,41.90,1,-1,-1,-1
