3,9,723.27,287.53,822.18,489.56,1,-1,-1,-1
4,9,717.71,291.37,811.93,484.14,1,-1,-1,-1
4,10,1539.43,391.02,1582.82,481.72,1,-1,-1,-1
5,9,700.49,295.74,793.59,486.33,1,-1,-1,-1
5,10,1526.88,389.60,1571.00,481.77,1,-1,-1,-1
6,9,689.54,293.45,782.20,483.49,1,-1,-1,-1
6,10,1520.37,389.55,1564.28,481.30,1,-1,-1,-1
7,9,673.02,294.74,763.65,481.19,1,-1,-1,-1
8,9,663.16,297.96,750.29,477.67,1,-1,-1,-1
8,10,1488.18,379.93,1536.13,480.03,1,-1,-1,-1
9,9,646.37,298.36,732.74,477.24,1,-1,-1,-1
9,10,1478.11,378.11,1526.68,479.50,1,-1,-1,-1
10,9,629.81,296.38,717.52,478.54,1,-1,-1,-1
11,9,620.76,299.02,705.21,475.02,1,-1,-1,-1
12,9,613.77,300.66,696.81,474.46,1,-1,-1,-1
13,9,606.81,301.89,688.33,472.97,1,-1,-1,-1
14,9,599.15,299.58,682.55,475.21,1,-1,-1,-1
15,9,595.95,298.06,680.82,477.39,1,-1,-1,-1
16,9,590.54,298.13,677.89,482.87,1,-1,-1,-1
16,10,1437.84,377.47,1481.88,469.29,1,-1,-1,-1
17,9,589.19,298.80,676.72,484.30,1,-1,-1,-1
17,10,1436.98,377.65,1480.44,468.06,1,-1,-1,-1
18,9,587.73,294.43,676.68,484.19,1,-1,-1,-1
18,10,1436.40,377.66,1479.75,467.67,1,-1,-1,-1
19,9,587.21,292.78,676.46,484.13,1,-1,-1,-1
19,10,1436.24,377.02,1479.87,467.57,1,-1,-1,-1
20,9,587.91,292.81,676.05,482.80,1,-1,-1,-1
20,10,1436.41,376.13,1480.16,466.90,1,-1,-1,-1
21,9,581.98,292.51,670.26,482.81,1,-1,-1,-1
21,10,1437.74,377.16,1480.09,464.68,1,-1,-1,-1
21,3,838.12,283.04,932.21,490.10,1,-1,-1,-1
22,9,582.84,291.27,671.26,482.96,1,-1,-1,-1
22,10,1438.85,377.59,1480.65,463.89,1,-1,-1,-1
22,3,836.28,281.63,930.92,489.88,1,-1,-1,-1
23,9,577.58,290.87,666.19,482.99,1,-1,-1,-1
23,10,1435.71,377.26,1477.19,462.90,1,-1,-1,-1
23,21,1489.43,338.00,1545.57,462.97,1,-1,-1,-1
24,21,1489.52,338.00,1545.48,462.60,1,-1,-1,-1
25,21,1489.33,331.83,1546.55,459.38,1,-1,-1,-1
26,10,1438.44,369.75,1482.39,459.99,1,-1,-1,-1
26,21,1489.45,331.50,1545.85,457.34,1,-1,-1,-1
27,10,1438.01,367.57,1483.08,459.68,1,-1,-1,-1
27,3,828.91,278.72,925.87,492.74,1,-1,-1,-1
27,21,1494.41,331.45,1549.85,455.30,1,-1,-1,-1
28,10,1436.32,366.43,1481.49,458.76,1,-1,-1,-1
28,3,828.33,277.90,925.72,493.65,1,-1,-1,-1
28,21,1496.31,331.49,1551.09,453.95,1,-1,-1,-1
29,3,824.86,278.94,921.00,492.63,1,-1,-1,-1
29,21,1496.79,331.56,1550.96,452.84,1,-1,-1,-1
30,3,824.42,280.70,918.46,490.26,1,-1,-1,-1
30,21,1497.81,330.81,1551.69,451.45,1,-1,-1,-1
30,23,1296.22,327.83,1365.06,473.40,1,-1,-1,-1
31,10,1443.37,362.12,1489.30,456.00,1,-1,-1,-1
31,3,824.64,282.06,917.25,488.69,1,-1,-1,-1
31,21,1497.63,327.60,1551.82,449.21,1,-1,-1,-1
31,23,1297.82,327.45,1367.23,474.32,1,-1,-1,-1
32,10,1444.03,360.29,1491.26,457.07,1,-1,-1,-1
32,3,823.18,281.77,915.77,488.34,1,-1,-1,-1
32,21,1498.47,326.52,1552.48,447.70,1,-1,-1,-1
32,23,1298.39,326.54,1368.37,474.65,1,-1,-1,-1
33,10,1448.72,359.66,1495.95,456.78,1,-1,-1,-1
33,3,829.67,282.67,922.02,488.78,1,-1,-1,-1
33,21,1505.02,329.08,1556.66,445.24,1,-1,-1,-1
33,23,1303.02,325.50,1374.15,476.22,1,-1,-1,-1
34,10,1454.63,358.15,1502.16,456.03,1,-1,-1,-1
34,3,830.98,279.45,923.25,485.45,1,-1,-1,-1
34,21,1510.47,328.14,1562.68,445.97,1,-1,-1,-1
34,23,1309.23,320.95,1380.45,471.92,1,-1,-1,-1
35,10,1455.27,356.91,1503.07,455.35,1,-1,-1,-1
35,3,830.61,278.94,922.83,484.85,1,-1,-1,-1
35,21,1511.76,325.14,1565.87,447.56,1,-1,-1,-1
35,23,1312.38,320.01,1383.69,471.14,1,-1,-1,-1
36,21,1513.68,324.18,1567.79,446.59,1,-1,-1,-1
36,23,1324.56,319.82,1394.48,468.46,1,-1,-1,-1
37,21,1523.97,320.71,1577.45,442.02,1,-1,-1,-1
37,23,1332.16,314.82,1402.08,463.64,1,-1,-1,-1
38,21,1532.17,321.19,1583.67,438.17,1,-1,-1,-1
38,23,1337.09,313.39,1406.93,462.04,1,-1,-1,-1
39,10,1484.73,346.56,1530.95,442.10,1,-1,-1,-1
39,21,1535.60,320.14,1586.84,436.53,1,-1,-1,-1
40,10,1485.85,341.46,1535.34,444.35,1,-1,-1,-1
40,1,1123.99,291.01,1187.01,443.00,1,-1,-1,-1
40,21,1541.16,317.44,1591.79,432.61,1,-1,-1,-1
41,10,1493.18,344.31,1539.02,439.82,1,-1,-1,-1
41,1,1122.45,290.06,1185.47,442.04,1,-1,-1,-1
41,21,1542.28,314.70,1594.30,432.96,1,-1,-1,-1
42,10,1496.87,346.97,1539.99,436.74,1,-1,-1,-1
42,21,1547.42,315.08,1598.29,431.11,1,-1,-1,-1
43,10,1500.14,345.88,1542.95,435.03,1,-1,-1,-1
43,21,1549.38,315.29,1599.49,429.82,1,-1,-1,-1
44,1,1124.78,293.17,1184.72,438.14,1,-1,-1,-1
44,21,1544.96,312.08,1597.48,432.07,1,-1,-1,-1
45,9,111.45,281.01,214.28,503.86,1,-1,-1,-1
45,10,1496.80,338.81,1542.82,434.52,1,-1,-1,-1
45,1,1123.90,292.79,1183.56,437.08,1,-1,-1,-1
45,21,1543.01,310.27,1596.32,432.27,1,-1,-1,-1
46,9,90.35,280.56,193.82,504.81,1,-1,-1,-1
46,10,1496.29,337.06,1543.07,434.38,1,-1,-1,-1
46,3,848.91,269.10,935.20,462.36,1,-1,-1,-1
46,21,1542.17,309.63,1595.74,432.40,1,-1,-1,-1
47,9,100.23,276.15,203.16,498.97,1,-1,-1,-1
47,10,1496.20,333.18,1542.98,430.42,1,-1,-1,-1
47,3,850.01,268.31,935.91,460.71,1,-1,-1,-1
47,21,1541.79,306.15,1595.42,429.20,1,-1,-1,-1
48,9,100.22,273.76,204.00,498.42,1,-1,-1,-1
48,10,1497.89,331.30,1544.83,428.88,1,-1,-1,-1
48,21,1541.56,304.88,1594.59,426.71,1,-1,-1,-1
49,9,83.91,272.78,188.25,498.64,1,-1,-1,-1
49,10,1495.80,331.42,1541.73,427.08,1,-1,-1,-1
49,21,1541.68,304.46,1593.94,424.48,1,-1,-1,-1
50,10,1496.30,331.96,1541.04,425.16,1,-1,-1,-1
50,21,1541.38,301.04,1593.27,420.38,1,-1,-1,-1
51,10,1494.64,325.49,1541.91,423.85,1,-1,-1,-1
51,21,1541.13,299.15,1593.08,418.90,1,-1,-1,-1
52,10,1493.75,321.22,1542.49,422.75,1,-1,-1,-1
52,21,1540.44,295.86,1593.53,418.40,1,-1,-1,-1
53,10,1492.49,315.10,1542.91,420.43,1,-1,-1,-1
53,21,1539.72,290.74,1594.12,416.30,1,-1,-1,-1
54,10,1493.15,314.10,1542.52,417.65,1,-1,-1,-1
54,21,1539.89,288.85,1593.86,413.59,1,-1,-1,-1
55,10,1493.69,313.84,1542.01,415.32,1,-1,-1,-1
55,21,1539.94,288.22,1593.70,412.62,1,-1,-1,-1
56,10,1493.88,314.50,1541.11,413.84,1,-1,-1,-1
56,21,1540.37,286.24,1594.28,410.99,1,-1,-1,-1
56,23,1344.63,299.90,1406.69,432.01,1,-1,-1,-1
57,10,1494.33,314.84,1541.01,413.36,1,-1,-1,-1
57,23,1344.52,299.75,1406.18,430.82,1,-1,-1,-1
58,10,1494.66,315.04,1540.78,412.58,1,-1,-1,-1
58,21,1535.04,284.57,1587.60,406.27,1,-1,-1,-1
58,23,1344.37,299.00,1406.17,430.42,1,-1,-1,-1
59,10,1495.70,316.51,1540.40,411.02,1,-1,-1,-1
59,21,1534.86,282.81,1587.42,404.50,1,-1,-1,-1
59,23,1342.24,290.69,1408.21,431.01,1,-1,-1,-1
60,10,1495.94,316.46,1540.37,410.51,1,-1,-1,-1
60,21,1527.99,281.80,1582.09,406.91,1,-1,-1,-1
60,23,1341.44,287.66,1408.30,429.94,1,-1,-1,-1
61,10,1496.02,316.48,1540.34,410.37,1,-1,-1,-1
61,21,1526.48,282.05,1580.35,406.53,1,-1,-1,-1
61,23,1341.88,287.88,1407.56,427.61,1,-1,-1,-1
62,10,1494.78,311.20,1541.57,410.37,1,-1,-1,-1
62,21,1525.78,282.18,1579.24,405.76,1,-1,-1,-1
62,23,1342.67,289.40,1406.62,425.44,1,-1,-1,-1
63,10,1494.45,309.28,1541.88,409.74,1,-1,-1,-1
63,21,1525.29,282.28,1578.46,405.52,1,-1,-1,-1
63,23,1338.32,288.03,1403.52,426.69,1,-1,-1,-1
64,10,1494.43,308.59,1541.87,408.89,1,-1,-1,-1
64,21,1521.47,282.37,1574.59,405.47,1,-1,-1,-1
64,23,1336.70,288.22,1401.75,426.53,1,-1,-1,-1
65,10,1494.76,309.04,1541.50,407.95,1,-1,-1,-1
65,21,1520.32,283.10,1572.92,404.83,1,-1,-1,-1
65,23,1336.88,289.02,1400.97,425.19,1,-1,-1,-1
66,10,1495.15,309.94,1541.08,406.98,1,-1,-1,-1
66,21,1519.67,282.76,1572.60,405.29,1,-1,-1,-1
66,23,1336.67,289.37,1400.33,424.72,1,-1,-1,-1
67,10,1495.15,309.65,1541.06,406.65,1,-1,-1,-1
67,21,1518.96,282.00,1572.36,405.50,1,-1,-1,-1
67,23,1337.15,290.86,1399.56,423.26,1,-1,-1,-1
68,10,1494.75,309.58,1540.76,406.56,1,-1,-1,-1
68,21,1518.85,281.74,1572.20,404.94,1,-1,-1,-1
68,23,1337.66,292.79,1398.31,421.41,1,-1,-1,-1
69,10,1494.87,308.78,1540.86,405.72,1,-1,-1,-1
69,21,1517.96,280.35,1572.41,406.08,1,-1,-1,-1
69,23,1336.58,287.47,1399.15,420.10,1,-1,-1,-1
70,21,1517.78,280.51,1572.39,406.52,1,-1,-1,-1
70,23,1336.44,286.88,1398.57,418.33,1,-1,-1,-1
71,21,1517.24,279.94,1572.27,406.71,1,-1,-1,-1
71,23,1337.01,287.35,1398.41,417.04,1,-1,-1,-1
72,21,1516.41,279.27,1571.60,406.41,1,-1,-1,-1
72,23,1336.70,286.90,1398.25,416.61,1,-1,-1,-1
73,23,1336.63,287.42,1397.49,415.83,1,-1,-1,-1
74,23,1337.42,288.30,1397.09,414.25,1,-1,-1,-1
75,10,1487.29,306.84,1534.58,406.65,1,-1,-1,-1
75,23,1337.98,290.00,1396.02,412.36,1,-1,-1,-1
76,10,1487.61,308.14,1534.02,406.10,1,-1,-1,-1
76,21,1512.39,275.14,1566.89,400.47,1,-1,-1,-1
76,23,1338.82,291.98,1395.02,410.37,1,-1,-1,-1
77,10,1486.54,303.92,1533.69,403.91,1,-1,-1,-1
77,3,685.73,216.06,788.09,446.92,1,-1,-1,-1
77,21,1511.74,274.80,1566.11,399.92,1,-1,-1,-1
77,23,1339.11,292.72,1394.69,409.69,1,-1,-1,-1
78,10,1486.09,301.73,1533.65,403.12,1,-1,-1,-1
78,3,683.92,217.83,783.87,444.34,1,-1,-1,-1
78,21,1511.78,275.35,1565.60,399.07,1,-1,-1,-1
78,23,1339.59,292.98,1394.89,409.49,1,-1,-1,-1
78,27,568.42,224.17,659.79,424.95,1,-1,-1,-1
79,10,1486.12,300.93,1533.46,402.18,1,-1,-1,-1
79,3,683.84,218.71,782.24,441.97,1,-1,-1,-1
79,21,1511.65,275.58,1564.95,398.12,1,-1,-1,-1
79,23,1335.24,291.73,1391.45,410.14,1,-1,-1,-1
79,27,568.14,222.65,659.83,424.10,1,-1,-1,-1
80,10,1486.32,301.32,1533.24,401.85,1,-1,-1,-1
80,3,679.41,218.46,777.92,441.09,1,-1,-1,-1
80,21,1511.75,275.69,1564.62,397.13,1,-1,-1,-1
80,23,1333.77,291.26,1390.07,409.74,1,-1,-1,-1
80,27,567.63,220.43,660.04,423.45,1,-1,-1,-1
81,10,1486.58,300.84,1533.66,401.75,1,-1,-1,-1
81,3,673.82,219.73,772.00,440.12,1,-1,-1,-1
81,21,1511.81,275.75,1564.53,396.78,1,-1,-1,-1
81,23,1337.08,291.75,1393.72,410.96,1,-1,-1,-1
81,27,560.72,216.33,657.83,429.78,1,-1,-1,-1
82,10,1486.70,300.69,1533.83,401.73,1,-1,-1,-1
82,3,672.36,222.24,768.85,437.80,1,-1,-1,-1
82,21,1511.84,275.79,1564.54,396.68,1,-1,-1,-1
82,23,1334.35,290.60,1391.13,410.12,1,-1,-1,-1
82,27,559.35,216.00,656.74,430.20,1,-1,-1,-1
83,10,1486.40,300.00,1533.62,401.25,1,-1,-1,-1
83,3,671.77,223.90,766.81,435.62,1,-1,-1,-1
83,21,1511.87,275.81,1564.57,396.68,1,-1,-1,-1
83,23,1333.33,290.17,1390.18,409.83,1,-1,-1,-1
83,27,559.88,217.34,656.10,428.96,1,-1,-1,-1
84,1,1021.81,249.03,1089.32,409.98,1,-1,-1,-1
84,3,667.91,225.20,762.05,434.85,1,-1,-1,-1
84,21,1511.26,275.84,1564.58,398.02,1,-1,-1,-1
84,23,1332.83,290.68,1389.98,411.07,1,-1,-1,-1
84,27,561.69,224.72,654.36,428.46,1,-1,-1,-1
85,1,1019.97,248.56,1088.43,410.38,1,-1,-1,-1
85,3,667.37,227.70,759.72,433.27,1,-1,-1,-1
85,21,1510.84,275.58,1564.11,397.66,1,-1,-1,-1
85,23,1331.39,288.89,1390.53,413.53,1,-1,-1,-1
85,27,562.29,227.55,653.89,428.93,1,-1,-1,-1
86,1,1019.60,253.66,1086.72,412.55,1,-1,-1,-1
86,3,666.91,231.98,758.14,434.74,1,-1,-1,-1
86,21,1505.76,279.75,1560.46,404.86,1,-1,-1,-1
86,23,1330.25,287.57,1391.37,416.42,1,-1,-1,-1
86,27,561.07,226.55,654.54,432.48,1,-1,-1,-1
87,1,1017.52,258.37,1082.31,412.10,1,-1,-1,-1
87,3,661.71,232.89,754.20,438.00,1,-1,-1,-1
87,21,1504.50,282.00,1558.99,406.44,1,-1,-1,-1
87,23,1330.97,292.26,1391.86,420.78,1,-1,-1,-1
87,27,560.76,230.17,654.68,437.08,1,-1,-1,-1
88,1,1014.70,257.48,1081.57,416.64,1,-1,-1,-1
88,3,660.38,239.17,751.06,440.55,1,-1,-1,-1
88,21,1503.56,282.43,1558.11,407.01,1,-1,-1,-1
88,23,1330.01,292.80,1392.02,423.77,1,-1,-1,-1
88,27,559.67,230.21,655.77,442.12,1,-1,-1,-1
89,1,1012.00,254.53,1082.41,422.23,1,-1,-1,-1
89,3,656.22,242.18,746.54,442.87,1,-1,-1,-1
89,23,1330.91,300.17,1390.19,425.54,1,-1,-1,-1
89,27,560.87,237.45,654.60,444.62,1,-1,-1,-1
90,1,1011.26,257.95,1081.94,426.93,1,-1,-1,-1
90,3,654.12,244.58,743.68,443.72,1,-1,-1,-1
90,23,1331.23,306.36,1390.22,430.84,1,-1,-1,-1
90,27,561.65,241.56,653.88,446.15,1,-1,-1,-1
91,1,1010.22,258.00,1082.71,431.35,1,-1,-1,-1
91,3,649.66,248.74,739.25,447.36,1,-1,-1,-1
91,21,1498.49,298.11,1551.35,418.69,1,-1,-1,-1
91,23,1331.82,309.94,1389.78,432.10,1,-1,-1,-1
91,27,564.09,250.37,652.17,445.99,1,-1,-1,-1
92,9,101.17,260.94,215.17,509.00,1,-1,-1,-1
92,1,1009.30,260.62,1083.00,436.89,1,-1,-1,-1
92,3,647.30,250.90,737.91,451.36,1,-1,-1,-1
92,21,1497.34,299.89,1550.08,420.19,1,-1,-1,-1
92,23,1331.27,309.88,1390.41,434.51,1,-1,-1,-1
92,27,563.99,252.79,651.69,447.57,1,-1,-1,-1
93,9,102.90,260.23,217.82,510.51,1,-1,-1,-1
93,1,1005.55,262.28,1080.15,440.92,1,-1,-1,-1
93,3,649.91,261.56,734.83,449.52,1,-1,-1,-1
93,21,1499.11,307.52,1549.88,422.74,1,-1,-1,-1
93,23,1329.67,307.19,1392.05,438.65,1,-1,-1,-1
93,27,567.89,265.34,649.51,446.65,1,-1,-1,-1
94,9,104.74,261.38,218.83,510.29,1,-1,-1,-1
94,1,1005.39,270.06,1077.23,441.75,1,-1,-1,-1
94,3,650.18,265.53,733.46,450.10,1,-1,-1,-1
94,21,1503.21,308.59,1554.84,425.49,1,-1,-1,-1
94,23,1330.32,312.61,1391.44,441.46,1,-1,-1,-1
94,27,572.99,270.39,651.76,445.88,1,-1,-1,-1
95,9,108.40,261.41,222.61,510.59,1,-1,-1,-1
95,1,1005.35,273.07,1076.95,443.95,1,-1,-1,-1
95,3,651.26,268.20,732.85,449.60,1,-1,-1,-1
95,21,1504.04,312.27,1556.39,430.40,1,-1,-1,-1
95,23,1330.50,314.04,1392.61,445.11,1,-1,-1,-1
95,27,574.00,269.94,653.86,448.34,1,-1,-1,-1
96,1,1007.27,282.74,1074.35,442.71,1,-1,-1,-1
96,3,651.42,269.05,733.08,451.42,1,-1,-1,-1
96,21,1504.20,313.56,1557.14,432.83,1,-1,-1,-1
96,23,1329.95,313.87,1393.02,447.08,1,-1,-1,-1
96,27,574.94,273.16,653.90,449.56,1,-1,-1,-1
97,1,1008.74,287.71,1073.51,442.12,1,-1,-1,-1
97,3,651.25,272.61,732.87,455.40,1,-1,-1,-1
97,21,1504.50,314.62,1557.85,434.99,1,-1,-1,-1
97,23,1330.89,318.98,1392.69,449.71,1,-1,-1,-1
98,1,1009.36,288.74,1073.90,442.51,1,-1,-1,-1
98,3,651.22,273.15,733.60,458.18,1,-1,-1,-1
98,21,1504.46,316.76,1557.81,437.14,1,-1,-1,-1
98,23,1336.01,323.54,1395.09,448.65,1,-1,-1,-1
99,1,1009.65,289.03,1074.73,443.95,1,-1,-1,-1
99,3,650.75,272.60,735.11,462.49,1,-1,-1,-1
99,23,1337.65,323.17,1398.31,451.49,1,-1,-1,-1
100,1,1010.93,285.73,1079.26,448.43,1,-1,-1,-1
100,3,651.36,275.59,734.99,464.72,1,-1,-1,-1
100,23,1337.73,322.34,1399.97,453.80,1,-1,-1,-1
101,1,1009.57,287.72,1076.94,448.10,1,-1,-1,-1
101,3,651.52,275.32,735.80,466.82,1,-1,-1,-1
101,23,1341.49,322.62,1404.03,454.61,1,-1,-1,-1
102,1,1011.58,286.43,1080.17,449.20,1,-1,-1,-1
102,3,650.59,277.34,734.76,468.61,1,-1,-1,-1
102,23,1343.28,322.67,1405.85,454.84,1,-1,-1,-1
103,1,1011.56,285.25,1081.51,450.88,1,-1,-1,-1
103,23,1343.97,321.32,1407.78,456.18,1,-1,-1,-1
104,10,1514.70,342.58,1561.80,443.61,1,-1,-1,-1
104,1,1009.42,286.73,1078.27,449.50,1,-1,-1,-1
104,23,1343.72,319.47,1408.95,457.28,1,-1,-1,-1
105,10,1516.01,344.54,1563.11,445.57,1,-1,-1,-1
105,1,1008.54,287.91,1076.43,448.24,1,-1,-1,-1
105,23,1347.84,320.04,1412.27,456.35,1,-1,-1,-1
106,1,1008.55,288.98,1075.44,447.05,1,-1,-1,-1
106,23,1349.97,320.88,1413.59,455.25,1,-1,-1,-1
107,1,1008.01,288.01,1075.65,447.91,1,-1,-1,-1
107,23,1350.70,321.18,1414.06,454.79,1,-1,-1,-1
108,9,111.65,284.69,223.59,528.81,1,-1,-1,-1
108,1,1007.04,286.96,1075.21,448.21,1,-1,-1,-1
108,23,1351.28,321.27,1414.49,454.57,1,-1,-1,-1
109,9,110.71,283.24,224.14,530.70,1,-1,-1,-1
109,1,1006.25,285.87,1075.49,449.61,1,-1,-1,-1
109,23,1351.59,321.94,1414.47,454.46,1,-1,-1,-1
110,9,109.71,281.49,225.06,533.32,1,-1,-1,-1
110,1,1003.01,290.69,1070.05,449.46,1,-1,-1,-1
110,23,1352.54,328.13,1412.88,455.05,1,-1,-1,-1
111,9,110.20,282.34,225.82,534.74,1,-1,-1,-1
111,1,1001.81,292.53,1067.95,449.37,1,-1,-1,-1
111,3,127.44,280.49,239.01,532.45,1,-1,-1,-1
111,23,1352.82,330.45,1412.24,455.24,1,-1,-1,-1
112,1,1001.42,293.17,1067.19,449.31,1,-1,-1,-1
112,3,89.90,281.44,203.34,537.64,1,-1,-1,-1
112,23,1352.86,331.25,1412.01,455.28,1,-1,-1,-1
113,1,996.57,294.71,1062.37,450.60,1,-1,-1,-1
113,3,89.20,278.39,205.08,539.24,1,-1,-1,-1
113,23,1352.94,333.51,1411.13,455.28,1,-1,-1,-1
114,1,993.33,293.25,1061.41,454.38,1,-1,-1,-1
114,3,85.06,277.71,202.45,540.79,1,-1,-1,-1
114,23,1352.48,333.62,1411.23,456.59,1,-1,-1,-1
115,1,991.98,295.96,1060.61,458.38,1,-1,-1,-1
115,3,82.87,274.88,203.09,543.88,1,-1,-1,-1
115,21,1531.03,322.33,1588.35,451.24,1,-1,-1,-1
115,23,1352.45,333.62,1411.77,457.72,1,-1,-1,-1
116,1,989.68,301.57,1054.98,455.94,1,-1,-1,-1
116,3,82.57,273.13,204.39,545.58,1,-1,-1,-1
116,21,1531.62,322.27,1589.15,451.39,1,-1,-1,-1
116,23,1353.32,338.21,1411.05,458.79,1,-1,-1,-1
117,1,986.53,300.99,1053.22,458.29,1,-1,-1,-1
117,3,85.94,282.10,203.41,544.16,1,-1,-1,-1
117,21,1532.07,322.91,1589.17,451.44,1,-1,-1,-1
117,23,1353.44,340.57,1410.27,459.16,1,-1,-1,-1
118,1,984.54,300.10,1052.84,460.43,1,-1,-1,-1
118,3,87.68,283.66,205.40,546.01,1,-1,-1,-1
118,21,1532.83,325.12,1588.48,450.76,1,-1,-1,-1
118,23,1348.79,339.37,1407.27,461.28,1,-1,-1,-1
119,10,1516.82,361.15,1560.69,454.25,1,-1,-1,-1
119,1,981.75,303.00,1048.30,458.58,1,-1,-1,-1
119,3,90.96,293.37,204.12,545.29,1,-1,-1,-1
119,21,1533.17,327.26,1587.37,449.80,1,-1,-1,-1
119,23,1346.94,338.90,1406.33,462.70,1,-1,-1,-1
120,10,1517.11,362.46,1560.75,455.10,1,-1,-1,-1
120,1,979.61,302.73,1047.12,459.81,1,-1,-1,-1
120,3,93.46,297.73,204.61,544.83,1,-1,-1,-1
120,21,1534.24,328.11,1588.26,450.25,1,-1,-1,-1
120,23,1346.50,339.98,1405.71,463.20,1,-1,-1,-1
121,1,977.55,301.28,1046.75,461.55,1,-1,-1,-1
121,3,417.03,287.30,517.40,511.29,1,-1,-1,-1
121,23,1345.54,339.69,1405.64,464.68,1,-1,-1,-1
122,9,96.26,296.88,210.75,547.08,1,-1,-1,-1
122,1,973.39,302.01,1042.25,460.87,1,-1,-1,-1
122,3,542.57,284.56,637.13,496.22,1,-1,-1,-1
122,23,1345.82,340.21,1405.65,464.55,1,-1,-1,-1
123,9,94.51,294.52,211.33,550.89,1,-1,-1,-1
123,1,972.17,306.89,1038.98,461.23,1,-1,-1,-1
123,3,580.91,283.57,673.34,491.01,1,-1,-1,-1
123,21,1527.58,333.64,1580.84,453.74,1,-1,-1,-1
123,23,1347.08,345.65,1404.53,465.12,1,-1,-1,-1
124,9,94.59,295.13,210.83,550.14,1,-1,-1,-1
124,1,971.49,308.03,1038.17,461.99,1,-1,-1,-1
124,3,592.95,283.21,685.31,491.32,1,-1,-1,-1
124,21,1526.73,334.93,1580.00,454.82,1,-1,-1,-1
124,23,1347.29,348.35,1403.73,465.97,1,-1,-1,-1
125,9,95.26,296.65,210.06,548.47,1,-1,-1,-1
125,1,970.66,308.41,1037.91,463.58,1,-1,-1,-1
125,3,597.70,286.45,686.95,488.17,1,-1,-1,-1
125,21,1526.27,336.03,1579.23,455.18,1,-1,-1,-1
125,23,1347.04,348.62,1403.80,466.92,1,-1,-1,-1
126,9,94.79,296.52,209.90,549.12,1,-1,-1,-1
126,1,969.94,307.85,1038.35,465.47,1,-1,-1,-1
126,3,625.50,286.92,713.29,485.32,1,-1,-1,-1
126,21,1526.10,336.40,1578.96,455.28,1,-1,-1,-1
126,23,1346.67,348.01,1404.10,467.91,1,-1,-1,-1
127,9,91.26,301.74,204.62,550.65,1,-1,-1,-1
127,1,966.62,309.58,1034.46,465.49,1,-1,-1,-1
127,3,595.34,295.89,679.85,486.90,1,-1,-1,-1
127,21,1521.80,339.15,1575.12,459.29,1,-1,-1,-1
127,23,1346.06,348.39,1404.06,469.57,1,-1,-1,-1
128,9,89.63,302.35,203.64,553.20,1,-1,-1,-1
128,1,964.88,310.20,1032.92,466.12,1,-1,-1,-1
128,3,590.68,297.82,674.63,487.68,1,-1,-1,-1
128,21,1520.23,340.14,1573.68,460.76,1,-1,-1,-1
128,23,1345.34,347.83,1404.54,471.49,1,-1,-1,-1
129,9,88.46,301.87,203.24,554.77,1,-1,-1,-1
129,1,964.73,315.68,1030.66,466.98,1,-1,-1,-1
129,3,588.89,299.13,672.64,488.64,1,-1,-1,-1
129,21,1519.67,341.12,1573.14,461.94,1,-1,-1,-1
129,23,1345.70,352.18,1404.10,474.15,1,-1,-1,-1
130,9,87.88,300.98,203.98,557.30,1,-1,-1,-1
130,1,963.84,316.38,1030.80,469.95,1,-1,-1,-1
130,3,582.72,302.24,667.53,494.44,1,-1,-1,-1
130,21,1519.47,342.77,1572.32,462.34,1,-1,-1,-1
130,23,1345.31,353.14,1404.49,477.11,1,-1,-1,-1
131,9,86.27,298.64,205.06,561.50,1,-1,-1,-1
131,1,960.24,318.58,1026.96,471.01,1,-1,-1,-1
131,3,594.90,303.98,678.69,493.84,1,-1,-1,-1
131,21,1518.85,344.02,1571.58,463.33,1,-1,-1,-1
131,23,1346.12,359.38,1403.69,480.14,1,-1,-1,-1
132,9,92.03,304.91,208.30,562.40,1,-1,-1,-1
132,1,958.93,323.34,1024.92,474.02,1,-1,-1,-1
132,21,1519.15,348.19,1572.21,467.98,1,-1,-1,-1
132,23,1346.58,363.71,1402.58,481.24,1,-1,-1,-1
133,9,88.02,303.35,207.27,567.30,1,-1,-1,-1
133,1,958.30,330.39,1023.11,478.44,1,-1,-1,-1
133,21,1518.96,353.30,1571.79,472.50,1,-1,-1,-1
133,23,1346.91,367.93,1402.69,484.93,1,-1,-1,-1
134,9,87.26,304.14,207.01,569.23,1,-1,-1,-1
134,1,956.70,332.27,1023.28,484.04,1,-1,-1,-1
134,3,143.13,309.02,257.28,566.45,1,-1,-1,-1
134,21,1519.13,356.41,1571.43,474.74,1,-1,-1,-1
134,23,1346.38,369.41,1402.73,487.57,1,-1,-1,-1
135,1,955.52,332.25,1024.02,488.03,1,-1,-1,-1
135,3,92.48,320.65,204.84,572.56,1,-1,-1,-1
135,21,1518.71,358.49,1570.88,476.52,1,-1,-1,-1
135,23,1344.63,367.24,1404.31,492.46,1,-1,-1,-1
136,1,955.79,336.74,1023.69,490.77,1,-1,-1,-1
136,3,71.04,321.77,186.30,579.82,1,-1,-1,-1
136,21,1519.83,364.82,1570.65,479.63,1,-1,-1,-1
136,23,1345.00,372.86,1403.23,494.88,1,-1,-1,-1
137,1,954.99,337.71,1024.61,495.03,1,-1,-1,-1
137,3,60.13,327.25,175.27,585.00,1,-1,-1,-1
137,21,1520.44,370.54,1570.84,483.92,1,-1,-1,-1
137,23,1344.10,373.67,1403.87,499.03,1,-1,-1,-1
137,29,540.81,318.70,632.45,521.71,1,-1,-1,-1
138,1,954.20,347.18,1018.96,493.28,1,-1,-1,-1
138,3,357.59,324.80,457.54,548.72,1,-1,-1,-1
138,21,1519.71,371.80,1571.19,487.38,1,-1,-1,-1
138,23,1343.18,372.61,1405.36,503.12,1,-1,-1,-1
138,29,540.10,319.30,633.04,525.19,1,-1,-1,-1
139,1,953.31,350.73,1016.82,493.77,1,-1,-1,-1
139,3,163.30,336.57,269.99,575.21,1,-1,-1,-1
139,21,1519.92,372.85,1571.51,488.58,1,-1,-1,-1
139,23,1342.96,376.68,1405.15,507.20,1,-1,-1,-1
139,29,533.16,321.72,628.58,533.29,1,-1,-1,-1
140,9,69.43,338.15,181.89,586.63,1,-1,-1,-1
140,1,951.24,350.57,1016.54,497.25,1,-1,-1,-1
140,3,392.83,330.22,490.69,549.25,1,-1,-1,-1
140,21,1519.73,373.80,1571.27,489.61,1,-1,-1,-1
140,23,1337.86,375.59,1402.90,511.95,1,-1,-1,-1
140,29,530.85,322.77,627.90,537.93,1,-1,-1,-1
141,9,68.77,341.79,179.76,586.87,1,-1,-1,-1
141,1,946.89,351.76,1012.19,497.80,1,-1,-1,-1
141,3,482.62,325.36,579.06,541.68,1,-1,-1,-1
141,21,1519.56,376.14,1570.99,491.68,1,-1,-1,-1
141,23,1335.18,373.20,1403.46,516.26,1,-1,-1,-1
142,9,67.73,342.30,179.18,588.34,1,-1,-1,-1
142,1,944.99,355.41,1009.56,499.91,1,-1,-1,-1
142,3,513.47,322.90,610.26,540.27,1,-1,-1,-1
142,23,1335.87,379.27,1401.97,517.85,1,-1,-1,-1
143,9,61.91,339.73,175.88,591.47,1,-1,-1,-1
143,1,943.78,354.68,1009.88,502.62,1,-1,-1,-1
143,3,518.72,321.95,618.58,546.35,1,-1,-1,-1
143,21,1519.25,377.58,1572.39,496.82,1,-1,-1,-1
143,23,1336.35,382.29,1401.23,518.30,1,-1,-1,-1
144,9,59.80,338.68,174.70,592.58,1,-1,-1,-1
144,1,942.12,353.03,1009.99,504.88,1,-1,-1,-1
144,3,521.60,325.50,619.37,545.31,1,-1,-1,-1
144,21,1519.09,379.59,1572.31,499.00,1,-1,-1,-1
144,23,1336.05,383.37,1400.82,519.03,1,-1,-1,-1
145,9,58.49,336.87,174.93,594.22,1,-1,-1,-1
145,1,941.41,352.32,1010.22,506.33,1,-1,-1,-1
145,3,521.96,326.18,619.12,544.83,1,-1,-1,-1
145,23,1335.81,383.06,1400.82,519.21,1,-1,-1,-1
146,9,56.46,338.29,173.18,596.26,1,-1,-1,-1
146,10,1509.14,402.98,1554.93,499.93,1,-1,-1,-1
146,1,940.59,351.33,1010.33,507.46,1,-1,-1,-1
146,3,218.43,333.03,327.07,577.14,1,-1,-1,-1
146,23,1335.75,382.22,1401.48,519.85,1,-1,-1,-1
147,10,1508.88,402.89,1554.95,500.59,1,-1,-1,-1
147,1,937.78,352.21,1006.42,505.86,1,-1,-1,-1
147,3,108.35,335.52,221.25,588.86,1,-1,-1,-1
147,23,1334.97,380.54,1401.86,520.67,1,-1,-1,-1
148,10,1508.47,402.80,1554.63,500.12,1,-1,-1,-1
148,1,936.25,352.49,1004.82,505.81,1,-1,-1,-1
148,3,64.19,335.17,180.01,594.69,1,-1,-1,-1
148,23,1334.57,379.86,1402.13,521.56,1,-1,-1,-1
148,29,501.24,323.23,602.67,548.77,1,-1,-1,-1
149,10,1508.29,402.70,1554.56,499.86,1,-1,-1,-1
149,1,934.84,351.23,1004.50,507.06,1,-1,-1,-1
149,3,332.23,323.38,439.66,564.60,1,-1,-1,-1
149,23,1334.33,378.92,1402.36,521.83,1,-1,-1,-1
149,29,497.98,323.62,600.33,551.20,1,-1,-1,-1
150,10,1508.60,403.27,1554.17,499.05,1,-1,-1,-1
150,1,933.86,350.07,1004.27,507.49,1,-1,-1,-1
150,3,147.89,332.59,259.90,583.60,1,-1,-1,-1
150,23,1332.05,370.02,1405.30,523.83,1,-1,-1,-1
150,29,501.10,322.40,599.06,541.10,1,-1,-1,-1
151,10,1509.27,403.44,1554.16,498.02,1,-1,-1,-1
151,1,933.06,348.94,1004.71,508.91,1,-1,-1,-1
151,3,81.98,336.52,195.18,589.72,1,-1,-1,-1
151,23,1336.23,369.87,1408.39,521.37,1,-1,-1,-1
151,29,501.72,322.88,597.51,537.26,1,-1,-1,-1
152,10,1509.29,403.46,1554.41,498.26,1,-1,-1,-1
152,1,932.63,349.14,1004.44,509.41,1,-1,-1,-1
152,3,57.82,338.00,171.19,591.30,1,-1,-1,-1
152,23,1340.48,378.33,1407.11,518.32,1,-1,-1,-1
152,29,501.87,323.04,596.44,535.26,1,-1,-1,-1
153,10,1509.18,404.30,1554.25,498.98,1,-1,-1,-1
153,1,932.79,349.20,1004.77,509.55,1,-1,-1,-1
153,3,49.93,338.52,163.49,591.75,1,-1,-1,-1
153,23,1340.62,372.87,1410.12,519.07,1,-1,-1,-1
153,27,594.29,351.01,662.71,506.00,1,-1,-1,-1
153,29,503.05,325.77,595.08,532.49,1,-1,-1,-1
154,1,934.50,349.86,1005.30,507.59,1,-1,-1,-1
154,3,338.67,330.13,439.00,554.39,1,-1,-1,-1
154,23,1344.74,370.95,1414.93,518.68,1,-1,-1,-1
154,27,595.15,352.05,662.60,505.86,1,-1,-1,-1
154,29,501.45,326.31,593.18,532.38,1,-1,-1,-1
155,9,62.69,329.72,184.55,599.51,1,-1,-1,-1
155,1,936.70,343.47,1010.66,508.12,1,-1,-1,-1
155,3,455.92,328.77,549.18,537.31,1,-1,-1,-1
155,23,1352.15,373.49,1419.45,515.22,1,-1,-1,-1
155,27,595.43,353.15,662.77,506.71,1,-1,-1,-1
156,9,63.84,330.57,184.57,597.41,1,-1,-1,-1
156,1,939.00,343.06,1012.47,506.36,1,-1,-1,-1
156,3,496.05,326.91,588.28,533.48,1,-1,-1,-1
156,23,1360.10,375.16,1425.39,512.50,1,-1,-1,-1
156,27,601.19,354.83,666.18,503.29,1,-1,-1,-1
157,9,72.02,327.53,195.34,600.68,1,-1,-1,-1
157,10,1534.52,402.48,1579.67,497.41,1,-1,-1,-1
157,1,944.63,342.91,1017.69,504.97,1,-1,-1,-1
157,3,508.93,324.22,602.60,534.26,1,-1,-1,-1
157,23,1367.38,375.10,1432.52,512.15,1,-1,-1,-1
157,27,602.58,352.58,669.04,504.60,1,-1,-1,-1
158,9,75.10,326.42,199.25,601.87,1,-1,-1,-1
158,10,1536.89,402.26,1582.02,497.22,1,-1,-1,-1
158,1,946.73,342.87,1019.70,504.43,1,-1,-1,-1
158,3,512.94,323.26,607.11,534.62,1,-1,-1,-1
158,23,1369.98,375.08,1435.06,512.02,1,-1,-1,-1
158,27,603.07,351.81,670.01,505.04,1,-1,-1,-1
159,9,77.41,324.03,200.20,596.39,1,-1,-1,-1
159,10,1539.17,402.56,1584.29,497.47,1,-1,-1,-1
159,1,953.20,344.18,1024.64,502.23,1,-1,-1,-1
159,3,586.18,337.60,666.18,517.51,1,-1,-1,-1
159,23,1380.02,374.40,1445.34,511.98,1,-1,-1,-1
159,27,603.90,352.44,670.79,505.56,1,-1,-1,-1
160,9,82.51,321.82,205.50,594.91,1,-1,-1,-1
160,1,959.89,344.69,1030.86,501.39,1,-1,-1,-1
160,3,611.65,338.92,689.32,513.59,1,-1,-1,-1
160,23,1384.67,372.82,1451.42,513.29,1,-1,-1,-1
160,29,509.02,321.42,604.90,537.69,1,-1,-1,-1
161,9,84.03,321.02,207.42,595.01,1,-1,-1,-1
161,1,963.95,345.55,1033.51,499.09,1,-1,-1,-1
161,3,185.60,332.62,292.17,571.83,1,-1,-1,-1
161,23,1391.89,374.85,1456.53,510.50,1,-1,-1,-1
161,29,510.23,321.76,605.77,537.35,1,-1,-1,-1
162,1,968.75,345.87,1038.40,499.57,1,-1,-1,-1
162,3,123.15,325.63,240.10,587.72,1,-1,-1,-1
162,23,1399.48,376.99,1462.00,508.08,1,-1,-1,-1
162,27,623.98,344.31,697.50,512.32,1,-1,-1,-1
162,29,515.38,323.20,609.93,536.57,1,-1,-1,-1
163,10,1562.49,392.11,1612.35,497.13,1,-1,-1,-1
163,1,975.25,345.33,1045.31,499.76,1,-1,-1,-1
163,3,99.18,324.46,218.92,592.48,1,-1,-1,-1
163,23,1406.96,377.77,1469.10,507.87,1,-1,-1,-1
163,27,625.36,336.07,703.62,515.09,1,-1,-1,-1
163,29,516.26,319.78,613.20,538.25,1,-1,-1,-1
164,10,1564.61,391.12,1614.87,497.09,1,-1,-1,-1
164,1,977.58,345.12,1047.83,499.84,1,-1,-1,-1
164,3,350.79,320.18,458.18,560.49,1,-1,-1,-1
164,23,1409.52,378.05,1471.58,507.81,1,-1,-1,-1
164,27,625.88,333.09,705.82,516.10,1,-1,-1,-1
164,29,516.83,319.45,614.08,538.63,1,-1,-1,-1
165,9,108.77,315.26,236.28,598.67,1,-1,-1,-1
165,10,1568.04,390.34,1618.72,497.20,1,-1,-1,-1
165,1,981.96,343.05,1054.32,502.53,1,-1,-1,-1
165,3,539.60,332.54,628.51,532.14,1,-1,-1,-1
165,23,1419.72,379.47,1480.90,507.13,1,-1,-1,-1
165,27,628.07,331.88,709.05,517.25,1,-1,-1,-1
165,29,528.53,322.12,623.67,536.68,1,-1,-1,-1
166,9,116.86,316.80,242.66,596.29,1,-1,-1,-1
166,1,984.79,344.24,1056.71,502.88,1,-1,-1,-1
166,3,545.28,332.99,633.80,531.70,1,-1,-1,-1
166,23,1426.15,376.64,1490.77,511.59,1,-1,-1,-1
166,29,530.23,322.11,625.44,536.82,1,-1,-1,-1
167,9,123.55,314.68,250.83,598.79,1,-1,-1,-1
167,10,1589.18,396.46,1638.52,501.24,1,-1,-1,-1
167,1,991.09,350.00,1060.72,503.67,1,-1,-1,-1
167,23,1429.07,378.86,1494.91,516.47,1,-1,-1,-1
168,9,131.59,317.20,256.61,597.09,1,-1,-1,-1
168,10,1592.64,396.80,1643.10,504.64,1,-1,-1,-1
168,1,994.03,352.85,1062.75,504.63,1,-1,-1,-1
168,3,626.04,321.85,722.34,538.78,1,-1,-1,-1
168,23,1434.59,379.72,1501.50,519.66,1,-1,-1,-1
169,9,136.39,322.84,256.71,592.45,1,-1,-1,-1
169,10,1597.99,396.26,1649.04,506.44,1,-1,-1,-1
169,1,1000.45,360.55,1065.92,505.65,1,-1,-1,-1
169,3,639.55,320.94,736.45,539.23,1,-1,-1,-1
169,23,1440.18,380.04,1508.00,522.17,1,-1,-1,-1
170,9,138.03,325.00,256.50,590.69,1,-1,-1,-1
170,10,1600.00,396.06,1651.04,507.10,1,-1,-1,-1
170,1,1002.75,363.40,1066.90,506.01,1,-1,-1,-1
170,23,1442.17,380.14,1510.27,523.10,1,-1,-1,-1
171,9,147.47,333.13,265.99,599.40,1,-1,-1,-1
171,10,1604.33,395.95,1655.80,507.93,1,-1,-1,-1
171,1,1007.59,362.36,1074.45,510.84,1,-1,-1,-1
171,23,1451.81,385.41,1518.87,526.03,1,-1,-1,-1
172,9,152.17,334.39,270.37,599.95,1,-1,-1,-1
172,1,1011.15,358.00,1083.14,517.83,1,-1,-1,-1
172,3,576.85,340.10,667.56,543.60,1,-1,-1,-1
172,23,1456.44,388.07,1522.77,527.10,1,-1,-1,-1
173,9,160.13,348.47,273.35,604.03,1,-1,-1,-1
173,1,1013.62,358.26,1085.79,518.52,1,-1,-1,-1
173,3,572.56,341.78,663.12,544.81,1,-1,-1,-1
173,23,1462.95,391.03,1527.00,525.47,1,-1,-1,-1
174,9,163.27,353.11,274.14,604.30,1,-1,-1,-1
174,1,1017.11,356.37,1091.13,520.67,1,-1,-1,-1
174,3,575.51,342.98,665.89,545.60,1,-1,-1,-1
174,23,1468.35,392.28,1532.25,526.42,1,-1,-1,-1
175,9,168.06,356.02,278.02,605.16,1,-1,-1,-1
175,1,1019.60,356.28,1093.73,520.80,1,-1,-1,-1
175,3,576.82,343.25,667.06,545.29,1,-1,-1,-1
175,23,1471.16,390.76,1535.97,527.08,1,-1,-1,-1
176,1,1021.79,357.53,1094.50,518.81,1,-1,-1,-1
176,3,576.81,340.71,669.55,548.03,1,-1,-1,-1
176,23,1478.02,393.25,1540.44,524.63,1,-1,-1,-1
177,1,1022.47,358.00,1094.63,517.99,1,-1,-1,-1
177,3,576.74,339.81,670.43,548.98,1,-1,-1,-1
177,23,1480.33,394.12,1541.87,523.71,1,-1,-1,-1
178,1,1023.69,360.80,1093.48,515.66,1,-1,-1,-1
178,3,578.93,340.31,672.80,549.89,1,-1,-1,-1
178,23,1481.30,393.06,1543.26,523.36,1,-1,-1,-1
179,1,1026.85,361.17,1096.06,514.74,1,-1,-1,-1
179,23,1481.13,391.31,1544.66,524.55,1,-1,-1,-1
180,1,1027.92,361.28,1096.92,514.38,1,-1,-1,-1
180,23,1485.30,392.61,1547.26,522.35,1,-1,-1,-1
181,1,1028.21,361.30,1097.14,514.23,1,-1,-1,-1
181,23,1487.05,393.08,1548.36,521.48,1,-1,-1,-1
182,1,1028.35,361.28,1097.01,513.50,1,-1,-1,-1
182,23,1487.07,391.23,1549.79,522.49,1,-1,-1,-1
183,1,1028.16,360.59,1097.00,513.21,1,-1,-1,-1
183,23,1488.11,392.50,1549.75,521.55,1,-1,-1,-1
184,1,1026.43,363.63,1092.56,510.45,1,-1,-1,-1
184,23,1488.63,392.98,1549.96,521.18,1,-1,-1,-1
185,1,1025.05,363.42,1090.73,509.40,1,-1,-1,-1
185,23,1489.60,394.47,1549.04,518.38,1,-1,-1,-1
186,1,1024.04,362.65,1090.49,510.36,1,-1,-1,-1
186,23,1492.18,395.02,1551.18,518.02,1,-1,-1,-1
187,1,1022.36,361.03,1090.33,512.05,1,-1,-1,-1
187,23,1495.40,398.28,1551.03,513.98,1,-1,-1,-1
188,1,1021.70,360.41,1090.25,512.69,1,-1,-1,-1
188,23,1496.27,399.04,1551.22,513.06,1,-1,-1,-1
189,1,1021.43,360.16,1090.20,512.93,1,-1,-1,-1
189,23,1496.51,399.29,1551.30,512.76,1,-1,-1,-1
190,1,1021.30,360.07,1090.17,513.02,1,-1,-1,-1
190,23,1496.48,399.35,1551.30,512.68,1,-1,-1,-1
191,1,1015.99,358.71,1085.50,513.05,1,-1,-1,-1
191,23,1495.97,393.98,1553.01,512.01,1,-1,-1,-1
192,1,1014.10,358.20,1083.61,512.40,1,-1,-1,-1
192,23,1496.02,392.66,1553.32,511.12,1,-1,-1,-1
193,1,1013.22,358.67,1082.41,512.14,1,-1,-1,-1
193,23,1495.82,391.49,1553.53,510.81,1,-1,-1,-1
194,1,1010.44,361.50,1077.18,509.40,1,-1,-1,-1
194,23,1495.05,389.74,1554.20,512.04,1,-1,-1,-1
195,1,1008.59,361.91,1074.69,508.36,1,-1,-1,-1
195,23,1494.86,389.09,1554.29,511.86,1,-1,-1,-1
196,1,1006.23,355.38,1075.52,508.66,1,-1,-1,-1
196,3,592.66,315.34,694.80,544.22,1,-1,-1,-1
196,23,1495.11,388.86,1554.57,511.82,1,-1,-1,-1
197,1,1002.76,355.60,1070.63,505.51,1,-1,-1,-1
197,3,592.67,314.03,695.19,544.68,1,-1,-1,-1
197,23,1495.93,388.40,1555.44,511.45,1,-1,-1,-1
198,1,1000.80,355.05,1068.78,504.97,1,-1,-1,-1
198,3,592.96,314.24,695.03,544.18,1,-1,-1,-1
199,1,998.58,352.21,1069.00,507.43,1,-1,-1,-1
199,3,593.18,315.03,694.78,544.00,1,-1,-1,-1
200,1,997.50,351.17,1068.75,508.36,1,-1,-1,-1
200,3,599.05,318.69,697.43,540.63,1,-1,-1,-1
201,1,996.66,350.14,1068.54,508.73,1,-1,-1,-1
201,3,601.53,320.12,698.77,539.35,1,-1,-1,-1
202,1,994.33,353.70,1063.36,505.60,1,-1,-1,-1
202,3,602.27,319.99,699.35,538.91,1,-1,-1,-1
203,1,993.30,355.13,1060.95,503.73,1,-1,-1,-1
203,3,603.62,321.94,699.07,536.77,1,-1,-1,-1
204,1,992.68,354.99,1060.41,503.72,1,-1,-1,-1
204,3,608.89,324.02,702.12,533.98,1,-1,-1,-1
205,1,991.99,354.95,1060.11,504.40,1,-1,-1,-1
205,3,611.56,325.46,703.11,531.64,1,-1,-1,-1
206,1,991.37,353.61,1060.45,505.34,1,-1,-1,-1
206,3,612.85,326.65,703.05,529.48,1,-1,-1,-1
207,1,990.72,351.80,1061.09,506.36,1,-1,-1,-1
207,3,613.85,327.74,703.05,528.05,1,-1,-1,-1
208,1,988.77,356.37,1055.24,502.16,1,-1,-1,-1
208,3,614.12,328.12,703.04,527.58,1,-1,-1,-1
208,21,1586.99,354.09,1659.92,521.07,1,-1,-1,-1
209,1,987.29,356.83,1053.14,501.21,1,-1,-1,-1
209,3,613.77,327.57,703.38,528.13,1,-1,-1,-1
209,21,1587.83,353.62,1660.31,520.94,1,-1,-1,-1
210,1,986.54,355.65,1053.34,502.21,1,-1,-1,-1
210,3,613.54,327.34,703.53,528.37,1,-1,-1,-1
210,21,1588.21,353.51,1660.21,520.25,1,-1,-1,-1
211,1,985.94,355.22,1053.17,502.60,1,-1,-1,-1
211,3,612.62,322.59,704.34,527.17,1,-1,-1,-1
211,21,1588.51,354.19,1659.86,519.32,1,-1,-1,-1
212,1,984.83,355.16,1051.95,502.30,1,-1,-1,-1
212,3,611.96,320.14,704.90,527.41,1,-1,-1,-1
212,21,1587.71,353.15,1659.84,520.33,1,-1,-1,-1
213,3,612.04,323.18,704.73,529.51,1,-1,-1,-1
213,21,1583.56,351.46,1656.31,520.05,1,-1,-1,-1
214,3,611.37,319.72,705.31,529.02,1,-1,-1,-1
214,21,1581.92,351.52,1654.31,519.29,1,-1,-1,-1
215,3,610.61,317.78,705.33,528.85,1,-1,-1,-1
215,21,1581.91,350.74,1654.52,519.02,1,-1,-1,-1
216,3,611.03,318.37,704.59,526.83,1,-1,-1,-1
217,3,611.49,319.28,703.31,524.09,1,-1,-1,-1
218,3,605.99,315.65,700.48,526.42,1,-1,-1,-1
218,21,1579.46,338.29,1654.00,510.93,1,-1,-1,-1
219,3,603.74,309.74,700.32,525.32,1,-1,-1,-1
219,21,1579.87,338.21,1653.22,507.94,1,-1,-1,-1
220,3,273.25,300.33,397.06,577.17,1,-1,-1,-1
220,21,1579.26,336.87,1653.05,507.58,1,-1,-1,-1
221,9,758.03,329.07,840.62,513.06,1,-1,-1,-1
221,3,237.95,298.20,364.95,582.15,1,-1,-1,-1
221,21,1579.38,337.08,1652.64,506.16,1,-1,-1,-1
222,9,772.09,327.96,854.09,510.63,1,-1,-1,-1
222,3,123.05,298.93,256.29,597.23,1,-1,-1,-1
222,21,1579.52,337.23,1652.41,505.01,1,-1,-1,-1
222,29,602.75,309.01,697.28,523.02,1,-1,-1,-1
223,3,86.51,306.63,218.10,601.70,1,-1,-1,-1
223,21,1574.84,336.01,1649.10,506.61,1,-1,-1,-1
223,29,603.82,310.34,696.86,521.48,1,-1,-1,-1
224,3,400.18,307.72,509.18,552.42,1,-1,-1,-1
224,21,1573.74,337.56,1646.58,504.61,1,-1,-1,-1
224,29,604.97,310.26,697.82,520.97,1,-1,-1,-1
225,3,387.29,306.70,497.33,553.73,1,-1,-1,-1
225,21,1574.11,340.88,1644.20,501.22,1,-1,-1,-1
225,29,598.34,309.22,692.00,520.90,1,-1,-1,-1
226,21,1568.72,340.15,1640.15,503.36,1,-1,-1,-1
226,29,598.23,312.48,689.00,517.35,1,-1,-1,-1
227,21,1567.61,339.69,1638.88,502.53,1,-1,-1,-1
227,29,592.42,311.56,684.07,517.51,1,-1,-1,-1
228,21,1560.56,339.83,1632.51,504.28,1,-1,-1,-1
228,29,592.43,315.96,680.29,513.53,1,-1,-1,-1
229,21,1558.79,339.44,1630.68,503.73,1,-1,-1,-1
229,29,591.62,316.72,678.60,512.30,1,-1,-1,-1
230,2,582.74,311.08,673.90,516.16,1,-1,-1,-1
230,34,56.71,301.49,194.71,612.95,1,-1,-1,-1
231,2,574.28,299.23,673.03,521.25,1,-1,-1,-1
231,34,52.97,301.96,191.18,613.91,1,-1,-1,-1
232,2,571.20,295.62,672.14,522.44,1,-1,-1,-1
232,34,52.57,310.07,182.80,603.80,1,-1,-1,-1
233,2,570.73,294.97,671.32,520.94,1,-1,-1,-1
233,34,49.28,311.57,178.62,603.28,1,-1,-1,-1
234,2,570.98,294.85,671.47,520.34,1,-1,-1,-1
235,2,571.00,294.90,671.13,519.45,1,-1,-1,-1
236,2,571.75,295.00,671.74,519.11,1,-1,-1,-1
237,2,570.74,292.47,672.73,520.98,1,-1,-1,-1
238,21,1556.92,373.81,1605.90,485.42,1,-1,-1,-1
238,2,577.10,296.81,674.98,516.43,1,-1,-1,-1
239,21,1557.20,376.03,1605.12,484.78,1,-1,-1,-1
239,2,580.06,299.93,675.52,514.66,1,-1,-1,-1
240,21,1557.80,377.39,1604.17,482.40,1,-1,-1,-1
240,2,580.89,299.79,676.03,514.03,1,-1,-1,-1
241,21,1557.76,377.03,1604.24,482.37,1,-1,-1,-1
241,2,581.50,299.75,676.61,514.48,1,-1,-1,-1
242,21,1557.35,376.83,1604.04,482.41,1,-1,-1,-1
242,2,582.68,301.09,676.56,513.34,1,-1,-1,-1
243,21,1558.07,378.06,1603.20,480.42,1,-1,-1,-1
243,2,587.38,302.94,679.63,511.60,1,-1,-1,-1
244,21,1559.13,379.81,1602.19,477.69,1,-1,-1,-1
244,2,589.67,303.65,680.92,510.30,1,-1,-1,-1
245,21,1558.82,374.81,1603.29,476.08,1,-1,-1,-1
245,2,590.52,303.91,681.37,509.85,1,-1,-1,-1
246,21,1558.47,373.07,1603.26,474.87,1,-1,-1,-1
246,23,1494.59,382.98,1539.52,477.02,1,-1,-1,-1
246,2,590.83,304.00,681.50,509.71,1,-1,-1,-1
247,21,1558.03,372.40,1602.92,474.49,1,-1,-1,-1
247,23,1493.22,380.66,1539.83,478.38,1,-1,-1,-1
247,2,591.23,304.03,681.89,509.68,1,-1,-1,-1
248,21,1554.34,372.82,1598.32,473.07,1,-1,-1,-1
248,23,1492.80,380.29,1539.37,477.92,1,-1,-1,-1
248,2,591.78,305.37,680.92,507.71,1,-1,-1,-1
248,42,1597.08,352.02,1650.15,478.40,1,-1,-1,-1
249,21,1551.69,371.62,1595.91,472.59,1,-1,-1,-1
249,2,589.39,297.19,682.46,508.99,1,-1,-1,-1
249,42,1597.26,352.20,1649.82,477.37,1,-1,-1,-1
250,21,1547.00,371.85,1590.79,471.80,1,-1,-1,-1
250,2,583.45,292.24,679.58,511.43,1,-1,-1,-1
250,42,1592.23,353.82,1643.24,475.15,1,-1,-1,-1
251,21,1540.78,373.28,1582.74,468.87,1,-1,-1,-1
251,2,576.78,290.36,673.74,511.74,1,-1,-1,-1
251,42,1591.00,354.39,1641.20,473.81,1,-1,-1,-1
252,21,1533.40,372.45,1576.12,469.88,1,-1,-1,-1
252,23,1470.58,367.65,1523.43,477.90,1,-1,-1,-1
252,2,570.16,290.99,667.02,512.52,1,-1,-1,-1
252,34,-45.05,249.48,125.08,634.78,1,-1,-1,-1
252,42,1583.36,346.43,1637.07,473.78,1,-1,-1,-1
253,21,1526.38,372.82,1568.27,468.27,1,-1,-1,-1
253,23,1464.11,366.61,1517.39,477.22,1,-1,-1,-1
253,2,568.23,293.90,662.59,510.20,1,-1,-1,-1
253,34,-52.20,246.21,120.09,637.32,1,-1,-1,-1
253,42,1577.52,345.79,1630.70,471.52,1,-1,-1,-1
254,21,1517.13,364.90,1563.46,470.40,1,-1,-1,-1
254,23,1461.99,368.26,1513.75,475.00,1,-1,-1,-1
254,2,565.41,302.37,654.50,506.66,1,-1,-1,-1
254,34,-65.35,240.55,111.36,642.76,1,-1,-1,-1
254,42,1571.64,346.29,1624.21,470.07,1,-1,-1,-1
255,21,1513.82,362.08,1561.74,471.16,1,-1,-1,-1
255,23,1461.43,368.31,1513.10,474.17,1,-1,-1,-1
255,2,564.57,306.27,651.38,505.34,1,-1,-1,-1
255,34,-72.01,235.23,109.00,648.68,1,-1,-1,-1
255,42,1569.58,346.52,1622.06,469.61,1,-1,-1,-1
256,21,1509.11,362.93,1556.38,470.20,1,-1,-1,-1
256,23,1460.87,368.37,1512.76,473.87,1,-1,-1,-1
256,2,564.32,307.67,650.34,504.88,1,-1,-1,-1
256,34,-75.56,229.41,109.92,654.14,1,-1,-1,-1
256,42,1568.23,345.96,1620.81,468.81,1,-1,-1,-1
257,21,1509.18,369.25,1552.74,468.54,1,-1,-1,-1
257,23,1461.08,368.44,1513.08,473.79,1,-1,-1,-1
257,2,564.29,308.82,650.04,505.41,1,-1,-1,-1
257,34,-77.17,227.23,110.14,656.85,1,-1,-1,-1
257,42,1568.30,346.45,1620.72,468.57,1,-1,-1,-1
258,21,1508.01,366.31,1552.33,467.26,1,-1,-1,-1
258,23,1458.77,367.54,1510.99,473.32,1,-1,-1,-1
258,2,561.64,299.87,652.05,507.63,1,-1,-1,-1
258,34,-77.54,222.00,110.26,653.32,1,-1,-1,-1
258,42,1567.32,341.29,1621.28,466.51,1,-1,-1,-1
259,21,1511.61,363.96,1556.20,465.50,1,-1,-1,-1
259,2,560.41,295.28,653.09,508.46,1,-1,-1,-1
259,34,-77.90,218.80,110.81,652.51,1,-1,-1,-1
259,42,1572.85,342.05,1624.34,461.15,1,-1,-1,-1
260,21,1509.16,363.27,1553.67,464.60,1,-1,-1,-1
260,2,559.99,294.16,652.91,508.13,1,-1,-1,-1
260,34,-77.96,217.68,111.19,652.78,1,-1,-1,-1
260,42,1575.13,341.74,1626.36,459.84,1,-1,-1,-1
261,3,-77.91,217.17,114.78,653.83,1,-1,-1,-1
261,23,1467.99,362.32,1519.96,467.56,1,-1,-1,-1
261,2,560.54,294.42,652.90,507.35,1,-1,-1,-1
261,34,-82.02,214.37,109.26,654.35,1,-1,-1,-1
261,42,1576.16,341.65,1626.98,458.74,1,-1,-1,-1
262,3,311.85,261.71,445.30,564.98,1,-1,-1,-1
262,23,1467.26,361.17,1519.36,466.68,1,-1,-1,-1
262,2,559.35,293.69,651.95,507.17,1,-1,-1,-1
262,42,1577.29,342.99,1626.54,456.39,1,-1,-1,-1
263,3,328.25,262.39,459.80,561.34,1,-1,-1,-1
263,23,1468.86,361.59,1520.96,466.75,1,-1,-1,-1
263,2,554.40,292.21,648.42,509.33,1,-1,-1,-1
263,42,1577.39,343.53,1626.78,456.95,1,-1,-1,-1
264,23,1468.38,360.61,1520.57,465.96,1,-1,-1,-1
264,2,548.85,291.13,643.80,510.47,1,-1,-1,-1
264,42,1577.87,344.40,1626.47,455.86,1,-1,-1,-1
265,2,546.39,290.76,642.00,511.53,1,-1,-1,-1
265,42,1577.66,344.75,1626.11,455.51,1,-1,-1,-1
266,23,1463.34,367.44,1516.05,473.40,1,-1,-1,-1
266,2,548.04,301.14,638.19,509.31,1,-1,-1,-1
266,42,1577.51,344.21,1627.44,458.12,1,-1,-1,-1
267,3,537.40,299.79,633.08,517.85,1,-1,-1,-1
267,23,1462.46,367.33,1515.28,473.51,1,-1,-1,-1
267,2,546.39,301.51,636.38,509.31,1,-1,-1,-1
267,42,1577.30,347.97,1628.11,463.72,1,-1,-1,-1
268,3,553.22,311.86,642.20,514.93,1,-1,-1,-1
268,42,1578.35,356.66,1626.59,466.54,1,-1,-1,-1
268,16,894.12,323.81,973.09,502.67,1,-1,-1,-1
269,3,559.90,324.41,643.19,514.04,1,-1,-1,-1
269,21,1506.58,376.40,1553.12,482.20,1,-1,-1,-1
269,42,1577.31,357.96,1627.49,472.35,1,-1,-1,-1
269,16,903.10,332.67,978.94,503.55,1,-1,-1,-1
270,3,553.28,323.08,640.18,520.60,1,-1,-1,-1
270,21,1505.53,377.10,1552.18,483.15,1,-1,-1,-1
270,42,1577.45,362.35,1627.97,477.70,1,-1,-1,-1
270,16,900.71,332.85,979.41,509.60,1,-1,-1,-1
271,3,545.16,323.96,635.68,530.37,1,-1,-1,-1
271,42,1577.29,363.94,1627.74,479.14,1,-1,-1,-1
271,16,898.18,337.03,977.79,515.22,1,-1,-1,-1
272,3,542.94,332.89,630.86,533.29,1,-1,-1,-1
272,42,1572.78,371.35,1622.02,484.02,1,-1,-1,-1
272,16,895.94,339.67,975.24,516.55,1,-1,-1,-1
273,3,534.85,333.90,624.31,537.87,1,-1,-1,-1
273,42,1570.84,372.49,1620.24,485.94,1,-1,-1,-1
273,16,894.75,342.48,972.90,516.31,1,-1,-1,-1
274,3,528.17,334.11,617.85,538.82,1,-1,-1,-1
274,42,1569.88,372.21,1619.92,487.26,1,-1,-1,-1
274,16,889.61,343.98,966.42,514.81,1,-1,-1,-1
275,3,525.17,335.35,614.00,538.47,1,-1,-1,-1
275,42,1565.82,373.35,1615.00,486.37,1,-1,-1,-1
275,16,887.25,345.04,963.66,514.96,1,-1,-1,-1
276,3,524.02,336.98,611.44,536.97,1,-1,-1,-1
276,42,1562.95,371.04,1613.85,487.95,1,-1,-1,-1
276,16,885.78,344.61,962.64,515.69,1,-1,-1,-1
277,3,519.49,337.43,606.77,537.07,1,-1,-1,-1
277,42,1561.61,372.34,1612.59,489.43,1,-1,-1,-1
277,16,884.10,342.31,962.26,516.62,1,-1,-1,-1
278,3,517.39,337.47,604.58,537.10,1,-1,-1,-1
278,16,883.35,340.05,962.55,516.96,1,-1,-1,-1
279,3,520.22,340.14,606.33,537.31,1,-1,-1,-1
279,16,883.03,337.15,962.33,514.42,1,-1,-1,-1
280,42,1554.76,363.68,1607.76,485.17,1,-1,-1,-1
280,16,882.50,335.33,962.33,514.12,1,-1,-1,-1
281,3,508.92,333.08,598.78,538.82,1,-1,-1,-1
281,42,1553.16,363.81,1606.39,485.84,1,-1,-1,-1
281,16,883.48,335.95,962.23,512.68,1,-1,-1,-1
281,38,1554.61,363.54,1607.07,481.21,1,-1,-1,-1
282,3,506.43,327.40,597.95,537.70,1,-1,-1,-1
282,16,887.83,336.82,965.26,510.81,1,-1,-1,-1
282,38,1553.64,356.85,1607.94,478.51,1,-1,-1,-1
283,3,504.76,324.06,597.76,538.61,1,-1,-1,-1
283,16,889.75,337.13,966.54,510.13,1,-1,-1,-1
283,38,1548.70,353.30,1604.61,478.33,1,-1,-1,-1
284,3,498.16,318.20,595.13,542.22,1,-1,-1,-1
284,16,890.62,337.89,966.64,509.89,1,-1,-1,-1
284,38,1546.52,352.12,1603.13,478.34,1,-1,-1,-1
285,3,491.40,316.62,589.33,542.93,1,-1,-1,-1
285,16,890.88,338.82,965.86,509.15,1,-1,-1,-1
285,38,1544.91,351.14,1602.13,478.40,1,-1,-1,-1
286,3,490.13,319.28,585.04,538.63,1,-1,-1,-1
286,16,887.42,339.81,960.93,507.56,1,-1,-1,-1
286,38,1540.66,351.56,1597.50,477.81,1,-1,-1,-1
287,3,489.29,320.34,583.14,537.59,1,-1,-1,-1
287,16,886.59,340.82,958.45,505.65,1,-1,-1,-1
287,38,1539.22,352.50,1595.03,476.29,1,-1,-1,-1
288,3,483.91,318.10,579.63,539.85,1,-1,-1,-1
288,16,886.06,339.83,957.64,504.97,1,-1,-1,-1
288,38,1538.10,352.28,1594.17,476.44,1,-1,-1,-1
289,3,481.64,317.92,577.34,540.03,1,-1,-1,-1
289,16,886.10,338.77,957.71,504.74,1,-1,-1,-1
289,38,1533.87,352.25,1589.81,475.86,1,-1,-1,-1
290,3,475.90,316.55,573.56,543.38,1,-1,-1,-1
290,16,885.99,339.03,957.13,504.68,1,-1,-1,-1
290,38,1532.10,352.31,1588.48,476.34,1,-1,-1,-1
291,3,473.28,315.39,572.02,545.29,1,-1,-1,-1
291,16,886.01,339.11,956.79,504.69,1,-1,-1,-1
291,38,1531.07,352.38,1587.83,476.56,1,-1,-1,-1
292,3,474.47,324.11,568.70,543.38,1,-1,-1,-1
292,16,885.45,337.14,957.18,506.04,1,-1,-1,-1
292,38,1530.65,353.77,1587.11,476.66,1,-1,-1,-1
293,3,466.32,314.15,566.89,548.62,1,-1,-1,-1
293,16,884.53,335.08,957.35,507.22,1,-1,-1,-1
293,38,1526.97,355.67,1581.87,474.73,1,-1,-1,-1
294,3,465.12,315.10,563.88,545.98,1,-1,-1,-1
294,16,883.94,332.33,958.28,508.33,1,-1,-1,-1
294,38,1525.05,355.25,1579.85,474.08,1,-1,-1,-1
295,3,462.92,319.47,557.40,540.93,1,-1,-1,-1
295,16,883.45,329.99,959.52,510.07,1,-1,-1,-1
295,38,1519.73,361.27,1574.16,479.40,1,-1,-1,-1
296,3,461.58,321.16,554.30,538.97,1,-1,-1,-1
296,16,885.38,327.81,964.37,514.64,1,-1,-1,-1
296,38,1518.25,363.23,1572.84,481.86,1,-1,-1,-1
297,3,459.34,321.34,551.89,538.75,1,-1,-1,-1
297,16,885.94,325.70,967.67,518.97,1,-1,-1,-1
297,38,1513.50,368.56,1567.37,486.05,1,-1,-1,-1
298,23,1393.71,398.89,1443.58,499.93,1,-1,-1,-1
298,16,885.99,328.13,968.44,523.20,1,-1,-1,-1
298,38,1510.98,369.62,1564.72,486.80,1,-1,-1,-1
299,23,1391.38,397.85,1442.90,503.13,1,-1,-1,-1
299,16,885.93,329.12,969.40,526.77,1,-1,-1,-1
299,38,1510.45,373.28,1566.73,496.54,1,-1,-1,-1
300,23,1388.98,398.75,1440.65,504.31,1,-1,-1,-1
300,16,888.61,326.28,975.46,531.99,1,-1,-1,-1
300,38,1508.13,374.63,1564.60,498.28,1,-1,-1,-1
301,16,890.07,329.70,977.29,536.52,1,-1,-1,-1
302,3,454.23,327.62,546.84,545.45,1,-1,-1,-1
302,16,892.65,334.98,977.21,535.63,1,-1,-1,-1
303,3,452.83,325.33,547.80,548.73,1,-1,-1,-1
303,16,894.62,339.68,976.77,534.51,1,-1,-1,-1
304,3,451.27,322.60,548.51,551.14,1,-1,-1,-1
304,16,898.08,339.45,981.10,536.68,1,-1,-1,-1
305,3,450.48,320.91,549.08,552.68,1,-1,-1,-1
305,16,902.34,346.57,981.62,535.47,1,-1,-1,-1
306,3,449.90,319.61,549.68,553.88,1,-1,-1,-1
306,16,904.18,350.63,980.81,533.57,1,-1,-1,-1
307,3,448.90,317.16,550.78,556.27,1,-1,-1,-1
307,16,905.94,354.09,979.97,530.81,1,-1,-1,-1
308,3,448.72,316.23,551.74,557.80,1,-1,-1,-1
308,16,910.21,353.94,984.03,530.42,1,-1,-1,-1
309,3,448.48,314.59,553.00,559.65,1,-1,-1,-1
309,16,912.64,351.82,985.87,526.92,1,-1,-1,-1
310,3,449.59,320.49,552.35,560.97,1,-1,-1,-1
310,16,917.54,350.30,991.13,526.28,1,-1,-1,-1
310,38,1517.74,389.94,1573.40,512.11,1,-1,-1,-1
311,3,449.66,322.15,552.52,562.74,1,-1,-1,-1
311,16,923.34,348.37,997.61,525.37,1,-1,-1,-1
311,38,1518.56,391.12,1573.83,512.48,1,-1,-1,-1
312,3,455.79,326.72,555.08,558.76,1,-1,-1,-1
312,16,926.31,348.95,999.73,523.72,1,-1,-1,-1
312,38,1518.53,392.57,1573.78,513.87,1,-1,-1,-1
313,3,457.56,327.12,556.69,558.50,1,-1,-1,-1
313,16,927.98,351.81,999.76,522.43,1,-1,-1,-1
313,38,1519.16,391.65,1573.68,511.92,1,-1,-1,-1
314,3,455.25,316.64,560.25,561.70,1,-1,-1,-1
314,16,931.49,349.50,1005.37,524.66,1,-1,-1,-1
314,38,1518.95,391.58,1573.31,511.62,1,-1,-1,-1
315,3,453.83,310.83,562.12,563.52,1,-1,-1,-1
315,16,934.33,351.28,1007.06,523.50,1,-1,-1,-1
315,38,1518.92,390.87,1573.82,512.16,1,-1,-1,-1
316,3,454.45,310.52,562.31,562.25,1,-1,-1,-1
316,16,939.02,349.28,1013.18,524.40,1,-1,-1,-1
316,38,1518.91,391.71,1573.81,513.00,1,-1,-1,-1
317,3,460.29,313.73,565.29,559.08,1,-1,-1,-1
317,16,942.03,349.54,1016.01,524.24,1,-1,-1,-1
318,3,462.39,313.69,567.22,558.50,1,-1,-1,-1
319,3,463.10,314.35,567.30,557.61,1,-1,-1,-1
320,3,459.51,300.74,571.79,563.21,1,-1,-1,-1
320,16,955.04,336.73,1039.54,534.62,1,-1,-1,-1
321,3,458.61,295.74,573.65,564.63,1,-1,-1,-1
321,16,957.59,337.20,1041.88,533.21,1,-1,-1,-1
321,38,1525.73,385.74,1579.37,504.89,1,-1,-1,-1
322,3,458.81,295.13,573.76,563.87,1,-1,-1,-1
322,16,958.76,338.72,1042.31,532.00,1,-1,-1,-1
322,38,1526.31,385.68,1579.86,504.65,1,-1,-1,-1
323,3,462.85,294.33,578.27,564.19,1,-1,-1,-1
323,16,958.98,338.67,1042.43,530.85,1,-1,-1,-1
324,3,464.97,295.40,579.38,562.98,1,-1,-1,-1
324,16,958.74,335.39,1042.56,527.78,1,-1,-1,-1
324,38,1527.34,385.94,1579.85,503.17,1,-1,-1,-1
325,3,465.39,295.89,579.45,562.49,1,-1,-1,-1
325,16,960.64,330.89,1047.63,529.89,1,-1,-1,-1
325,38,1527.90,385.92,1580.26,502.83,1,-1,-1,-1
326,3,465.31,294.16,580.30,562.95,1,-1,-1,-1
326,16,962.43,329.87,1049.62,528.74,1,-1,-1,-1
326,45,1527.00,386.00,1579.00,503.00,1,-1,-1,-1
327,3,465.27,293.56,580.57,563.11,1,-1,-1,-1
327,16,962.95,329.53,1050.31,528.28,1,-1,-1,-1
327,45,1527.00,386.00,1579.00,503.00,1,-1,-1,-1
328,3,464.08,290.76,581.77,565.78,1,-1,-1,-1
328,23,1426.26,393.10,1481.03,508.10,1,-1,-1,-1
328,16,963.20,328.79,1051.64,529.41,1,-1,-1,-1
328,45,1531.72,385.28,1583.67,502.28,1,-1,-1,-1
329,3,463.65,289.08,582.82,567.43,1,-1,-1,-1
329,23,1427.35,392.95,1481.44,508.05,1,-1,-1,-1
329,16,967.19,328.55,1055.93,529.19,1,-1,-1,-1
329,45,1533.22,385.03,1585.40,502.74,1,-1,-1,-1
330,3,463.53,289.15,582.46,566.74,1,-1,-1,-1
330,23,1432.98,395.56,1483.64,504.71,1,-1,-1,-1
330,16,970.25,331.12,1056.51,525.81,1,-1,-1,-1
330,45,1534.24,384.95,1586.10,502.21,1,-1,-1,-1
331,3,469.49,291.87,586.11,563.82,1,-1,-1,-1
331,23,1435.54,395.89,1484.54,502.75,1,-1,-1,-1
331,16,972.13,332.82,1056.44,523.18,1,-1,-1,-1
331,45,1534.42,384.93,1585.74,501.34,1,-1,-1,-1
332,3,471.46,288.99,587.76,560.69,1,-1,-1,-1
332,23,1435.95,396.01,1484.56,502.73,1,-1,-1,-1
332,16,973.47,334.82,1055.58,520.22,1,-1,-1,-1
332,45,1534.48,384.93,1585.51,501.03,1,-1,-1,-1
333,3,471.76,286.63,588.73,560.18,1,-1,-1,-1
333,23,1435.49,391.33,1485.72,502.08,1,-1,-1,-1
333,16,976.88,334.90,1059.53,521.82,1,-1,-1,-1
333,45,1534.51,384.94,1585.34,500.92,1,-1,-1,-1
334,3,477.10,288.41,591.70,556.70,1,-1,-1,-1
334,23,1434.83,388.29,1486.55,502.51,1,-1,-1,-1
334,16,979.44,336.93,1060.20,519.77,1,-1,-1,-1
334,45,1535.04,384.94,1585.36,500.22,1,-1,-1,-1
335,3,479.25,289.15,592.61,554.72,1,-1,-1,-1
335,23,1434.57,386.50,1487.42,503.35,1,-1,-1,-1
335,16,980.59,337.70,1060.74,519.69,1,-1,-1,-1
335,45,1535.39,385.62,1585.16,499.98,1,-1,-1,-1
336,3,480.69,289.46,593.54,554.00,1,-1,-1,-1
336,21,1400.69,398.01,1449.35,506.02,1,-1,-1,-1
336,23,1434.44,385.85,1487.70,503.69,1,-1,-1,-1
336,16,981.55,339.31,1060.24,519.02,1,-1,-1,-1
336,45,1535.66,385.88,1584.89,499.22,1,-1,-1,-1
337,3,481.44,290.27,593.58,553.10,1,-1,-1,-1
337,21,1400.59,398.79,1448.47,504.58,1,-1,-1,-1
337,23,1434.36,385.63,1487.74,503.83,1,-1,-1,-1
337,16,981.85,339.90,1059.95,518.80,1,-1,-1,-1
337,45,1536.65,387.31,1584.53,497.62,1,-1,-1,-1
338,3,482.12,291.26,593.09,551.46,1,-1,-1,-1
338,21,1399.09,399.06,1446.82,504.49,1,-1,-1,-1
338,23,1434.43,385.59,1487.57,503.23,1,-1,-1,-1
338,16,982.23,340.10,1060.10,518.74,1,-1,-1,-1
338,45,1537.27,387.52,1584.84,497.11,1,-1,-1,-1
339,3,482.95,292.31,592.88,550.21,1,-1,-1,-1
339,23,1434.57,385.60,1487.98,503.67,1,-1,-1,-1
339,16,983.87,340.50,1061.34,518.22,1,-1,-1,-1
340,3,487.43,294.05,595.87,548.44,1,-1,-1,-1
340,23,1434.96,386.29,1487.75,502.53,1,-1,-1,-1
340,45,1534.99,379.42,1586.44,497.73,1,-1,-1,-1
341,3,489.79,295.37,596.88,546.48,1,-1,-1,-1
341,23,1435.58,385.77,1488.49,502.28,1,-1,-1,-1
341,16,995.28,344.45,1069.33,514.47,1,-1,-1,-1
341,38,1443.09,388.97,1492.87,499.97,1,-1,-1,-1
341,45,1534.76,378.23,1586.60,497.13,1,-1,-1,-1
342,3,490.76,295.86,597.72,546.46,1,-1,-1,-1
342,21,1396.21,401.90,1440.59,499.28,1,-1,-1,-1
342,16,998.61,346.45,1070.36,511.81,1,-1,-1,-1
342,38,1440.89,388.34,1490.89,499.93,1,-1,-1,-1
342,45,1534.52,377.15,1586.80,496.92,1,-1,-1,-1
343,3,495.78,296.70,601.94,545.16,1,-1,-1,-1
343,21,1395.94,402.11,1439.54,497.43,1,-1,-1,-1
343,16,1001.18,347.31,1072.11,510.79,1,-1,-1,-1
343,38,1439.64,386.81,1490.70,500.58,1,-1,-1,-1
343,45,1534.52,376.77,1586.76,496.20,1,-1,-1,-1
344,3,496.97,295.67,604.08,546.05,1,-1,-1,-1
344,21,1396.08,402.18,1439.67,496.86,1,-1,-1,-1
344,38,1439.70,386.24,1491.03,500.83,1,-1,-1,-1
344,45,1533.99,376.00,1586.60,495.94,1,-1,-1,-1
345,3,497.12,293.95,605.72,547.74,1,-1,-1,-1
345,21,1395.45,401.50,1439.80,497.37,1,-1,-1,-1
345,16,1006.95,349.01,1075.90,507.25,1,-1,-1,-1
345,38,1439.42,384.70,1491.80,501.59,1,-1,-1,-1
345,45,1534.25,375.74,1586.73,495.20,1,-1,-1,-1
346,3,503.52,295.28,608.44,540.48,1,-1,-1,-1
346,21,1395.71,401.92,1439.43,496.24,1,-1,-1,-1
346,16,1010.89,347.17,1081.76,509.50,1,-1,-1,-1
346,38,1444.24,384.79,1495.95,499.90,1,-1,-1,-1
346,45,1534.95,376.33,1586.82,494.27,1,-1,-1,-1
347,3,505.71,297.81,610.24,541.76,1,-1,-1,-1
347,21,1395.12,402.19,1438.39,495.54,1,-1,-1,-1
347,16,1015.02,350.56,1082.88,505.58,1,-1,-1,-1
347,38,1446.24,381.51,1498.35,497.26,1,-1,-1,-1
347,45,1538.64,375.92,1590.71,494.60,1,-1,-1,-1
348,3,506.56,298.06,611.39,542.26,1,-1,-1,-1
348,16,1018.34,347.75,1088.71,508.21,1,-1,-1,-1
348,38,1447.03,380.30,1499.34,496.28,1,-1,-1,-1
348,45,1540.29,376.44,1591.87,494.08,1,-1,-1,-1
349,3,510.98,298.81,615.55,541.82,1,-1,-1,-1
349,16,1020.82,348.06,1090.74,507.18,1,-1,-1,-1
349,38,1447.74,380.53,1499.43,495.27,1,-1,-1,-1
349,45,1541.00,376.66,1592.17,493.89,1,-1,-1,-1
350,3,513.01,297.08,616.59,538.36,1,-1,-1,-1
350,16,1022.72,349.49,1091.61,506.15,1,-1,-1,-1
350,38,1448.23,379.98,1500.03,494.90,1,-1,-1,-1
350,45,1541.30,376.76,1592.21,493.84,1,-1,-1,-1
351,3,513.32,294.42,617.92,538.43,1,-1,-1,-1
351,21,1394.06,391.91,1443.12,497.61,1,-1,-1,-1
351,16,1025.58,350.03,1093.89,505.39,1,-1,-1,-1
351,38,1453.02,381.12,1503.66,493.47,1,-1,-1,-1
351,45,1541.60,376.15,1592.64,493.83,1,-1,-1,-1
352,3,513.08,292.10,619.30,540.47,1,-1,-1,-1
352,21,1393.93,391.67,1442.92,497.14,1,-1,-1,-1
352,38,1454.27,380.24,1505.69,494.28,1,-1,-1,-1
352,45,1541.26,375.27,1593.22,495.16,1,-1,-1,-1
353,3,512.51,293.21,620.83,545.87,1,-1,-1,-1
353,21,1393.51,390.86,1442.76,496.90,1,-1,-1,-1
353,38,1454.61,379.93,1506.58,495.26,1,-1,-1,-1
353,45,1540.88,374.30,1593.64,496.33,1,-1,-1,-1
354,3,515.71,293.65,625.08,547.94,1,-1,-1,-1
354,38,1454.18,380.49,1508.15,500.25,1,-1,-1,-1
354,45,1540.54,373.29,1593.97,496.77,1,-1,-1,-1
355,3,516.49,291.85,628.33,551.36,1,-1,-1,-1
355,38,1454.14,381.36,1508.61,502.14,1,-1,-1,-1
355,45,1540.30,372.26,1594.82,498.25,1,-1,-1,-1
356,3,518.16,291.51,630.40,551.97,1,-1,-1,-1
356,21,1395.13,400.33,1439.81,496.02,1,-1,-1,-1
356,38,1454.65,381.71,1509.58,503.51,1,-1,-1,-1
356,45,1540.08,371.89,1595.25,499.47,1,-1,-1,-1
357,21,1395.31,401.59,1439.52,495.93,1,-1,-1,-1
357,38,1459.23,383.82,1512.77,502.71,1,-1,-1,-1
357,45,1540.27,372.42,1595.75,500.58,1,-1,-1,-1
358,21,1395.19,401.92,1439.13,495.70,1,-1,-1,-1
358,42,1764.96,347.01,1836.72,511.01,1,-1,-1,-1
358,38,1460.91,383.97,1514.73,503.70,1,-1,-1,-1
358,45,1543.97,372.65,1599.49,500.99,1,-1,-1,-1
359,42,1761.92,346.90,1833.67,511.76,1,-1,-1,-1
359,38,1462.05,384.68,1515.57,504.06,1,-1,-1,-1
359,45,1545.67,373.40,1601.27,501.79,1,-1,-1,-1
360,42,1756.13,347.55,1827.61,512.01,1,-1,-1,-1
360,38,1468.70,391.55,1518.85,503.52,1,-1,-1,-1
360,45,1547.86,380.93,1599.68,500.77,1,-1,-1,-1
361,42,1757.89,347.40,1829.55,512.27,1,-1,-1,-1
361,38,1470.39,392.82,1520.91,505.31,1,-1,-1,-1
361,45,1548.25,382.51,1600.09,502.37,1,-1,-1,-1
362,38,1471.69,394.58,1521.55,505.28,1,-1,-1,-1
362,45,1549.16,383.72,1600.77,502.93,1,-1,-1,-1
362,52,1336.83,407.21,1385.39,507.58,1,-1,-1,-1
363,38,1471.47,394.54,1522.40,507.25,1,-1,-1,-1
363,45,1548.53,382.16,1601.94,505.12,1,-1,-1,-1
363,52,1336.22,406.72,1385.50,508.57,1,-1,-1,-1
364,38,1471.05,393.83,1522.98,508.62,1,-1,-1,-1
364,45,1551.38,381.56,1605.80,506.58,1,-1,-1,-1
364,52,1329.76,405.16,1380.87,510.81,1,-1,-1,-1
365,21,1387.73,406.89,1434.61,506.50,1,-1,-1,-1
365,38,1470.74,392.87,1523.93,510.43,1,-1,-1,-1
365,45,1552.45,380.66,1607.91,507.77,1,-1,-1,-1
365,52,1327.65,404.39,1379.76,512.12,1,-1,-1,-1
366,21,1387.13,407.82,1433.92,507.09,1,-1,-1,-1
366,38,1475.08,397.72,1526.96,512.40,1,-1,-1,-1
366,45,1552.34,378.99,1609.16,508.85,1,-1,-1,-1
367,21,1386.79,408.14,1433.82,507.95,1,-1,-1,-1
367,38,1476.73,400.23,1528.09,513.79,1,-1,-1,-1
367,45,1551.79,377.05,1610.73,511.19,1,-1,-1,-1
368,21,1386.82,408.24,1434.31,508.91,1,-1,-1,-1
368,38,1477.94,401.80,1528.48,513.60,1,-1,-1,-1
368,45,1550.92,375.01,1611.93,513.35,1,-1,-1,-1
369,21,1386.71,408.91,1434.01,509.24,1,-1,-1,-1
369,38,1478.34,403.00,1528.58,514.16,1,-1,-1,-1
369,45,1550.40,373.58,1613.16,515.45,1,-1,-1,-1
370,21,1386.17,409.15,1433.77,510.00,1,-1,-1,-1
370,42,1680.11,356.74,1756.30,530.62,1,-1,-1,-1
370,38,1478.83,403.41,1528.86,514.33,1,-1,-1,-1
370,45,1550.14,373.04,1613.64,516.23,1,-1,-1,-1
371,21,1386.98,414.48,1432.69,510.91,1,-1,-1,-1
371,42,1672.47,358.51,1747.94,529.98,1,-1,-1,-1
371,38,1483.21,406.83,1532.65,517.03,1,-1,-1,-1
371,45,1550.09,373.49,1613.70,516.49,1,-1,-1,-1
372,21,1387.28,416.50,1432.34,511.22,1,-1,-1,-1
372,42,1666.74,359.30,1742.43,531.29,1,-1,-1,-1
372,38,1484.75,408.07,1534.10,518.67,1,-1,-1,-1
372,45,1551.19,379.56,1612.55,517.19,1,-1,-1,-1
373,21,1383.25,415.87,1429.70,513.32,1,-1,-1,-1
373,42,1658.39,360.80,1732.58,529.79,1,-1,-1,-1
373,38,1485.24,408.48,1534.62,519.25,1,-1,-1,-1
373,45,1551.60,381.26,1612.73,518.08,1,-1,-1,-1
374,21,1380.84,414.30,1429.02,515.38,1,-1,-1,-1
374,42,1649.89,357.81,1726.38,532.30,1,-1,-1,-1
374,38,1484.76,407.93,1534.73,520.08,1,-1,-1,-1
374,45,1550.94,381.22,1612.90,519.69,1,-1,-1,-1
375,21,1379.95,414.94,1428.31,516.39,1,-1,-1,-1
375,42,1636.62,354.15,1716.23,535.79,1,-1,-1,-1
375,38,1484.23,406.36,1535.69,521.68,1,-1,-1,-1
375,45,1550.44,381.20,1613.18,520.92,1,-1,-1,-1
376,21,1379.75,413.59,1428.71,516.32,1,-1,-1,-1
376,42,1628.40,355.35,1706.83,534.48,1,-1,-1,-1
376,38,1483.85,405.73,1536.16,522.91,1,-1,-1,-1
376,45,1549.80,379.86,1613.70,522.01,1,-1,-1,-1
377,21,1379.62,413.34,1428.73,516.40,1,-1,-1,-1
377,42,1620.46,354.50,1699.32,534.56,1,-1,-1,-1
377,38,1483.16,404.81,1536.16,523.34,1,-1,-1,-1
377,45,1549.66,380.00,1613.78,522.38,1,-1,-1,-1
378,21,1378.95,412.58,1428.73,517.07,1,-1,-1,-1
378,42,1614.06,356.15,1691.18,532.57,1,-1,-1,-1
378,38,1482.75,403.78,1536.89,524.77,1,-1,-1,-1
378,45,1549.85,380.04,1614.19,522.48,1,-1,-1,-1
379,21,1378.20,412.83,1428.25,517.87,1,-1,-1,-1
379,42,1608.85,361.42,1681.53,527.79,1,-1,-1,-1
379,38,1478.31,403.38,1532.94,524.64,1,-1,-1,-1
379,45,1550.11,380.71,1614.12,521.82,1,-1,-1,-1
380,42,1597.29,366.79,1668.62,530.00,1,-1,-1,-1
380,38,1476.80,404.52,1530.50,523.23,1,-1,-1,-1
380,45,1550.01,380.96,1614.27,522.20,1,-1,-1,-1
381,42,1589.60,370.71,1658.55,528.77,1,-1,-1,-1
381,38,1471.68,404.95,1525.48,523.31,1,-1,-1,-1
381,45,1547.79,377.76,1615.18,525.61,1,-1,-1,-1
382,42,1577.79,372.78,1645.57,528.31,1,-1,-1,-1
382,38,1471.07,405.28,1525.00,523.94,1,-1,-1,-1
382,45,1539.47,370.08,1613.28,532.04,1,-1,-1,-1
383,42,1569.72,374.43,1636.81,528.39,1,-1,-1,-1
383,45,1525.13,361.46,1606.65,540.18,1,-1,-1,-1
384,21,1353.80,414.93,1400.89,513.66,1,-1,-1,-1
384,45,1513.17,349.32,1601.54,543.38,1,-1,-1,-1
385,21,1346.61,416.49,1392.64,512.52,1,-1,-1,-1
385,45,1497.73,340.07,1592.68,548.98,1,-1,-1,-1
386,21,1340.51,416.31,1386.46,512.16,1,-1,-1,-1
386,16,1014.03,368.00,1081.20,520.95,1,-1,-1,-1
386,45,1492.45,339.49,1586.95,548.08,1,-1,-1,-1
387,21,1333.59,416.89,1379.11,511.37,1,-1,-1,-1
387,16,1008.49,366.31,1077.31,523.71,1,-1,-1,-1
387,45,1483.19,341.96,1574.72,544.39,1,-1,-1,-1
388,21,1325.73,417.77,1370.55,510.40,1,-1,-1,-1
388,16,1001.83,365.57,1071.07,524.17,1,-1,-1,-1
388,45,1470.13,342.41,1560.71,543.48,1,-1,-1,-1
389,21,1314.70,416.73,1360.35,511.40,1,-1,-1,-1
389,16,995.47,367.23,1062.62,521.04,1,-1,-1,-1
389,45,1457.96,347.20,1543.97,538.54,1,-1,-1,-1
390,21,1305.80,417.00,1350.50,509.78,1,-1,-1,-1
390,42,1495.87,383.11,1554.57,519.36,1,-1,-1,-1
390,16,984.56,367.86,1051.29,520.45,1,-1,-1,-1
390,45,1443.54,347.86,1529.05,538.52,1,-1,-1,-1
391,21,1297.06,417.76,1341.23,509.17,1,-1,-1,-1
391,42,1483.91,385.58,1539.79,515.33,1,-1,-1,-1
391,16,975.53,368.08,1042.29,520.23,1,-1,-1,-1
391,38,1385.71,386.74,1455.26,540.62,1,-1,-1,-1
391,45,1431.74,353.39,1511.89,532.57,1,-1,-1,-1
392,3,651.10,306.93,762.56,565.02,1,-1,-1,-1
392,21,1287.71,412.00,1334.32,508.95,1,-1,-1,-1
392,42,1477.31,391.16,1528.43,509.26,1,-1,-1,-1
392,16,971.68,368.45,1038.34,520.40,1,-1,-1,-1
392,38,1379.43,385.54,1450.15,542.03,1,-1,-1,-1
392,45,1424.47,352.76,1504.99,532.75,1,-1,-1,-1
392,52,1226.01,422.79,1267.66,509.20,1,-1,-1,-1
393,3,655.15,307.49,766.51,565.34,1,-1,-1,-1
393,21,1276.78,411.21,1323.26,508.23,1,-1,-1,-1
393,42,1467.94,393.22,1517.43,507.54,1,-1,-1,-1
393,52,1222.17,423.54,1263.37,509.03,1,-1,-1,-1
394,21,1267.85,411.58,1313.66,507.30,1,-1,-1,-1
394,42,1455.02,383.54,1509.16,508.43,1,-1,-1,-1
394,52,1206.95,422.24,1248.57,508.99,1,-1,-1,-1
395,3,638.08,295.82,754.36,564.25,1,-1,-1,-1
395,21,1259.20,410.41,1305.26,506.96,1,-1,-1,-1
395,42,1448.21,389.37,1499.72,507.69,1,-1,-1,-1
395,52,1199.02,422.91,1239.99,508.23,1,-1,-1,-1
396,3,639.00,294.78,755.78,564.35,1,-1,-1,-1
396,21,1248.59,410.65,1294.14,506.19,1,-1,-1,-1
396,42,1440.88,387.41,1491.91,504.07,1,-1,-1,-1
396,38,1296.46,362.38,1383.09,555.04,1,-1,-1,-1
396,45,1325.03,326.26,1422.78,545.83,1,-1,-1,-1
396,52,1188.07,423.12,1228.16,506.57,1,-1,-1,-1
397,21,1240.11,410.76,1285.71,506.58,1,-1,-1,-1
397,42,1431.73,388.14,1481.75,502.49,1,-1,-1,-1
397,38,1380.40,375.90,1446.32,522.55,1,-1,-1,-1
397,45,1308.90,328.27,1404.15,543.21,1,-1,-1,-1
397,52,1178.91,423.87,1218.73,506.70,1,-1,-1,-1
398,21,1232.73,410.81,1278.05,506.08,1,-1,-1,-1
398,23,1264.64,374.98,1344.67,552.95,1,-1,-1,-1
398,16,639.88,304.71,750.37,556.05,1,-1,-1,-1
398,38,1413.74,384.10,1468.66,506.39,1,-1,-1,-1
398,45,1294.34,330.50,1387.28,540.81,1,-1,-1,-1
398,52,1171.16,424.11,1210.91,506.78,1,-1,-1,-1
399,21,1224.85,408.86,1271.59,507.23,1,-1,-1,-1
399,23,1260.59,374.89,1341.20,554.17,1,-1,-1,-1
399,16,616.10,298.10,731.47,560.20,1,-1,-1,-1
399,38,1413.67,383.67,1467.86,504.34,1,-1,-1,-1
399,45,1280.27,328.48,1374.40,541.50,1,-1,-1,-1
399,52,1164.18,424.86,1203.39,506.14,1,-1,-1,-1
400,21,1217.13,408.39,1264.00,507.03,1,-1,-1,-1
400,23,1248.55,381.78,1322.75,546.75,1,-1,-1,-1
400,16,586.87,292.89,705.90,563.31,1,-1,-1,-1
400,38,1413.60,385.51,1466.52,502.87,1,-1,-1,-1
400,45,1256.45,317.66,1356.89,545.88,1,-1,-1,-1
400,52,1157.71,425.80,1195.75,504.55,1,-1,-1,-1
401,23,1243.69,382.39,1317.76,547.09,1,-1,-1,-1
401,38,1412.82,389.33,1465.53,506.59,1,-1,-1,-1
401,45,1241.45,314.82,1343.60,546.91,1,-1,-1,-1
401,52,1150.42,426.36,1187.92,503.97,1,-1,-1,-1
402,38,1408.08,391.29,1460.16,507.18,1,-1,-1,-1
402,45,1226.95,317.33,1326.18,543.41,1,-1,-1,-1
403,38,1400.89,385.87,1454.88,506.09,1,-1,-1,-1
403,45,1217.97,319.02,1314.93,540.65,1,-1,-1,-1
403,52,1142.20,425.32,1179.76,502.98,1,-1,-1,-1
404,38,1397.57,383.24,1453.11,507.04,1,-1,-1,-1
404,45,1203.56,317.03,1301.53,540.96,1,-1,-1,-1
404,52,1135.71,425.61,1172.85,502.42,1,-1,-1,-1
405,38,1343.05,394.77,1394.45,510.07,1,-1,-1,-1
405,45,1350.63,371.48,1414.97,518.63,1,-1,-1,-1
405,52,1130.09,426.79,1166.55,501.97,1,-1,-1,-1
406,38,1320.56,397.96,1372.30,514.04,1,-1,-1,-1
406,45,1382.57,383.71,1439.61,513.78,1,-1,-1,-1
406,52,1123.71,427.18,1159.71,501.43,1,-1,-1,-1
407,38,1310.58,399.17,1361.89,514.32,1,-1,-1,-1
407,45,1384.14,381.46,1440.84,510.37,1,-1,-1,-1
408,16,578.95,287.18,702.53,569.47,1,-1,-1,-1
408,45,1384.18,380.71,1440.82,509.37,1,-1,-1,-1
409,16,586.40,286.89,709.92,570.42,1,-1,-1,-1
409,45,1383.93,384.51,1440.05,511.94,1,-1,-1,-1
410,16,584.62,289.29,705.96,568.82,1,-1,-1,-1
410,38,1301.37,394.92,1357.12,519.49,1,-1,-1,-1
410,45,1379.35,385.72,1435.66,513.65,1,-1,-1,-1
411,16,584.78,291.62,703.94,567.48,1,-1,-1,-1
411,38,1295.30,391.78,1353.67,522.07,1,-1,-1,-1
411,45,1376.83,385.35,1434.14,515.67,1,-1,-1,-1
412,16,793.39,344.36,873.83,531.74,1,-1,-1,-1
412,38,1292.89,391.29,1352.11,523.64,1,-1,-1,-1
412,45,1371.28,385.13,1428.71,515.75,1,-1,-1,-1
413,16,638.15,301.00,750.58,563.75,1,-1,-1,-1
413,38,1291.97,391.75,1350.77,523.57,1,-1,-1,-1
413,45,1369.61,386.98,1425.58,514.46,1,-1,-1,-1
414,3,1059.02,298.80,1171.86,560.05,1,-1,-1,-1
414,16,601.07,286.39,724.51,575.86,1,-1,-1,-1
414,38,1287.79,391.27,1346.78,523.50,1,-1,-1,-1
414,45,1369.74,388.93,1423.69,511.96,1,-1,-1,-1
415,3,722.44,289.64,842.93,570.72,1,-1,-1,-1
415,16,780.54,333.32,866.81,536.61,1,-1,-1,-1
415,38,1282.24,391.09,1341.16,522.79,1,-1,-1,-1
415,45,1365.31,389.56,1418.65,511.07,1,-1,-1,-1
416,3,625.05,285.68,748.80,575.78,1,-1,-1,-1
416,16,867.47,355.65,935.99,517.33,1,-1,-1,-1
416,38,1280.62,392.99,1337.68,520.52,1,-1,-1,-1
416,45,1358.84,389.04,1412.28,510.78,1,-1,-1,-1
417,3,585.21,288.75,705.70,572.48,1,-1,-1,-1
417,16,887.54,361.37,951.25,511.74,1,-1,-1,-1
417,38,1275.53,390.39,1332.08,516.29,1,-1,-1,-1
417,45,1356.48,389.47,1409.39,510.03,1,-1,-1,-1
418,3,570.75,288.69,690.38,571.77,1,-1,-1,-1
418,16,892.70,362.94,954.97,510.20,1,-1,-1,-1
418,38,1273.79,389.42,1330.26,514.72,1,-1,-1,-1
418,45,1355.63,390.24,1407.78,509.10,1,-1,-1,-1
418,65,1025.08,320.88,1116.49,537.34,1,-1,-1,-1
419,3,565.80,288.03,685.43,572.14,1,-1,-1,-1
419,16,893.68,362.59,955.81,509.84,1,-1,-1,-1
419,38,1268.97,388.40,1326.21,514.80,1,-1,-1,-1
419,45,1350.99,389.80,1403.58,509.47,1,-1,-1,-1
419,65,1011.66,320.92,1103.03,537.05,1,-1,-1,-1
420,3,561.66,289.12,679.71,570.27,1,-1,-1,-1
420,16,892.85,361.63,955.56,510.54,1,-1,-1,-1
420,38,1267.34,388.69,1324.21,514.18,1,-1,-1,-1
420,45,1342.94,382.25,1399.17,510.29,1,-1,-1,-1
420,65,1002.34,316.31,1093.87,532.61,1,-1,-1,-1
421,3,561.10,290.23,677.80,568.87,1,-1,-1,-1
421,16,887.89,361.18,951.08,511.58,1,-1,-1,-1
421,38,1266.65,388.81,1323.30,513.96,1,-1,-1,-1
421,45,1339.85,380.78,1396.47,509.95,1,-1,-1,-1
421,65,990.06,314.71,1081.47,530.57,1,-1,-1,-1
422,3,558.72,293.99,671.54,564.34,1,-1,-1,-1
422,16,884.78,358.89,949.42,512.72,1,-1,-1,-1
422,38,1266.53,389.53,1322.51,513.88,1,-1,-1,-1
422,45,1339.34,384.80,1394.31,510.50,1,-1,-1,-1
422,65,976.64,315.56,1066.84,528.62,1,-1,-1,-1
423,3,558.66,294.74,670.05,562.63,1,-1,-1,-1
423,21,1116.29,401.97,1162.75,500.02,1,-1,-1,-1
423,16,879.68,358.00,944.99,513.19,1,-1,-1,-1
423,38,1261.96,389.14,1317.79,513.87,1,-1,-1,-1
423,45,1334.81,383.02,1389.42,508.06,1,-1,-1,-1
423,65,967.52,316.57,1056.62,527.37,1,-1,-1,-1
424,3,558.56,294.34,670.06,563.36,1,-1,-1,-1
424,21,1111.95,401.70,1158.40,499.71,1,-1,-1,-1
424,16,877.09,358.29,942.26,512.74,1,-1,-1,-1
424,38,1256.76,389.00,1311.86,512.55,1,-1,-1,-1
424,45,1329.09,383.02,1383.20,507.17,1,-1,-1,-1
424,65,956.57,320.39,1042.33,523.60,1,-1,-1,-1
425,3,557.14,299.50,663.81,557.00,1,-1,-1,-1
425,16,875.03,357.02,941.34,513.96,1,-1,-1,-1
425,38,1254.47,389.62,1308.95,512.06,1,-1,-1,-1
425,45,1326.25,383.02,1379.79,506.20,1,-1,-1,-1
425,65,946.45,321.18,1030.75,520.95,1,-1,-1,-1
426,3,555.87,298.74,662.92,557.31,1,-1,-1,-1
426,21,1103.35,402.74,1148.78,498.15,1,-1,-1,-1
426,16,867.39,349.90,939.75,521.06,1,-1,-1,-1
426,38,1248.81,389.19,1303.68,512.56,1,-1,-1,-1
426,45,1321.01,382.35,1374.95,506.52,1,-1,-1,-1
427,3,552.54,297.11,658.11,552.79,1,-1,-1,-1
427,21,1099.03,402.64,1144.32,497.74,1,-1,-1,-1
427,16,863.02,341.50,939.39,521.76,1,-1,-1,-1
427,38,1242.15,387.05,1298.61,514.08,1,-1,-1,-1
427,45,1319.35,382.77,1372.41,505.34,1,-1,-1,-1
428,3,551.52,296.48,656.31,550.47,1,-1,-1,-1
428,16,860.20,336.90,938.94,522.67,1,-1,-1,-1
428,38,1240.34,388.21,1295.60,512.69,1,-1,-1,-1
428,45,1314.89,383.59,1366.92,504.25,1,-1,-1,-1
429,3,548.56,300.91,649.62,546.32,1,-1,-1,-1
429,16,852.97,329.98,937.06,527.52,1,-1,-1,-1
429,38,1240.36,390.01,1294.17,511.49,1,-1,-1,-1
429,45,1313.35,384.56,1364.34,503.20,1,-1,-1,-1
429,65,879.51,276.19,991.76,542.85,1,-1,-1,-1
430,3,547.84,301.20,648.26,545.52,1,-1,-1,-1
430,21,1081.33,397.53,1131.16,502.36,1,-1,-1,-1
430,16,843.10,321.00,935.13,536.37,1,-1,-1,-1
430,38,1240.29,390.69,1293.40,511.06,1,-1,-1,-1
430,45,1309.32,385.59,1359.09,501.50,1,-1,-1,-1
430,65,871.64,278.62,980.44,537.79,1,-1,-1,-1
431,3,547.43,299.95,648.45,545.95,1,-1,-1,-1
431,21,1079.09,397.64,1129.30,502.86,1,-1,-1,-1
431,16,826.58,299.97,936.98,556.74,1,-1,-1,-1
431,38,1240.41,391.60,1292.56,510.24,1,-1,-1,-1
431,45,1308.04,386.63,1356.52,499.55,1,-1,-1,-1
431,65,859.02,274.70,969.65,538.20,1,-1,-1,-1
432,3,554.01,293.47,660.27,551.50,1,-1,-1,-1
432,21,1074.55,397.10,1125.13,503.10,1,-1,-1,-1
432,16,812.98,285.08,936.39,571.36,1,-1,-1,-1
432,38,1236.66,391.94,1288.30,509.28,1,-1,-1,-1
432,45,1307.16,387.68,1354.93,498.87,1,-1,-1,-1
433,3,557.59,293.68,663.75,550.97,1,-1,-1,-1
433,16,809.93,280.22,937.09,575.19,1,-1,-1,-1
433,38,1234.96,391.39,1286.60,508.94,1,-1,-1,-1
433,45,1306.94,387.37,1354.49,497.99,1,-1,-1,-1
434,3,558.42,291.14,666.80,553.43,1,-1,-1,-1
434,38,1235.06,392.51,1285.46,507.50,1,-1,-1,-1
434,45,1302.93,387.25,1350.43,497.69,1,-1,-1,-1
435,3,560.82,285.61,673.94,558.96,1,-1,-1,-1
435,21,1070.46,395.94,1121.92,503.98,1,-1,-1,-1
435,38,1236.01,394.26,1285.07,506.31,1,-1,-1,-1
435,45,1302.03,387.18,1349.22,496.95,1,-1,-1,-1
436,3,562.87,286.12,675.65,558.47,1,-1,-1,-1
436,21,1066.77,395.44,1118.59,504.23,1,-1,-1,-1
436,38,1235.72,393.55,1285.12,506.57,1,-1,-1,-1
436,45,1301.06,386.48,1348.96,498.05,1,-1,-1,-1
437,3,564.83,288.35,676.04,556.94,1,-1,-1,-1
437,38,1235.32,393.28,1284.90,506.68,1,-1,-1,-1
437,45,1300.79,386.21,1348.94,498.48,1,-1,-1,-1
438,3,568.36,284.61,682.79,560.97,1,-1,-1,-1
438,21,1064.84,394.91,1117.19,504.96,1,-1,-1,-1
438,38,1235.62,393.17,1285.19,506.74,1,-1,-1,-1
438,45,1300.28,385.44,1348.86,498.66,1,-1,-1,-1
438,52,980.81,420.02,1016.06,492.99,1,-1,-1,-1
439,3,570.20,283.89,685.50,562.47,1,-1,-1,-1
439,21,1064.26,394.83,1116.50,505.08,1,-1,-1,-1
439,38,1235.98,392.46,1285.86,506.78,1,-1,-1,-1
439,45,1300.04,385.15,1349.03,499.41,1,-1,-1,-1
439,52,979.06,418.70,1015.02,493.50,1,-1,-1,-1
440,3,580.49,288.22,695.34,564.99,1,-1,-1,-1
440,21,1063.99,394.80,1116.35,505.77,1,-1,-1,-1
440,38,1235.80,392.84,1285.89,507.47,1,-1,-1,-1
440,45,1299.95,384.38,1349.90,501.02,1,-1,-1,-1
440,52,978.47,418.77,1014.53,494.39,1,-1,-1,-1
441,3,584.76,289.92,699.48,565.93,1,-1,-1,-1
441,21,1063.66,394.15,1116.70,507.34,1,-1,-1,-1
441,38,1235.51,392.33,1286.22,508.41,1,-1,-1,-1
441,45,1299.24,383.44,1350.34,502.95,1,-1,-1,-1
441,52,979.11,420.11,1013.84,493.46,1,-1,-1,-1
442,3,586.20,290.58,701.17,566.91,1,-1,-1,-1
442,21,1063.06,393.26,1116.81,508.57,1,-1,-1,-1
442,38,1235.44,392.79,1286.39,509.42,1,-1,-1,-1
442,45,1299.08,382.43,1351.15,504.34,1,-1,-1,-1
442,52,980.12,421.97,1013.21,492.44,1,-1,-1,-1
443,3,589.89,288.20,707.16,569.89,1,-1,-1,-1
443,21,1063.11,392.93,1116.73,508.38,1,-1,-1,-1
443,38,1239.91,393.62,1290.60,509.81,1,-1,-1,-1
443,45,1298.97,382.05,1351.61,505.51,1,-1,-1,-1
443,52,980.29,422.68,1012.82,492.06,1,-1,-1,-1
444,3,591.29,288.61,708.68,570.33,1,-1,-1,-1
444,21,1063.27,392.82,1116.73,508.29,1,-1,-1,-1
444,38,1241.91,394.59,1291.97,509.30,1,-1,-1,-1
444,45,1303.36,382.57,1355.26,504.65,1,-1,-1,-1
444,52,980.46,422.93,1012.76,491.93,1,-1,-1,-1
445,3,591.65,288.78,709.33,571.11,1,-1,-1,-1
445,21,1063.29,393.46,1116.24,508.23,1,-1,-1,-1
445,38,1242.95,394.95,1292.89,509.10,1,-1,-1,-1
445,45,1305.26,383.44,1356.55,504.31,1,-1,-1,-1
445,52,980.88,423.69,1012.58,491.23,1,-1,-1,-1
446,3,593.09,292.15,708.17,568.09,1,-1,-1,-1
446,21,1063.55,393.71,1115.94,507.54,1,-1,-1,-1
446,38,1243.41,395.07,1293.18,509.03,1,-1,-1,-1
446,45,1306.31,383.78,1357.40,504.16,1,-1,-1,-1
446,52,980.98,424.64,1012.12,490.98,1,-1,-1,-1
447,3,594.22,292.32,709.46,568.64,1,-1,-1,-1
447,21,1064.25,394.48,1115.99,507.26,1,-1,-1,-1
447,38,1243.88,395.11,1293.65,509.00,1,-1,-1,-1
447,45,1306.89,382.59,1358.87,505.43,1,-1,-1,-1
447,52,980.96,424.98,1012.17,491.57,1,-1,-1,-1
448,3,595.61,284.30,717.44,576.07,1,-1,-1,-1
448,21,1064.23,394.78,1115.74,507.15,1,-1,-1,-1
448,16,883.41,349.31,952.48,509.08,1,-1,-1,-1
448,38,1243.81,393.79,1294.08,508.99,1,-1,-1,-1
448,45,1311.04,382.80,1362.70,505.24,1,-1,-1,-1
448,52,980.91,425.76,1012.35,492.46,1,-1,-1,-1
449,3,596.78,283.62,719.43,577.34,1,-1,-1,-1
449,21,1064.15,394.90,1115.81,507.76,1,-1,-1,-1
449,16,887.56,354.73,952.46,504.21,1,-1,-1,-1
449,38,1243.17,392.63,1294.19,509.65,1,-1,-1,-1
449,45,1312.85,382.88,1364.62,505.81,1,-1,-1,-1
449,52,979.55,426.11,1010.79,492.39,1,-1,-1,-1
450,21,1064.55,394.94,1116.12,507.99,1,-1,-1,-1
450,16,888.62,356.42,952.37,503.34,1,-1,-1,-1
450,38,1243.06,392.85,1294.09,509.90,1,-1,-1,-1
450,45,1313.30,382.26,1365.55,506.68,1,-1,-1,-1
450,52,981.29,430.81,1011.30,494.43,1,-1,-1,-1
451,21,1064.79,394.96,1116.23,508.06,1,-1,-1,-1
451,16,888.76,356.76,952.29,503.25,1,-1,-1,-1
451,38,1242.77,392.27,1294.30,510.65,1,-1,-1,-1
451,45,1313.66,382.03,1366.33,507.66,1,-1,-1,-1
451,52,981.83,432.58,1011.69,495.57,1,-1,-1,-1
452,21,1064.44,394.97,1116.11,508.75,1,-1,-1,-1
452,16,892.43,366.96,950.65,501.16,1,-1,-1,-1
452,38,1242.84,392.06,1294.85,511.59,1,-1,-1,-1
452,45,1313.36,383.92,1367.03,511.95,1,-1,-1,-1
452,52,982.13,434.52,1011.75,496.62,1,-1,-1,-1
453,21,1065.20,400.91,1114.56,509.65,1,-1,-1,-1
453,16,893.37,370.26,950.21,501.33,1,-1,-1,-1
453,38,1246.91,395.26,1298.89,515.22,1,-1,-1,-1
453,45,1471.82,377.46,1532.36,521.40,1,-1,-1,-1
453,52,981.58,433.85,1012.49,498.34,1,-1,-1,-1
454,3,509.84,293.89,623.34,565.48,1,-1,-1,-1
454,21,1065.53,403.19,1114.00,509.99,1,-1,-1,-1
454,16,897.24,371.16,954.35,502.89,1,-1,-1,-1
454,38,1248.59,395.17,1301.61,517.90,1,-1,-1,-1
454,45,1378.58,381.95,1435.85,518.02,1,-1,-1,-1
454,52,980.44,432.27,1013.08,500.27,1,-1,-1,-1
455,3,507.61,294.81,620.31,565.08,1,-1,-1,-1
455,21,1065.83,403.33,1114.33,510.10,1,-1,-1,-1
455,42,1319.41,386.00,1374.57,514.00,1,-1,-1,-1
455,16,898.25,369.92,956.66,504.85,1,-1,-1,-1
455,38,1248.76,394.48,1302.42,518.90,1,-1,-1,-1
455,45,1492.12,374.67,1556.47,527.01,1,-1,-1,-1
455,52,979.90,430.35,1014.11,501.64,1,-1,-1,-1
456,3,501.63,295.29,614.03,564.84,1,-1,-1,-1
456,21,1066.32,403.35,1114.77,510.13,1,-1,-1,-1
456,42,1318.85,385.95,1373.85,514.67,1,-1,-1,-1
456,16,899.00,368.69,958.34,505.57,1,-1,-1,-1
456,38,1248.74,391.59,1302.77,516.64,1,-1,-1,-1
456,45,1526.95,368.29,1597.08,534.01,1,-1,-1,-1
456,52,979.85,428.94,1015.03,502.14,1,-1,-1,-1
457,21,1066.15,403.34,1114.65,510.13,1,-1,-1,-1
457,42,1319.30,385.95,1373.78,514.40,1,-1,-1,-1
457,16,899.03,368.14,959.05,506.51,1,-1,-1,-1
457,38,1253.46,393.10,1307.29,518.36,1,-1,-1,-1
457,45,1539.83,364.49,1613.09,537.41,1,-1,-1,-1
457,52,979.45,427.09,1015.82,502.96,1,-1,-1,-1
458,21,1066.06,403.97,1114.00,509.46,1,-1,-1,-1
458,42,1317.96,385.86,1372.61,514.72,1,-1,-1,-1
458,16,902.83,368.53,962.80,506.87,1,-1,-1,-1
458,38,1255.31,393.68,1308.91,519.00,1,-1,-1,-1
458,45,1412.38,378.12,1473.25,522.31,1,-1,-1,-1
458,52,979.11,426.37,1016.33,503.90,1,-1,-1,-1
459,3,515.30,284.48,635.98,573.83,1,-1,-1,-1
459,21,1066.16,404.18,1113.65,508.53,1,-1,-1,-1
459,16,904.46,368.62,964.53,506.99,1,-1,-1,-1
459,38,1256.43,393.90,1309.70,519.22,1,-1,-1,-1
459,45,1356.20,384.12,1411.62,515.57,1,-1,-1,-1
459,52,978.85,425.44,1016.69,504.24,1,-1,-1,-1
460,3,512.53,283.72,633.84,574.58,1,-1,-1,-1
460,21,1065.57,400.23,1114.17,506.84,1,-1,-1,-1
460,16,905.76,368.60,965.68,506.37,1,-1,-1,-1
460,38,1257.19,393.99,1310.24,519.28,1,-1,-1,-1
460,45,1337.27,384.13,1389.82,509.11,1,-1,-1,-1
460,52,978.65,423.80,1017.60,504.99,1,-1,-1,-1
461,3,522.30,279.09,643.76,569.61,1,-1,-1,-1
461,21,1065.84,398.77,1114.55,505.56,1,-1,-1,-1
461,16,909.99,368.54,969.58,505.46,1,-1,-1,-1
461,38,1257.43,392.70,1309.10,514.67,1,-1,-1,-1
461,45,1330.78,384.12,1382.01,506.16,1,-1,-1,-1
461,52,978.74,422.52,1018.45,505.26,1,-1,-1,-1
462,3,522.46,273.94,647.46,571.95,1,-1,-1,-1
462,21,1065.92,398.87,1114.07,504.42,1,-1,-1,-1
462,16,911.48,368.48,970.99,505.12,1,-1,-1,-1
462,38,1257.64,391.54,1309.11,512.89,1,-1,-1,-1
462,45,1328.67,384.11,1379.15,504.44,1,-1,-1,-1
462,52,978.79,422.04,1018.78,505.33,1,-1,-1,-1
463,3,521.11,268.22,650.84,576.70,1,-1,-1,-1
463,21,1062.76,398.91,1110.45,503.34,1,-1,-1,-1
463,16,912.32,367.76,971.74,504.34,1,-1,-1,-1
463,38,1257.67,390.45,1309.11,511.57,1,-1,-1,-1
463,45,1328.64,384.77,1378.26,503.17,1,-1,-1,-1
463,52,978.20,417.32,1019.54,503.39,1,-1,-1,-1
464,3,524.78,266.73,655.75,577.84,1,-1,-1,-1
464,21,1061.71,398.94,1109.00,502.29,1,-1,-1,-1
464,16,914.23,368.37,973.30,504.14,1,-1,-1,-1
464,38,1261.99,390.05,1313.35,511.08,1,-1,-1,-1
464,45,1333.22,385.01,1382.37,502.07,1,-1,-1,-1
464,52,977.71,414.25,1020.10,502.64,1,-1,-1,-1
464,67,1497.99,345.66,1579.01,541.33,1,-1,-1,-1
465,3,525.66,264.93,658.27,579.55,1,-1,-1,-1
465,21,1061.28,399.61,1107.86,501.25,1,-1,-1,-1
465,38,1263.72,390.57,1314.79,510.91,1,-1,-1,-1
465,45,1335.34,385.08,1384.30,501.70,1,-1,-1,-1
465,52,977.69,413.72,1020.16,502.33,1,-1,-1,-1
465,67,1497.67,346.48,1577.92,540.47,1,-1,-1,-1
466,3,525.02,263.02,658.85,580.52,1,-1,-1,-1
466,21,1061.13,399.87,1107.49,500.88,1,-1,-1,-1
466,16,920.79,368.24,975.83,494.60,1,-1,-1,-1
466,38,1269.30,391.45,1319.60,510.19,1,-1,-1,-1
466,45,1336.29,385.10,1384.94,500.94,1,-1,-1,-1
466,52,978.20,413.55,1020.31,501.54,1,-1,-1,-1
466,67,1493.64,348.27,1572.08,537.95,1,-1,-1,-1
467,21,1061.07,399.97,1107.40,500.77,1,-1,-1,-1
467,16,922.05,368.21,976.63,493.13,1,-1,-1,-1
467,38,1271.50,391.78,1321.21,509.27,1,-1,-1,-1
467,45,1336.66,385.10,1385.24,500.69,1,-1,-1,-1
467,52,978.70,413.53,1020.08,499.93,1,-1,-1,-1
467,67,1492.32,349.60,1569.51,536.37,1,-1,-1,-1
468,21,1060.92,399.33,1107.54,500.75,1,-1,-1,-1
468,16,922.33,366.85,977.71,493.33,1,-1,-1,-1
468,38,1272.65,391.91,1322.02,508.95,1,-1,-1,-1
468,45,1340.92,385.09,1389.31,500.63,1,-1,-1,-1
468,52,978.47,412.70,1020.22,499.89,1,-1,-1,-1
468,67,1490.49,350.14,1567.11,535.55,1,-1,-1,-1
469,21,1061.26,399.76,1107.23,499.43,1,-1,-1,-1
469,16,926.44,366.35,981.98,493.44,1,-1,-1,-1
469,38,1273.57,391.96,1322.36,507.51,1,-1,-1,-1
469,45,1342.90,385.75,1390.48,499.97,1,-1,-1,-1
469,67,1486.67,350.94,1562.26,534.13,1,-1,-1,-1
470,21,1061.09,399.92,1106.79,498.96,1,-1,-1,-1
470,16,928.34,366.15,983.76,492.85,1,-1,-1,-1
470,38,1273.72,391.31,1322.57,506.99,1,-1,-1,-1
470,45,1343.82,385.99,1390.73,499.09,1,-1,-1,-1
470,67,1479.26,343.40,1557.67,533.76,1,-1,-1,-1
471,21,1059.78,393.99,1107.90,498.14,1,-1,-1,-1
471,16,929.11,365.41,984.87,492.67,1,-1,-1,-1
471,38,1274.24,389.08,1322.73,503.50,1,-1,-1,-1
471,45,1342.73,379.38,1392.25,498.79,1,-1,-1,-1
471,67,1476.55,340.88,1555.73,533.65,1,-1,-1,-1
472,21,1059.29,391.81,1108.34,497.84,1,-1,-1,-1
472,16,933.37,365.13,989.14,492.63,1,-1,-1,-1
472,38,1273.59,386.92,1322.87,502.87,1,-1,-1,-1
472,45,1342.25,376.32,1393.52,499.99,1,-1,-1,-1
472,67,1471.91,341.30,1550.20,532.30,1,-1,-1,-1
473,21,1058.86,390.99,1108.13,497.10,1,-1,-1,-1
473,16,935.21,365.03,991.02,492.64,1,-1,-1,-1
473,38,1276.83,386.12,1326.63,503.33,1,-1,-1,-1
473,45,1341.47,373.86,1393.96,500.48,1,-1,-1,-1
473,67,1466.64,342.85,1543.21,529.82,1,-1,-1,-1
474,21,1058.66,390.72,1108.11,496.84,1,-1,-1,-1
474,16,935.93,364.99,991.53,492.01,1,-1,-1,-1
474,38,1278.40,385.85,1328.29,503.53,1,-1,-1,-1
474,45,1341.05,372.94,1394.22,501.34,1,-1,-1,-1
474,67,1459.92,342.79,1536.23,528.93,1,-1,-1,-1
475,21,1058.93,389.98,1108.43,496.10,1,-1,-1,-1
475,16,939.88,363.65,996.52,493.13,1,-1,-1,-1
475,38,1278.56,383.12,1329.91,504.30,1,-1,-1,-1
475,45,1340.94,371.32,1394.91,501.69,1,-1,-1,-1
475,52,985.23,409.84,1025.10,493.34,1,-1,-1,-1
475,67,1457.60,343.45,1533.12,527.97,1,-1,-1,-1
476,21,1059.42,390.39,1108.19,494.53,1,-1,-1,-1
476,16,941.33,359.21,998.94,490.93,1,-1,-1,-1
476,38,1279.19,382.77,1330.52,503.95,1,-1,-1,-1
476,45,1341.84,372.04,1394.88,500.52,1,-1,-1,-1
476,52,985.62,409.23,1025.54,492.83,1,-1,-1,-1
476,67,1457.44,345.73,1530.91,525.65,1,-1,-1,-1
477,21,1058.30,385.27,1108.76,492.62,1,-1,-1,-1
477,16,941.68,356.87,999.89,490.11,1,-1,-1,-1
477,38,1279.27,382.01,1330.81,503.83,1,-1,-1,-1
477,45,1342.57,373.02,1394.46,498.77,1,-1,-1,-1
477,67,1452.37,343.90,1526.71,526.18,1,-1,-1,-1
478,21,1058.07,383.40,1108.80,491.29,1,-1,-1,-1
478,16,942.50,356.67,1000.08,488.51,1,-1,-1,-1
478,38,1280.32,381.27,1331.99,503.43,1,-1,-1,-1
478,45,1343.70,374.09,1394.10,496.12,1,-1,-1,-1
478,67,1446.67,341.90,1519.93,521.75,1,-1,-1,-1
479,21,1057.97,382.72,1108.19,489.49,1,-1,-1,-1
479,16,942.73,355.96,1000.05,487.26,1,-1,-1,-1
479,45,1343.49,371.19,1393.92,493.15,1,-1,-1,-1
479,67,1440.50,342.49,1512.37,518.79,1,-1,-1,-1
480,21,1058.20,383.18,1107.70,488.18,1,-1,-1,-1
480,16,941.61,349.12,1001.77,486.82,1,-1,-1,-1
480,38,1280.20,378.29,1330.03,496.21,1,-1,-1,-1
480,45,1347.60,370.13,1397.60,490.75,1,-1,-1,-1
480,67,1438.74,344.08,1508.69,515.73,1,-1,-1,-1
481,21,1058.28,380.07,1107.55,484.40,1,-1,-1,-1
481,16,945.17,345.95,1006.16,485.38,1,-1,-1,-1
481,38,1280.31,377.82,1329.56,494.37,1,-1,-1,-1
481,45,1350.57,371.10,1398.88,487.22,1,-1,-1,-1
481,67,1433.17,344.00,1502.51,514.00,1,-1,-1,-1
482,21,1058.42,378.95,1107.39,482.37,1,-1,-1,-1
482,16,951.16,344.77,1012.27,484.19,1,-1,-1,-1
482,38,1283.40,374.99,1334.37,496.43,1,-1,-1,-1
482,45,1352.50,372.85,1399.16,483.93,1,-1,-1,-1
482,67,1426.00,341.96,1496.31,514.10,1,-1,-1,-1
483,21,1058.45,378.58,1107.38,481.66,1,-1,-1,-1
483,16,953.34,345.04,1013.95,483.11,1,-1,-1,-1
483,38,1284.49,373.32,1336.12,497.19,1,-1,-1,-1
483,45,1353.68,374.21,1399.40,482.11,1,-1,-1,-1
483,67,1423.47,341.22,1494.20,514.19,1,-1,-1,-1
484,21,1058.93,379.15,1106.91,480.12,1,-1,-1,-1
484,16,950.14,341.25,1011.18,480.10,1,-1,-1,-1
484,38,1281.22,369.45,1333.22,494.25,1,-1,-1,-1
484,45,1353.33,373.35,1399.52,481.51,1,-1,-1,-1
484,67,1417.78,340.28,1489.21,514.95,1,-1,-1,-1
485,21,1055.62,378.74,1103.55,479.60,1,-1,-1,-1
485,16,948.97,339.87,1009.98,478.34,1,-1,-1,-1
485,38,1279.20,366.70,1332.13,493.80,1,-1,-1,-1
485,45,1356.10,369.02,1404.00,480.68,1,-1,-1,-1
485,67,1412.20,342.59,1481.86,512.63,1,-1,-1,-1
486,21,1054.54,378.63,1102.19,478.78,1,-1,-1,-1
486,16,953.01,340.07,1013.47,477.06,1,-1,-1,-1
486,38,1282.04,363.74,1336.54,494.96,1,-1,-1,-1
486,45,1357.16,367.44,1405.57,479.75,1,-1,-1,-1
486,67,1405.92,341.49,1474.28,507.79,1,-1,-1,-1
487,21,1054.28,379.28,1101.58,478.53,1,-1,-1,-1
487,16,955.06,341.53,1014.17,475.29,1,-1,-1,-1
487,38,1283.48,363.31,1337.85,494.78,1,-1,-1,-1
487,45,1357.48,365.54,1406.82,479.46,1,-1,-1,-1
487,67,1399.57,341.75,1466.50,504.71,1,-1,-1,-1
488,21,1054.69,379.56,1101.55,477.82,1,-1,-1,-1
488,16,956.03,342.14,1014.76,474.68,1,-1,-1,-1
488,38,1284.41,363.87,1337.92,494.08,1,-1,-1,-1
488,45,1380.42,350.35,1442.42,494.56,1,-1,-1,-1
488,67,1394.71,341.58,1460.96,502.90,1,-1,-1,-1
489,21,1054.20,379.02,1101.56,478.26,1,-1,-1,-1
489,16,960.38,342.41,1018.86,474.50,1,-1,-1,-1
489,38,1285.32,364.15,1337.99,493.17,1,-1,-1,-1
489,45,1366.08,352.75,1425.78,490.84,1,-1,-1,-1
490,21,1054.16,378.83,1101.45,477.79,1,-1,-1,-1
490,16,962.11,341.88,1020.83,474.47,1,-1,-1,-1
490,38,1286.17,364.96,1337.45,491.53,1,-1,-1,-1
490,45,1360.13,346.33,1425.17,496.86,1,-1,-1,-1
490,67,1379.63,342.75,1444.21,500.75,1,-1,-1,-1
491,21,1054.00,378.12,1101.59,477.65,1,-1,-1,-1
491,16,962.82,341.71,1021.38,473.84,1,-1,-1,-1
491,38,1286.81,363.98,1338.19,490.82,1,-1,-1,-1
491,45,1365.77,340.80,1434.66,501.61,1,-1,-1,-1
491,67,1374.17,342.73,1438.08,499.10,1,-1,-1,-1
492,21,1054.22,378.53,1101.40,476.97,1,-1,-1,-1
492,16,963.03,341.01,1022.16,474.30,1,-1,-1,-1
492,45,1357.78,335.51,1431.09,506.63,1,-1,-1,-1
493,21,1054.00,378.71,1100.99,476.74,1,-1,-1,-1
493,16,963.16,340.77,1022.29,473.85,1,-1,-1,-1
493,45,1351.23,335.97,1424.08,506.12,1,-1,-1,-1
494,21,1053.30,374.14,1102.15,476.02,1,-1,-1,-1
494,16,962.99,340.71,1022.43,474.37,1,-1,-1,-1
494,45,1348.42,336.94,1419.86,504.56,1,-1,-1,-1
495,21,1052.91,371.81,1102.72,475.77,1,-1,-1,-1
495,16,966.45,339.39,1026.78,475.25,1,-1,-1,-1
495,45,1343.62,338.08,1414.06,503.90,1,-1,-1,-1
496,21,1053.27,371.60,1102.45,474.39,1,-1,-1,-1
496,16,968.11,339.57,1027.98,474.28,1,-1,-1,-1
496,45,1336.57,336.64,1407.87,505.57,1,-1,-1,-1
497,21,1056.75,371.56,1105.63,473.89,1,-1,-1,-1
497,16,969.61,339.00,1029.51,473.80,1,-1,-1,-1
497,45,1333.75,336.15,1405.00,506.18,1,-1,-1,-1
498,21,1058.22,371.58,1106.67,473.07,1,-1,-1,-1
498,45,1334.12,335.39,1403.09,500.54,1,-1,-1,-1
499,21,1058.92,370.95,1107.57,472.78,1,-1,-1,-1
499,16,974.39,333.76,1035.70,471.29,1,-1,-1,-1
499,45,1334.22,335.19,1401.79,497.64,1,-1,-1,-1
500,21,1059.17,370.74,1107.90,472.70,1,-1,-1,-1
500,16,975.25,332.25,1037.27,470.89,1,-1,-1,-1
500,38,1296.90,353.07,1352.69,491.75,1,-1,-1,-1
500,45,1333.29,333.57,1401.51,497.59,1,-1,-1,-1
501,21,1060.17,371.35,1108.41,472.04,1,-1,-1,-1
501,16,980.69,333.05,1041.87,469.44,1,-1,-1,-1
501,38,1297.84,351.94,1354.00,491.56,1,-1,-1,-1
502,21,1064.36,370.28,1113.39,472.47,1,-1,-1,-1
502,16,982.70,332.22,1043.95,468.74,1,-1,-1,-1
503,21,1066.54,370.56,1115.25,471.99,1,-1,-1,-1
503,16,993.24,331.09,1055.63,470.35,1,-1,-1,-1
503,45,1386.77,350.95,1435.69,468.92,1,-1,-1,-1
503,69,319.43,307.22,398.36,480.98,1,-1,-1,-1
504,21,1071.65,371.35,1119.54,471.17,1,-1,-1,-1
504,16,996.00,330.74,1058.95,471.30,1,-1,-1,-1
504,45,1393.44,355.00,1441.19,470.74,1,-1,-1,-1
504,69,319.15,306.98,398.87,482.48,1,-1,-1,-1
505,21,1074.08,371.00,1121.91,470.88,1,-1,-1,-1
505,16,1002.03,331.29,1064.21,470.34,1,-1,-1,-1
505,45,1398.00,355.91,1444.51,468.64,1,-1,-1,-1
505,69,319.43,305.45,400.12,482.97,1,-1,-1,-1
506,21,1075.89,371.55,1123.11,470.13,1,-1,-1,-1
506,16,1008.69,332.19,1070.18,469.99,1,-1,-1,-1
506,38,1298.79,346.95,1353.13,482.66,1,-1,-1,-1
506,45,1401.24,356.14,1448.01,470.21,1,-1,-1,-1
506,69,324.21,307.08,402.95,480.27,1,-1,-1,-1
507,21,1080.22,371.77,1127.11,469.87,1,-1,-1,-1
507,16,1011.51,332.56,1072.53,469.21,1,-1,-1,-1
507,38,1299.42,345.87,1353.86,481.83,1,-1,-1,-1
507,45,1403.22,357.68,1448.89,469.59,1,-1,-1,-1
507,69,327.39,309.10,403.83,477.18,1,-1,-1,-1
508,21,1079.84,363.88,1131.14,471.78,1,-1,-1,-1
508,16,1018.02,334.70,1076.96,466.94,1,-1,-1,-1
508,45,1403.18,352.69,1450.35,468.06,1,-1,-1,-1
508,69,327.77,309.12,404.07,476.80,1,-1,-1,-1
509,21,1080.05,360.38,1132.89,471.84,1,-1,-1,-1
509,16,1020.62,335.53,1078.83,466.10,1,-1,-1,-1
509,45,1406.84,350.24,1455.07,468.22,1,-1,-1,-1
509,69,328.35,309.11,404.30,476.02,1,-1,-1,-1
510,21,1081.51,359.06,1134.88,471.65,1,-1,-1,-1
510,16,1025.07,335.17,1083.78,467.16,1,-1,-1,-1
510,45,1408.24,349.32,1457.23,469.00,1,-1,-1,-1
510,69,328.50,309.10,404.34,475.77,1,-1,-1,-1
511,16,1025.97,331.73,1087.45,470.21,1,-1,-1,-1
511,45,1408.74,348.98,1457.82,468.67,1,-1,-1,-1
511,69,327.88,307.73,404.95,477.06,1,-1,-1,-1
512,16,1031.14,331.75,1092.27,469.41,1,-1,-1,-1
512,45,1409.04,348.21,1458.33,468.59,1,-1,-1,-1
512,69,327.05,303.89,405.04,475.55,1,-1,-1,-1
513,16,1033.86,333.10,1093.76,467.78,1,-1,-1,-1
513,45,1408.73,347.27,1458.75,469.26,1,-1,-1,-1
513,69,327.41,306.44,404.35,475.67,1,-1,-1,-1
514,16,1037.38,332.89,1097.25,467.49,1,-1,-1,-1
514,45,1408.40,346.27,1458.95,469.53,1,-1,-1,-1
514,69,328.25,309.44,403.33,474.40,1,-1,-1,-1
515,38,1226.66,310.04,1301.52,493.31,1,-1,-1,-1
515,45,1408.19,345.91,1458.95,469.66,1,-1,-1,-1
515,69,328.87,311.23,402.60,473.27,1,-1,-1,-1
516,38,1221.65,320.04,1291.31,489.58,1,-1,-1,-1
516,45,1407.42,345.14,1458.83,470.39,1,-1,-1,-1
516,69,323.97,308.52,400.03,475.57,1,-1,-1,-1
517,38,1212.61,315.33,1284.74,489.27,1,-1,-1,-1
517,45,1406.46,344.21,1458.69,471.33,1,-1,-1,-1
517,69,321.26,303.57,399.34,475.10,1,-1,-1,-1
518,38,1299.60,339.37,1357.48,481.44,1,-1,-1,-1
518,45,1406.15,343.87,1458.48,471.05,1,-1,-1,-1
518,69,320.09,301.69,398.58,474.28,1,-1,-1,-1
519,16,791.14,21.62,1059.16,618.86,1,-1,-1,-1
519,38,1302.23,339.31,1359.92,480.90,1,-1,-1,-1
519,45,1406.07,343.77,1458.25,470.29,1,-1,-1,-1
519,67,1184.88,302.07,1267.19,499.91,1,-1,-1,-1
519,69,319.65,301.65,397.65,473.32,1,-1,-1,-1
520,16,775.26,-1.30,1059.94,628.48,1,-1,-1,-1
520,38,1342.15,351.91,1392.42,476.86,1,-1,-1,-1
520,45,1405.98,343.75,1458.14,470.01,1,-1,-1,-1
520,67,1183.25,306.05,1262.79,495.36,1,-1,-1,-1
520,69,315.07,301.01,393.81,474.29,1,-1,-1,-1
521,16,756.05,-28.20,1058.70,641.33,1,-1,-1,-1
521,38,1350.65,353.79,1399.26,475.98,1,-1,-1,-1
521,45,1405.88,343.76,1458.09,469.91,1,-1,-1,-1
521,67,1176.18,312.68,1250.58,488.62,1,-1,-1,-1
521,69,313.98,301.44,391.77,472.69,1,-1,-1,-1
522,38,1353.60,353.69,1401.78,475.71,1,-1,-1,-1
522,45,1405.79,343.78,1458.06,469.89,1,-1,-1,-1
522,67,1164.01,313.37,1237.92,487.98,1,-1,-1,-1
522,69,314.35,303.62,390.28,470.77,1,-1,-1,-1
523,38,1354.05,352.93,1402.84,477.00,1,-1,-1,-1
523,45,1401.14,338.52,1455.35,468.57,1,-1,-1,-1
523,67,1155.76,315.61,1227.57,485.12,1,-1,-1,-1
523,69,315.15,305.80,389.14,468.73,1,-1,-1,-1
524,38,1357.58,351.94,1406.84,478.17,1,-1,-1,-1
524,45,1403.72,338.52,1457.15,466.12,1,-1,-1,-1
524,67,1149.16,319.80,1217.77,481.41,1,-1,-1,-1
524,69,315.56,307.96,387.34,465.98,1,-1,-1,-1
525,38,1359.17,351.54,1408.32,478.62,1,-1,-1,-1
525,45,1400.40,337.25,1454.88,466.51,1,-1,-1,-1
525,67,1136.90,318.68,1206.39,482.09,1,-1,-1,-1
525,69,315.99,308.76,386.46,463.66,1,-1,-1,-1
526,38,1359.88,352.03,1408.36,478.14,1,-1,-1,-1
526,45,1399.07,336.79,1454.11,466.67,1,-1,-1,-1
526,67,1132.94,319.60,1201.54,481.04,1,-1,-1,-1
526,69,316.35,309.71,385.33,461.50,1,-1,-1,-1
527,38,1360.12,352.19,1408.00,477.30,1,-1,-1,-1
527,45,1398.36,335.99,1454.01,466.75,1,-1,-1,-1
527,67,1127.09,319.94,1194.76,479.35,1,-1,-1,-1
527,69,311.64,304.65,382.39,460.08,1,-1,-1,-1
528,38,1360.38,352.22,1408.04,477.00,1,-1,-1,-1
528,45,1398.03,335.72,1454.03,466.80,1,-1,-1,-1
528,67,1121.16,320.72,1187.90,478.09,1,-1,-1,-1
528,69,310.40,303.47,380.90,458.27,1,-1,-1,-1
529,38,1360.25,351.55,1408.02,476.89,1,-1,-1,-1
529,45,1401.64,335.65,1457.55,466.17,1,-1,-1,-1
529,67,1115.98,323.68,1179.55,474.32,1,-1,-1,-1
529,69,310.70,304.37,379.66,455.64,1,-1,-1,-1
530,38,1360.50,351.29,1408.15,476.87,1,-1,-1,-1
530,45,1398.57,334.99,1455.42,467.26,1,-1,-1,-1
530,67,1103.89,323.41,1167.67,474.33,1,-1,-1,-1
530,69,309.96,304.15,378.34,454.15,1,-1,-1,-1
531,38,1363.10,351.53,1410.56,476.61,1,-1,-1,-1
531,45,1397.85,334.76,1454.82,467.03,1,-1,-1,-1
531,67,1095.16,323.97,1158.84,474.37,1,-1,-1,-1
532,38,1361.22,351.95,1408.31,476.08,1,-1,-1,-1
532,45,1397.68,335.36,1454.50,466.94,1,-1,-1,-1
532,67,1091.56,323.49,1155.88,475.10,1,-1,-1,-1
532,69,304.26,303.10,373.78,455.30,1,-1,-1,-1
533,38,1360.45,351.39,1407.97,476.61,1,-1,-1,-1
533,45,1397.29,335.61,1454.03,466.92,1,-1,-1,-1
533,67,1085.25,321.30,1151.67,478.07,1,-1,-1,-1
533,69,304.08,304.99,371.70,452.71,1,-1,-1,-1
534,38,1362.24,351.56,1409.63,476.42,1,-1,-1,-1
534,45,1397.27,335.73,1453.75,466.26,1,-1,-1,-1
534,67,1070.79,321.13,1134.40,471.32,1,-1,-1,-1
534,69,303.10,301.62,370.61,448.47,1,-1,-1,-1
535,38,1359.48,347.25,1407.78,473.70,1,-1,-1,-1
535,45,1397.40,335.13,1454.17,466.01,1,-1,-1,-1
535,67,1064.86,319.72,1128.19,469.39,1,-1,-1,-1
535,69,298.59,299.06,367.10,447.63,1,-1,-1,-1
536,38,1358.95,346.31,1407.64,473.08,1,-1,-1,-1
536,45,1397.27,335.57,1453.86,465.93,1,-1,-1,-1
536,67,1057.25,319.60,1120.12,468.18,1,-1,-1,-1
536,69,297.17,298.39,365.30,446.15,1,-1,-1,-1
537,38,1359.15,346.64,1407.80,472.86,1,-1,-1,-1
537,45,1396.84,335.09,1454.13,467.23,1,-1,-1,-1
538,38,1363.27,350.75,1411.03,474.79,1,-1,-1,-1
538,45,1396.70,334.92,1454.22,467.72,1,-1,-1,-1
539,3,1017.51,311.86,1093.78,489.12,1,-1,-1,-1
539,38,1364.67,352.31,1412.30,476.20,1,-1,-1,-1
539,45,1396.61,338.82,1453.64,471.20,1,-1,-1,-1
539,69,289.57,303.16,358.96,453.54,1,-1,-1,-1
540,3,1020.22,318.63,1092.11,484.20,1,-1,-1,-1
540,38,1365.49,354.87,1412.38,476.72,1,-1,-1,-1
540,45,1396.20,339.65,1453.81,473.84,1,-1,-1,-1
540,69,287.82,303.15,357.06,453.21,1,-1,-1,-1
541,3,1028.92,321.49,1098.35,481.39,1,-1,-1,-1
541,38,1365.62,358.49,1412.48,480.26,1,-1,-1,-1
541,45,1396.14,339.96,1454.43,476.13,1,-1,-1,-1
541,69,289.97,313.30,356.61,457.72,1,-1,-1,-1
542,38,1365.52,360.47,1412.58,482.23,1,-1,-1,-1
542,45,1397.20,346.62,1453.59,478.95,1,-1,-1,-1
542,69,290.37,316.16,355.53,457.27,1,-1,-1,-1
543,38,1365.41,363.17,1413.94,488.26,1,-1,-1,-1
543,45,1397.59,349.84,1453.30,480.66,1,-1,-1,-1
543,69,290.25,319.82,355.46,461.16,1,-1,-1,-1
544,3,1071.55,330.00,1138.77,486.76,1,-1,-1,-1
544,38,1365.71,366.11,1414.05,490.48,1,-1,-1,-1
544,45,1398.09,355.65,1452.84,484.58,1,-1,-1,-1
544,69,290.26,322.44,355.46,463.90,1,-1,-1,-1
545,3,1077.90,340.90,1139.38,484.82,1,-1,-1,-1
545,38,1366.19,369.17,1413.64,491.28,1,-1,-1,-1
545,45,1397.81,357.78,1452.47,486.66,1,-1,-1,-1
545,69,289.34,324.07,354.15,464.69,1,-1,-1,-1
546,3,1078.67,342.93,1140.18,487.07,1,-1,-1,-1
546,38,1366.22,373.59,1413.57,495.52,1,-1,-1,-1
546,45,1398.52,364.48,1451.53,490.04,1,-1,-1,-1
547,3,1078.96,344.88,1139.94,488.50,1,-1,-1,-1
547,38,1366.54,377.16,1413.17,497.04,1,-1,-1,-1
547,45,1398.90,366.93,1451.74,492.59,1,-1,-1,-1
548,3,1086.25,348.51,1145.89,488.98,1,-1,-1,-1
548,38,1370.98,381.09,1417.32,500.88,1,-1,-1,-1
548,45,1399.17,369.08,1451.02,492.80,1,-1,-1,-1
549,3,1080.31,353.66,1138.61,491.53,1,-1,-1,-1
549,38,1372.89,383.80,1418.55,502.25,1,-1,-1,-1
549,45,1398.95,372.46,1451.08,497.48,1,-1,-1,-1
549,77,264.28,321.95,339.47,481.59,1,-1,-1,-1
550,3,1085.60,357.52,1142.59,492.32,1,-1,-1,-1
550,16,1065.05,338.70,1138.85,504.89,1,-1,-1,-1
550,38,1374.00,386.05,1419.20,503.35,1,-1,-1,-1
550,45,1403.64,374.96,1454.94,498.49,1,-1,-1,-1
550,77,262.94,322.24,338.23,482.09,1,-1,-1,-1
551,16,1081.93,360.01,1142.08,496.99,1,-1,-1,-1
551,38,1373.72,388.13,1420.05,508.36,1,-1,-1,-1
551,45,1404.20,377.40,1455.26,500.36,1,-1,-1,-1
551,77,257.49,324.70,335.32,489.97,1,-1,-1,-1
552,16,1081.94,359.68,1142.69,498.68,1,-1,-1,-1
552,38,1373.98,389.50,1420.60,510.16,1,-1,-1,-1
552,77,256.02,324.44,334.34,490.67,1,-1,-1,-1
553,16,1081.91,359.48,1142.70,499.04,1,-1,-1,-1
553,38,1373.47,388.60,1421.34,512.08,1,-1,-1,-1
553,77,255.56,325.02,333.41,490.14,1,-1,-1,-1
554,16,1082.70,360.06,1142.48,497.54,1,-1,-1,-1
554,38,1373.49,388.20,1422.01,512.73,1,-1,-1,-1
554,77,255.83,326.57,332.13,488.48,1,-1,-1,-1
555,16,1083.64,360.95,1142.40,496.31,1,-1,-1,-1
555,38,1377.26,387.97,1425.65,512.25,1,-1,-1,-1
555,77,254.30,327.33,330.73,489.51,1,-1,-1,-1
556,16,1087.73,356.84,1146.52,493.03,1,-1,-1,-1
556,38,1379.50,386.50,1426.85,508.04,1,-1,-1,-1
556,77,250.44,325.61,327.57,489.31,1,-1,-1,-1
557,16,1089.69,355.44,1147.98,491.25,1,-1,-1,-1
557,38,1380.36,385.21,1427.86,507.03,1,-1,-1,-1
557,45,1405.93,373.97,1458.11,500.59,1,-1,-1,-1
557,77,249.08,326.01,325.77,488.68,1,-1,-1,-1
558,16,1091.25,354.86,1149.23,489.93,1,-1,-1,-1
558,38,1380.70,384.04,1428.79,506.62,1,-1,-1,-1
558,45,1406.89,374.97,1458.07,499.81,1,-1,-1,-1
558,77,249.00,326.14,325.49,488.44,1,-1,-1,-1
559,16,1099.69,367.88,1150.68,486.49,1,-1,-1,-1
559,38,1384.86,383.57,1432.94,506.44,1,-1,-1,-1
559,45,1407.34,375.90,1458.45,500.59,1,-1,-1,-1
559,77,243.12,322.83,322.68,491.67,1,-1,-1,-1
560,16,1101.43,369.10,1151.91,486.43,1,-1,-1,-1
560,38,1386.93,384.03,1434.60,505.69,1,-1,-1,-1
560,77,240.97,322.26,321.04,492.19,1,-1,-1,-1
561,16,1105.88,366.00,1156.71,484.32,1,-1,-1,-1
561,38,1391.17,382.19,1439.61,506.04,1,-1,-1,-1
561,45,1412.38,373.73,1463.99,500.33,1,-1,-1,-1
561,77,246.50,325.33,323.44,488.40,1,-1,-1,-1
562,16,1108.67,366.74,1158.54,482.81,1,-1,-1,-1
562,38,1393.19,380.84,1442.26,506.16,1,-1,-1,-1
562,45,1417.44,371.37,1470.09,500.98,1,-1,-1,-1
562,77,247.85,319.81,326.70,486.89,1,-1,-1,-1
563,16,1115.74,366.28,1164.29,479.45,1,-1,-1,-1
563,38,1397.65,378.34,1447.98,506.84,1,-1,-1,-1
563,45,1418.71,371.60,1471.51,501.58,1,-1,-1,-1
563,77,253.28,319.13,330.87,483.71,1,-1,-1,-1
564,16,1122.23,366.26,1170.01,477.91,1,-1,-1,-1
564,38,1399.62,374.14,1451.05,505.14,1,-1,-1,-1
564,45,1425.61,367.32,1478.21,496.62,1,-1,-1,-1
564,77,256.01,318.22,333.24,481.82,1,-1,-1,-1
565,16,1130.00,367.60,1175.79,474.69,1,-1,-1,-1
565,38,1409.21,371.88,1460.83,503.81,1,-1,-1,-1
565,45,1432.12,366.36,1484.52,494.87,1,-1,-1,-1
565,77,260.99,315.24,338.15,478.47,1,-1,-1,-1
566,16,1136.36,361.88,1183.62,472.24,1,-1,-1,-1
566,38,1412.52,369.07,1465.46,503.95,1,-1,-1,-1
566,45,1438.74,365.36,1491.00,493.58,1,-1,-1,-1
566,77,268.22,314.81,343.23,473.25,1,-1,-1,-1
567,16,1144.47,362.54,1189.71,468.07,1,-1,-1,-1
567,38,1418.63,366.08,1471.29,499.45,1,-1,-1,-1
567,45,1444.80,358.39,1499.57,491.79,1,-1,-1,-1
567,77,276.12,314.02,350.65,471.32,1,-1,-1,-1
568,16,1151.55,358.03,1197.04,463.88,1,-1,-1,-1
568,38,1425.60,364.30,1477.87,496.39,1,-1,-1,-1
568,45,1452.82,357.75,1506.62,488.53,1,-1,-1,-1
568,77,283.97,311.08,357.00,465.31,1,-1,-1,-1
569,16,1158.02,353.07,1205.52,463.81,1,-1,-1,-1
569,38,1432.78,362.36,1485.46,494.58,1,-1,-1,-1
569,45,1465.37,358.23,1518.15,485.95,1,-1,-1,-1
569,77,286.98,308.68,360.45,463.80,1,-1,-1,-1
570,16,1164.98,345.35,1214.32,460.54,1,-1,-1,-1
570,38,1440.46,359.04,1492.94,489.98,1,-1,-1,-1
570,45,1473.28,350.46,1528.31,483.68,1,-1,-1,-1
570,77,292.15,303.18,366.79,460.65,1,-1,-1,-1
571,16,1170.62,343.34,1219.83,458.20,1,-1,-1,-1
571,38,1452.26,357.83,1503.75,486.28,1,-1,-1,-1
571,45,1284.94,343.08,1333.88,461.38,1,-1,-1,-1
571,77,297.32,297.20,374.97,460.86,1,-1,-1,-1
572,38,1462.63,356.11,1512.18,479.61,1,-1,-1,-1
572,45,1220.56,345.08,1262.32,446.29,1,-1,-1,-1
572,77,309.22,295.66,384.22,453.82,1,-1,-1,-1
573,38,1474.30,351.50,1524.55,477.18,1,-1,-1,-1
573,45,1416.20,334.51,1469.37,462.63,1,-1,-1,-1
573,77,314.69,292.51,389.97,451.16,1,-1,-1,-1
574,38,1478.80,346.56,1529.80,473.71,1,-1,-1,-1
574,45,1477.59,331.19,1534.10,467.16,1,-1,-1,-1
574,77,320.40,287.45,396.73,448.27,1,-1,-1,-1
575,38,1484.88,342.79,1536.81,471.81,1,-1,-1,-1
575,45,1514.13,330.61,1568.35,460.31,1,-1,-1,-1
575,77,321.63,282.34,399.88,447.26,1,-1,-1,-1
576,38,1490.96,340.79,1543.14,470.52,1,-1,-1,-1
576,45,1527.17,328.60,1582.13,459.56,1,-1,-1,-1
576,77,322.60,277.87,400.94,443.04,1,-1,-1,-1
577,38,1497.85,337.48,1549.69,466.82,1,-1,-1,-1
577,45,1536.47,327.27,1591.71,458.66,1,-1,-1,-1
577,77,327.72,278.24,403.46,438.22,1,-1,-1,-1
578,38,1505.17,336.99,1555.56,462.86,1,-1,-1,-1
578,45,1552.62,324.71,1608.33,457.20,1,-1,-1,-1
578,77,329.18,276.53,405.20,437.16,1,-1,-1,-1
579,38,1508.26,334.24,1558.21,458.13,1,-1,-1,-1
579,77,329.00,270.03,407.64,436.19,1,-1,-1,-1
580,38,1513.55,332.65,1563.25,455.80,1,-1,-1,-1
580,77,333.49,268.32,410.98,431.98,1,-1,-1,-1
581,38,1520.31,332.14,1568.54,452.38,1,-1,-1,-1
581,45,1558.75,313.49,1615.14,447.71,1,-1,-1,-1
581,77,336.91,265.48,414.53,429.42,1,-1,-1,-1
582,38,1524.22,329.36,1571.29,447.19,1,-1,-1,-1
582,45,1564.60,314.30,1618.64,443.19,1,-1,-1,-1
583,38,1528.75,326.41,1576.14,446.06,1,-1,-1,-1
583,45,1566.46,314.61,1619.64,441.67,1,-1,-1,-1
584,38,1530.73,325.39,1577.93,445.73,1,-1,-1,-1
584,45,1567.56,315.46,1619.57,439.85,1,-1,-1,-1
584,77,334.91,254.34,413.25,420.20,1,-1,-1,-1
585,38,1531.78,325.09,1578.53,445.06,1,-1,-1,-1
585,45,1567.65,315.87,1618.98,439.26,1,-1,-1,-1
585,77,328.69,247.66,411.27,422.63,1,-1,-1,-1
586,38,1532.42,324.40,1578.77,444.24,1,-1,-1,-1
586,45,1568.13,313.43,1618.28,434.45,1,-1,-1,-1
586,77,330.09,244.21,413.26,420.44,1,-1,-1,-1
587,38,1532.58,324.21,1578.59,444.02,1,-1,-1,-1
587,45,1568.23,313.25,1617.37,432.07,1,-1,-1,-1
587,77,327.18,244.78,407.48,414.99,1,-1,-1,-1
588,38,1532.38,326.20,1576.49,442.03,1,-1,-1,-1
588,45,1568.80,315.27,1615.91,429.26,1,-1,-1,-1
588,77,321.11,241.91,403.62,416.91,1,-1,-1,-1
589,38,1529.67,328.37,1570.58,435.33,1,-1,-1,-1
589,45,1570.02,318.81,1614.40,426.30,1,-1,-1,-1
589,77,319.41,242.22,401.25,415.61,1,-1,-1,-1
590,38,1527.28,327.18,1568.00,433.64,1,-1,-1,-1
590,45,1574.19,320.84,1616.41,423.28,1,-1,-1,-1
590,77,314.59,243.80,394.58,413.22,1,-1,-1,-1
591,38,1520.94,322.74,1564.43,436.48,1,-1,-1,-1
591,45,1579.29,320.67,1620.56,420.79,1,-1,-1,-1
591,77,313.52,245.84,391.27,410.40,1,-1,-1,-1
592,16,1297.87,308.95,1340.05,406.02,1,-1,-1,-1
592,38,1521.82,321.45,1565.15,434.76,1,-1,-1,-1
592,45,1528.43,320.09,1575.43,433.43,1,-1,-1,-1
592,77,309.38,247.37,385.78,408.77,1,-1,-1,-1
593,3,1155.32,212.00,1267.68,477.00,1,-1,-1,-1
593,16,1295.43,310.70,1335.69,403.15,1,-1,-1,-1
593,45,1526.32,319.87,1573.19,432.89,1,-1,-1,-1
593,77,303.36,249.34,377.59,406.24,1,-1,-1,-1
594,3,1153.92,213.59,1264.30,473.82,1,-1,-1,-1
594,16,1300.57,309.42,1340.29,400.63,1,-1,-1,-1
594,77,291.90,250.13,365.70,406.06,1,-1,-1,-1
595,3,1149.87,217.81,1256.60,468.92,1,-1,-1,-1
595,77,287.47,251.79,360.39,406.07,1,-1,-1,-1
595,66,733.81,131.32,916.68,555.61,1,-1,-1,-1
596,3,1147.30,218.50,1253.41,468.15,1,-1,-1,-1
596,77,277.02,251.10,350.06,405.48,1,-1,-1,-1
596,66,726.92,128.88,912.10,557.99,1,-1,-1,-1
597,3,1148.48,215.10,1255.81,467.62,1,-1,-1,-1
597,77,269.35,252.86,340.96,403.99,1,-1,-1,-1
597,66,726.32,141.74,900.64,545.14,1,-1,-1,-1
598,77,265.82,254.22,337.23,404.84,1,-1,-1,-1
598,66,722.32,137.16,900.95,549.75,1,-1,-1,-1
599,77,260.52,258.06,332.18,409.22,1,-1,-1,-1
599,66,715.60,136.98,894.31,549.75,1,-1,-1,-1
