3,7,785.37,558.95,856.61,723.03,1,-1,-1,-1
3,8,865.72,570.97,918.30,713.03,1,-1,-1,-1
4,7,785.30,558.85,856.65,723.10,1,-1,-1,-1
4,8,865.08,569.39,918.97,714.61,1,-1,-1,-1
4,3,663.57,540.07,746.26,732.92,1,-1,-1,-1
5,7,783.75,552.25,858.21,723.83,1,-1,-1,-1
5,8,864.85,568.61,919.33,715.39,1,-1,-1,-1
5,3,660.89,540.99,743.16,732.73,1,-1,-1,-1
6,7,785.04,557.03,856.91,722.67,1,-1,-1,-1
6,8,864.62,568.82,919.43,716.03,1,-1,-1,-1
6,3,659.63,541.23,741.83,732.73,1,-1,-1,-1
7,7,780.07,556.83,852.75,724.33,1,-1,-1,-1
7,8,865.01,570.21,919.02,714.80,1,-1,-1,-1
7,3,659.85,542.71,740.83,731.33,1,-1,-1,-1
8,7,785.20,562.95,852.66,718.74,1,-1,-1,-1
8,8,861.63,573.46,913.40,711.59,1,-1,-1,-1
8,3,660.04,544.59,739.74,730.17,1,-1,-1,-1
9,7,780.96,561.06,850.48,721.54,1,-1,-1,-1
9,8,865.15,576.04,915.66,710.42,1,-1,-1,-1
9,3,656.66,549.40,734.49,730.50,1,-1,-1,-1
10,7,778.62,559.06,849.98,723.85,1,-1,-1,-1
10,8,865.72,574.86,917.20,711.39,1,-1,-1,-1
10,3,654.59,551.75,731.48,730.66,1,-1,-1,-1
11,7,777.16,557.64,849.78,725.37,1,-1,-1,-1
11,8,865.87,574.42,917.80,711.75,1,-1,-1,-1
11,3,653.76,551.81,730.63,730.74,1,-1,-1,-1
12,7,776.40,556.45,849.99,726.60,1,-1,-1,-1
12,8,866.03,574.73,917.81,711.66,1,-1,-1,-1
12,3,652.87,551.09,730.35,731.47,1,-1,-1,-1
13,7,770.59,552.71,847.73,731.01,1,-1,-1,-1
13,3,649.69,553.46,725.81,730.40,1,-1,-1,-1
14,7,769.00,552.61,846.33,731.36,1,-1,-1,-1
14,8,875.00,587.05,921.03,708.50,1,-1,-1,-1
14,3,648.01,553.60,724.05,730.02,1,-1,-1,-1
15,7,768.17,552.61,845.45,731.45,1,-1,-1,-1
15,8,876.33,588.92,921.55,708.02,1,-1,-1,-1
15,3,647.36,554.27,722.90,729.22,1,-1,-1,-1
15,18,1119.35,503.84,1229.75,767.16,1,-1,-1,-1
16,7,768.39,553.95,844.66,730.79,1,-1,-1,-1
16,8,877.52,590.61,921.94,707.58,1,-1,-1,-1
16,3,647.94,556.49,721.79,727.59,1,-1,-1,-1
16,18,1121.33,505.02,1231.00,766.76,1,-1,-1,-1
16,16,-28.71,573.76,41.33,723.68,1,-1,-1,-1
17,7,768.76,555.82,843.52,729.84,1,-1,-1,-1
17,3,642.95,555.23,717.96,729.03,1,-1,-1,-1
17,18,1126.63,505.31,1236.12,766.70,1,-1,-1,-1
17,16,-31.50,571.78,40.39,725.90,1,-1,-1,-1
17,19,1023.94,576.21,1105.52,763.79,1,-1,-1,-1
18,7,768.52,555.87,842.89,729.45,1,-1,-1,-1
18,3,640.62,554.74,715.84,728.91,1,-1,-1,-1
18,18,1129.86,506.26,1238.66,766.01,1,-1,-1,-1
18,16,-34.50,569.40,39.44,727.92,1,-1,-1,-1
18,19,1027.60,578.20,1107.48,761.80,1,-1,-1,-1
19,7,768.08,554.58,843.08,729.95,1,-1,-1,-1
19,3,640.14,555.18,714.79,728.21,1,-1,-1,-1
19,19,1028.72,578.89,1107.69,760.37,1,-1,-1,-1
20,7,763.57,553.44,839.66,731.44,1,-1,-1,-1
20,3,636.95,555.98,710.89,727.29,1,-1,-1,-1
20,19,1029.47,579.81,1108.11,760.64,1,-1,-1,-1
20,1,1135.70,502.22,1246.30,769.78,1,-1,-1,-1
21,7,761.92,553.02,838.37,731.99,1,-1,-1,-1
21,3,635.74,557.58,708.26,725.63,1,-1,-1,-1
21,16,941.35,578.59,1025.05,758.85,1,-1,-1,-1
21,19,1029.87,580.37,1108.07,760.20,1,-1,-1,-1
21,1,1141.92,505.78,1249.85,766.98,1,-1,-1,-1
22,7,761.19,552.87,837.41,731.52,1,-1,-1,-1
22,3,635.32,558.81,706.74,724.35,1,-1,-1,-1
22,16,1045.21,579.55,1129.81,762.82,1,-1,-1,-1
22,1,1144.55,507.70,1250.94,765.31,1,-1,-1,-1
23,7,760.75,552.17,837.30,731.98,1,-1,-1,-1
23,3,635.11,558.57,706.39,723.91,1,-1,-1,-1
23,16,1080.83,579.90,1165.49,764.16,1,-1,-1,-1
23,1,1146.42,509.72,1251.48,764.08,1,-1,-1,-1
24,7,761.14,553.24,836.79,731.49,1,-1,-1,-1
24,3,631.72,560.44,701.70,722.43,1,-1,-1,-1
24,16,1205.97,580.07,1292.84,769.14,1,-1,-1,-1
24,19,1029.60,580.16,1108.48,761.75,1,-1,-1,-1
24,1,1150.84,510.34,1255.44,763.71,1,-1,-1,-1
25,7,761.93,555.64,835.39,729.29,1,-1,-1,-1
25,3,629.30,559.77,699.90,723.25,1,-1,-1,-1
25,19,1030.10,581.54,1107.99,761.21,1,-1,-1,-1
25,1,1153.32,512.58,1256.39,762.24,1,-1,-1,-1
26,7,762.29,557.23,834.21,727.78,1,-1,-1,-1
26,3,628.39,561.49,698.05,722.90,1,-1,-1,-1
26,19,1030.60,581.99,1108.17,761.03,1,-1,-1,-1
26,1,1154.11,516.77,1256.58,764.52,1,-1,-1,-1
27,7,758.28,555.81,831.32,729.22,1,-1,-1,-1
27,3,624.45,562.11,694.44,724.14,1,-1,-1,-1
27,16,1100.33,583.56,1182.30,763.11,1,-1,-1,-1
27,19,1030.86,582.44,1108.17,760.90,1,-1,-1,-1
27,1,1159.96,519.58,1261.14,764.01,1,-1,-1,-1
28,7,756.68,555.95,829.77,729.76,1,-1,-1,-1
28,3,622.75,564.96,692.82,727.27,1,-1,-1,-1
28,16,1074.41,585.41,1154.19,761.09,1,-1,-1,-1
28,1,1161.32,519.84,1262.70,764.53,1,-1,-1,-1
29,7,755.91,555.34,829.43,730.62,1,-1,-1,-1
29,3,622.82,566.67,692.33,727.78,1,-1,-1,-1
29,16,1069.94,594.05,1143.75,757.83,1,-1,-1,-1
29,1,1166.06,515.12,1268.27,762.71,1,-1,-1,-1
30,7,756.68,557.08,828.98,729.62,1,-1,-1,-1
30,3,622.27,567.93,691.56,728.64,1,-1,-1,-1
30,16,1130.59,595.59,1204.53,759.66,1,-1,-1,-1
30,19,1035.43,597.39,1103.66,755.58,1,-1,-1,-1
30,1,1168.78,519.35,1269.17,762.72,1,-1,-1,-1
31,7,756.91,558.41,828.32,728.57,1,-1,-1,-1
31,3,622.13,569.02,691.33,729.62,1,-1,-1,-1
31,16,1066.67,598.62,1137.38,756.33,1,-1,-1,-1
31,19,1036.06,599.25,1103.22,754.94,1,-1,-1,-1
31,1,1169.72,520.22,1269.99,763.43,1,-1,-1,-1
32,7,756.83,559.57,827.64,728.17,1,-1,-1,-1
32,3,621.61,570.05,690.52,729.97,1,-1,-1,-1
32,16,1058.30,599.41,1128.36,756.47,1,-1,-1,-1
32,1,1172.47,521.49,1272.09,763.11,1,-1,-1,-1
33,7,758.50,565.98,826.43,727.36,1,-1,-1,-1
33,3,616.47,567.07,687.97,732.75,1,-1,-1,-1
33,16,1055.06,599.65,1124.70,756.50,1,-1,-1,-1
34,7,758.62,568.37,825.90,727.73,1,-1,-1,-1
34,3,614.53,566.60,686.48,733.12,1,-1,-1,-1
34,16,1088.31,601.08,1157.74,757.44,1,-1,-1,-1
34,19,1036.58,599.51,1103.41,754.83,1,-1,-1,-1
35,7,759.78,572.56,824.63,725.86,1,-1,-1,-1
35,3,613.63,567.04,684.89,731.92,1,-1,-1,-1
35,19,1036.17,599.56,1103.20,755.50,1,-1,-1,-1
36,7,759.61,574.16,823.64,725.54,1,-1,-1,-1
36,3,608.67,563.88,682.43,734.09,1,-1,-1,-1
36,19,1036.44,599.56,1103.39,755.73,1,-1,-1,-1
37,7,752.72,569.57,819.73,727.43,1,-1,-1,-1
37,3,607.22,564.00,680.55,732.92,1,-1,-1,-1
37,19,1036.65,600.19,1102.68,754.49,1,-1,-1,-1
38,7,747.18,568.12,815.47,728.47,1,-1,-1,-1
38,3,607.06,562.72,678.94,727.83,1,-1,-1,-1
38,16,1051.50,601.46,1118.27,752.74,1,-1,-1,-1
38,19,1036.97,601.16,1102.43,754.13,1,-1,-1,-1
39,7,744.58,567.58,813.26,728.84,1,-1,-1,-1
39,3,607.33,563.56,677.50,724.55,1,-1,-1,-1
39,16,1046.47,602.11,1112.45,752.26,1,-1,-1,-1
40,7,742.99,567.36,811.83,728.98,1,-1,-1,-1
40,3,601.90,561.20,673.94,726.01,1,-1,-1,-1
40,16,1044.71,602.33,1110.19,752.10,1,-1,-1,-1
41,7,737.22,561.97,808.67,729.69,1,-1,-1,-1
41,3,599.62,560.34,672.37,726.56,1,-1,-1,-1
41,16,1043.93,603.04,1108.58,751.38,1,-1,-1,-1
42,7,736.08,562.56,805.90,726.69,1,-1,-1,-1
42,3,593.29,557.39,668.81,729.41,1,-1,-1,-1
42,16,1042.65,602.61,1107.27,751.10,1,-1,-1,-1
43,7,730.30,558.82,802.42,728.17,1,-1,-1,-1
43,3,590.38,558.24,667.46,733.75,1,-1,-1,-1
43,16,1041.57,601.76,1106.63,751.67,1,-1,-1,-1
44,7,733.84,563.32,802.06,723.50,1,-1,-1,-1
44,3,583.50,555.98,663.75,738.67,1,-1,-1,-1
44,16,1040.77,601.41,1106.15,752.55,1,-1,-1,-1
45,7,731.32,563.77,799.40,723.68,1,-1,-1,-1
45,3,580.65,555.13,662.03,740.53,1,-1,-1,-1
45,16,1039.94,601.27,1105.24,752.88,1,-1,-1,-1
46,7,729.79,563.94,797.82,723.76,1,-1,-1,-1
46,3,575.44,554.82,657.88,742.52,1,-1,-1,-1
46,16,1039.70,601.20,1104.93,753.00,1,-1,-1,-1
47,7,730.81,569.96,795.79,722.47,1,-1,-1,-1
47,3,567.93,552.78,652.85,745.85,1,-1,-1,-1
47,16,1039.05,600.50,1104.91,754.36,1,-1,-1,-1
48,7,730.02,568.87,795.05,721.33,1,-1,-1,-1
48,3,564.93,552.66,649.93,745.79,1,-1,-1,-1
48,16,1038.20,600.23,1104.49,755.53,1,-1,-1,-1
49,7,726.50,571.80,790.78,722.27,1,-1,-1,-1
49,3,558.78,550.69,645.55,747.67,1,-1,-1,-1
49,16,1033.84,600.12,1100.79,757.27,1,-1,-1,-1
50,7,724.00,570.86,789.83,724.65,1,-1,-1,-1
50,3,551.15,548.01,640.27,750.29,1,-1,-1,-1
50,16,1032.08,600.07,1099.19,757.92,1,-1,-1,-1
51,7,723.31,571.15,789.36,725.53,1,-1,-1,-1
51,3,547.71,546.36,638.30,751.91,1,-1,-1,-1
51,16,1031.32,600.05,1098.42,758.15,1,-1,-1,-1
52,7,723.25,571.90,789.13,725.86,1,-1,-1,-1
52,3,545.88,545.76,637.00,752.48,1,-1,-1,-1
52,16,1031.24,600.04,1098.37,758.22,1,-1,-1,-1
53,7,723.17,572.16,789.25,726.65,1,-1,-1,-1
53,3,540.64,543.61,634.13,755.25,1,-1,-1,-1
53,16,1033.33,600.10,1100.62,758.66,1,-1,-1,-1
54,7,722.34,570.92,789.54,728.27,1,-1,-1,-1
54,3,538.15,542.82,632.43,756.27,1,-1,-1,-1
55,7,721.88,570.43,789.89,729.52,1,-1,-1,-1
55,3,537.43,543.86,631.14,755.96,1,-1,-1,-1
56,7,722.54,572.86,789.27,728.67,1,-1,-1,-1
56,3,533.37,544.30,626.82,755.78,1,-1,-1,-1
57,7,723.45,574.45,789.15,727.66,1,-1,-1,-1
57,3,533.25,547.78,623.98,753.04,1,-1,-1,-1
58,7,723.56,574.35,789.41,727.94,1,-1,-1,-1
58,3,528.25,547.82,618.85,752.60,1,-1,-1,-1
59,7,723.62,574.30,789.54,728.04,1,-1,-1,-1
59,3,525.73,545.86,617.14,752.41,1,-1,-1,-1
60,7,724.25,575.58,789.03,726.74,1,-1,-1,-1
60,3,520.03,544.48,612.26,752.98,1,-1,-1,-1
61,7,723.82,574.05,789.57,727.58,1,-1,-1,-1
61,3,516.62,542.00,610.56,754.49,1,-1,-1,-1
62,7,724.54,574.12,789.58,725.91,1,-1,-1,-1
62,3,513.47,541.73,604.81,748.51,1,-1,-1,-1
62,1,1240.28,531.06,1339.74,767.97,1,-1,-1,-1
63,7,725.33,574.14,789.78,724.61,1,-1,-1,-1
63,3,511.98,543.66,603.18,750.14,1,-1,-1,-1
63,16,1028.73,597.11,1098.72,762.03,1,-1,-1,-1
63,1,1241.03,532.41,1340.54,767.41,1,-1,-1,-1
64,7,724.77,572.14,790.07,724.79,1,-1,-1,-1
64,3,511.47,545.72,601.43,749.43,1,-1,-1,-1
64,16,1027.80,596.29,1098.27,762.13,1,-1,-1,-1
64,1,1241.43,532.92,1341.18,766.52,1,-1,-1,-1
65,7,723.24,569.41,790.20,726.18,1,-1,-1,-1
65,3,507.19,545.86,597.15,749.82,1,-1,-1,-1
65,16,1027.26,595.36,1098.36,762.82,1,-1,-1,-1
65,1,1246.64,535.76,1344.18,762.85,1,-1,-1,-1
66,7,722.81,566.42,790.11,724.10,1,-1,-1,-1
66,3,505.06,543.26,594.97,747.32,1,-1,-1,-1
66,16,1027.13,595.67,1097.64,761.76,1,-1,-1,-1
66,1,1248.29,536.14,1345.42,761.46,1,-1,-1,-1
67,7,722.52,565.29,789.58,722.64,1,-1,-1,-1
67,3,500.72,541.63,590.65,745.71,1,-1,-1,-1
67,16,1026.96,595.14,1097.46,761.33,1,-1,-1,-1
67,1,1249.48,537.60,1345.81,760.30,1,-1,-1,-1
68,7,723.06,565.54,789.41,721.43,1,-1,-1,-1
68,3,498.16,539.71,588.85,745.77,1,-1,-1,-1
68,16,1026.95,594.29,1097.98,761.83,1,-1,-1,-1
68,1,1249.49,538.11,1345.54,759.89,1,-1,-1,-1
69,7,722.93,564.99,789.04,720.33,1,-1,-1,-1
69,3,497.08,539.01,587.85,745.15,1,-1,-1,-1
69,16,1026.60,593.33,1098.50,762.66,1,-1,-1,-1
69,1,1249.61,538.94,1345.17,759.10,1,-1,-1,-1
70,7,722.49,564.15,788.66,719.93,1,-1,-1,-1
70,3,491.77,536.13,584.69,746.91,1,-1,-1,-1
70,16,1027.06,593.63,1098.76,762.32,1,-1,-1,-1
70,1,1250.16,539.89,1345.06,758.16,1,-1,-1,-1
71,7,723.11,564.51,788.41,718.48,1,-1,-1,-1
71,3,490.26,536.38,582.53,745.62,1,-1,-1,-1
71,16,1027.21,593.76,1098.86,762.18,1,-1,-1,-1
71,1,1250.38,540.21,1344.90,757.16,1,-1,-1,-1
72,7,723.04,564.01,788.64,718.62,1,-1,-1,-1
72,3,488.76,531.23,582.90,744.46,1,-1,-1,-1
72,16,1027.41,593.16,1099.40,762.11,1,-1,-1,-1
72,1,1250.98,540.97,1344.87,756.15,1,-1,-1,-1
73,7,722.85,563.84,788.24,718.03,1,-1,-1,-1
73,3,489.55,531.95,581.84,740.77,1,-1,-1,-1
73,16,1027.46,592.95,1099.63,762.09,1,-1,-1,-1
73,1,1250.66,536.55,1345.99,755.14,1,-1,-1,-1
74,7,722.96,563.13,788.59,717.83,1,-1,-1,-1
74,3,489.90,532.95,580.32,737.37,1,-1,-1,-1
74,16,1027.56,592.88,1099.61,761.41,1,-1,-1,-1
74,1,1250.84,536.22,1345.38,752.80,1,-1,-1,-1
75,7,722.47,558.92,789.93,717.77,1,-1,-1,-1
75,3,485.77,532.04,576.21,736.12,1,-1,-1,-1
75,16,1027.12,578.99,1108.00,767.76,1,-1,-1,-1
75,1,1251.20,536.76,1344.77,750.62,1,-1,-1,-1
76,7,722.28,558.03,789.93,717.32,1,-1,-1,-1
76,3,484.95,533.72,573.45,733.05,1,-1,-1,-1
76,16,834.81,563.83,908.68,735.98,1,-1,-1,-1
76,1,1252.19,536.86,1345.23,749.52,1,-1,-1,-1
77,3,483.22,528.37,574.06,733.27,1,-1,-1,-1
77,16,753.42,557.56,823.56,721.07,1,-1,-1,-1
77,19,1028.29,574.05,1110.71,765.98,1,-1,-1,-1
77,1,1258.41,541.71,1346.85,743.38,1,-1,-1,-1
78,3,477.75,525.12,570.67,734.69,1,-1,-1,-1
78,16,930.83,567.54,1008.98,749.50,1,-1,-1,-1
78,19,1028.01,573.15,1110.98,766.37,1,-1,-1,-1
78,1,1260.34,542.80,1347.48,741.22,1,-1,-1,-1
79,7,724.12,556.81,789.60,710.71,1,-1,-1,-1
79,3,475.09,523.26,568.80,734.62,1,-1,-1,-1
79,16,991.48,565.88,1074.07,758.08,1,-1,-1,-1
79,1,1261.97,543.48,1348.06,739.51,1,-1,-1,-1
80,7,724.02,556.71,789.20,709.93,1,-1,-1,-1
80,3,469.23,521.95,563.92,735.28,1,-1,-1,-1
80,16,1015.63,564.65,1099.89,760.89,1,-1,-1,-1
81,7,724.05,556.02,789.12,709.01,1,-1,-1,-1
81,3,463.26,521.50,558.12,734.90,1,-1,-1,-1
81,16,829.42,555.21,903.31,727.16,1,-1,-1,-1
82,3,460.62,521.38,555.16,734.12,1,-1,-1,-1
82,16,752.29,551.54,821.87,713.33,1,-1,-1,-1
82,19,1026.35,562.88,1113.52,765.34,1,-1,-1,-1
83,3,460.47,522.71,553.42,731.86,1,-1,-1,-1
83,16,725.58,548.29,794.79,709.26,1,-1,-1,-1
83,19,1025.02,559.82,1114.95,767.87,1,-1,-1,-1
84,3,456.18,523.92,548.61,731.70,1,-1,-1,-1
84,16,716.60,547.20,785.68,707.91,1,-1,-1,-1
84,19,1023.72,556.81,1116.29,770.68,1,-1,-1,-1
85,3,454.97,525.74,545.97,730.34,1,-1,-1,-1
85,16,713.92,546.23,783.19,707.55,1,-1,-1,-1
85,19,1023.25,555.14,1116.81,771.30,1,-1,-1,-1
86,3,448.94,523.78,542.14,733.19,1,-1,-1,-1
86,16,713.76,546.64,782.84,707.54,1,-1,-1,-1
87,3,447.34,525.04,539.60,732.28,1,-1,-1,-1
87,16,714.62,547.55,783.14,706.99,1,-1,-1,-1
88,3,444.37,524.67,536.62,731.87,1,-1,-1,-1
88,16,715.64,548.64,783.76,706.89,1,-1,-1,-1
89,16,716.87,549.11,784.81,706.94,1,-1,-1,-1
90,16,718.11,550.66,785.26,706.37,1,-1,-1,-1
91,3,424.58,517.75,523.37,738.93,1,-1,-1,-1
91,16,719.17,553.96,785.66,708.24,1,-1,-1,-1
92,3,422.32,516.94,521.88,739.10,1,-1,-1,-1
92,16,719.89,555.22,786.13,709.00,1,-1,-1,-1
93,3,421.46,517.32,520.84,738.50,1,-1,-1,-1
93,16,721.10,555.70,787.24,709.32,1,-1,-1,-1
94,3,417.96,516.54,517.81,738.76,1,-1,-1,-1
94,16,721.92,556.54,787.78,709.48,1,-1,-1,-1
95,16,726.82,558.19,791.13,708.25,1,-1,-1,-1
96,3,413.55,513.32,516.12,741.56,1,-1,-1,-1
96,16,729.23,558.81,792.92,707.82,1,-1,-1,-1
97,3,413.56,514.82,515.09,740.66,1,-1,-1,-1
97,16,730.34,559.03,794.30,709.02,1,-1,-1,-1
98,3,414.21,516.68,514.17,739.02,1,-1,-1,-1
98,16,730.93,558.44,795.51,710.16,1,-1,-1,-1
99,3,415.13,519.40,512.68,736.40,1,-1,-1,-1
99,16,731.01,558.21,795.62,709.94,1,-1,-1,-1
100,3,411.47,520.43,508.34,736.08,1,-1,-1,-1
100,16,736.62,561.42,798.86,707.88,1,-1,-1,-1
101,3,409.82,520.82,506.51,735.97,1,-1,-1,-1
101,16,738.92,561.96,800.80,707.79,1,-1,-1,-1
102,3,409.00,520.96,505.54,735.93,1,-1,-1,-1
102,16,739.98,561.48,802.02,707.78,1,-1,-1,-1
103,3,404.06,520.35,501.38,737.25,1,-1,-1,-1
103,16,744.35,561.95,805.86,707.12,1,-1,-1,-1
104,3,402.81,520.12,500.02,737.09,1,-1,-1,-1
104,16,746.19,561.44,807.83,706.89,1,-1,-1,-1
105,3,402.31,520.69,499.07,737.03,1,-1,-1,-1
105,16,746.86,561.24,808.57,706.82,1,-1,-1,-1
106,3,402.36,521.57,497.99,735.68,1,-1,-1,-1
106,16,747.10,561.16,808.85,706.81,1,-1,-1,-1
107,3,402.97,522.57,497.16,733.85,1,-1,-1,-1
107,16,747.55,561.12,809.24,706.82,1,-1,-1,-1
108,3,397.89,519.60,494.33,735.83,1,-1,-1,-1
108,16,748.02,561.09,809.74,706.84,1,-1,-1,-1
109,3,396.50,519.82,492.24,734.60,1,-1,-1,-1
109,16,748.17,561.08,809.93,706.86,1,-1,-1,-1
110,3,396.66,521.23,490.92,732.81,1,-1,-1,-1
110,16,752.76,559.74,813.39,702.90,1,-1,-1,-1
111,3,396.95,522.43,490.36,732.14,1,-1,-1,-1
111,16,754.60,559.24,814.56,700.75,1,-1,-1,-1
112,3,396.74,522.88,489.94,731.91,1,-1,-1,-1
112,16,754.63,558.38,814.94,700.65,1,-1,-1,-1
113,3,391.35,520.38,486.58,733.83,1,-1,-1,-1
113,16,754.59,558.07,815.07,700.63,1,-1,-1,-1
114,3,389.68,520.76,484.43,733.24,1,-1,-1,-1
114,16,754.54,557.96,815.11,700.66,1,-1,-1,-1
115,3,389.11,521.57,483.04,732.36,1,-1,-1,-1
115,16,755.11,558.59,815.15,700.03,1,-1,-1,-1
116,3,383.22,513.92,481.03,733.36,1,-1,-1,-1
116,16,754.88,558.16,814.90,699.81,1,-1,-1,-1
117,3,380.43,511.09,479.68,733.73,1,-1,-1,-1
117,16,754.47,556.69,815.09,699.75,1,-1,-1,-1
118,3,374.17,508.06,476.00,736.50,1,-1,-1,-1
118,16,753.90,555.48,814.89,699.75,1,-1,-1,-1
119,3,372.29,508.24,473.57,735.60,1,-1,-1,-1
119,16,750.81,555.03,811.73,699.11,1,-1,-1,-1
120,3,371.63,509.68,471.44,733.93,1,-1,-1,-1
120,16,752.38,550.91,814.38,696.90,1,-1,-1,-1
121,3,368.11,510.27,467.48,733.29,1,-1,-1,-1
121,16,752.90,548.73,815.44,695.43,1,-1,-1,-1
122,3,366.78,511.84,464.84,731.74,1,-1,-1,-1
122,16,753.03,547.92,815.91,694.90,1,-1,-1,-1
123,3,366.67,514.46,462.31,728.50,1,-1,-1,-1
123,16,753.59,548.31,815.55,692.74,1,-1,-1,-1
124,3,363.45,516.12,457.40,725.96,1,-1,-1,-1
124,16,754.08,549.17,815.11,691.29,1,-1,-1,-1
125,3,362.60,517.41,454.74,723.04,1,-1,-1,-1
125,16,754.37,549.52,814.83,690.12,1,-1,-1,-1
126,3,362.69,519.23,452.88,720.65,1,-1,-1,-1
126,16,755.07,550.34,814.78,689.05,1,-1,-1,-1
127,3,358.40,518.54,448.65,720.48,1,-1,-1,-1
127,16,754.92,550.66,814.49,688.69,1,-1,-1,-1
128,3,357.01,519.61,445.73,718.46,1,-1,-1,-1
128,16,755.03,550.80,814.20,687.93,1,-1,-1,-1
129,3,356.94,521.34,443.73,716.41,1,-1,-1,-1
129,16,755.31,551.52,813.85,687.02,1,-1,-1,-1
130,3,353.06,521.29,439.65,716.38,1,-1,-1,-1
130,16,755.35,552.47,813.10,686.04,1,-1,-1,-1
131,3,352.05,523.26,436.57,714.41,1,-1,-1,-1
131,16,751.87,552.83,809.62,686.39,1,-1,-1,-1
132,3,350.03,518.60,436.61,714.39,1,-1,-1,-1
132,16,750.20,552.96,808.06,686.54,1,-1,-1,-1
133,3,349.18,516.88,436.19,713.76,1,-1,-1,-1
133,16,749.18,551.68,807.90,687.29,1,-1,-1,-1
134,3,349.93,517.56,435.80,712.24,1,-1,-1,-1
134,16,748.82,551.20,807.85,687.60,1,-1,-1,-1
135,3,346.63,517.82,432.09,711.71,1,-1,-1,-1
135,16,748.71,551.02,807.84,687.73,1,-1,-1,-1
136,3,345.69,519.25,429.89,710.23,1,-1,-1,-1
136,16,746.81,545.01,809.08,688.45,1,-1,-1,-1
137,3,345.12,519.79,428.79,709.71,1,-1,-1,-1
137,16,747.02,547.97,807.99,688.73,1,-1,-1,-1
138,3,345.28,520.65,428.82,710.23,1,-1,-1,-1
138,16,746.82,548.52,807.89,689.51,1,-1,-1,-1
139,3,345.10,520.97,428.53,710.46,1,-1,-1,-1
139,16,746.77,548.73,807.86,689.81,1,-1,-1,-1
140,3,346.64,526.39,426.94,709.25,1,-1,-1,-1
140,16,743.43,549.48,803.95,689.27,1,-1,-1,-1
141,3,345.75,523.71,427.28,709.50,1,-1,-1,-1
141,16,741.91,549.78,802.09,689.06,1,-1,-1,-1
142,3,345.87,522.72,427.68,708.95,1,-1,-1,-1
142,16,741.01,549.89,801.11,688.99,1,-1,-1,-1
143,3,345.77,522.33,427.41,708.10,1,-1,-1,-1
143,16,740.59,549.28,800.89,688.96,1,-1,-1,-1
144,3,345.38,522.18,427.08,707.81,1,-1,-1,-1
144,16,738.55,544.43,801.43,689.62,1,-1,-1,-1
145,3,341.79,521.45,423.83,707.73,1,-1,-1,-1
145,16,735.05,545.88,797.90,691.17,1,-1,-1,-1
146,3,340.45,521.17,422.67,707.72,1,-1,-1,-1
146,16,731.96,541.87,797.01,691.77,1,-1,-1,-1
147,3,339.68,521.06,421.92,707.73,1,-1,-1,-1
147,16,730.37,539.73,796.51,691.99,1,-1,-1,-1
148,3,339.69,521.02,421.43,706.44,1,-1,-1,-1
148,16,729.18,538.27,796.33,692.72,1,-1,-1,-1
149,3,339.32,521.01,421.05,706.63,1,-1,-1,-1
149,16,728.14,537.10,796.27,693.64,1,-1,-1,-1
150,3,339.48,521.00,420.67,705.40,1,-1,-1,-1
150,16,728.14,536.68,796.57,693.99,1,-1,-1,-1
151,3,339.33,520.34,420.82,705.61,1,-1,-1,-1
151,16,726.94,535.73,795.93,694.32,1,-1,-1,-1
151,1,723.32,536.00,793.69,695.00,1,-1,-1,-1
152,3,339.03,520.09,420.51,705.71,1,-1,-1,-1
152,1,719.04,535.37,789.65,694.78,1,-1,-1,-1
153,3,339.12,520.00,420.25,705.11,1,-1,-1,-1
153,1,717.75,534.42,788.69,694.75,1,-1,-1,-1
154,3,339.45,521.29,419.91,704.89,1,-1,-1,-1
154,1,718.52,535.33,789.20,694.76,1,-1,-1,-1
155,3,339.95,521.78,419.46,703.50,1,-1,-1,-1
155,1,722.63,536.35,792.08,693.48,1,-1,-1,-1
156,3,340.31,522.63,419.15,703.00,1,-1,-1,-1
156,1,724.24,536.75,793.00,693.01,1,-1,-1,-1
157,3,340.32,522.94,418.54,702.16,1,-1,-1,-1
157,1,725.51,536.90,793.75,692.84,1,-1,-1,-1
158,3,336.32,522.38,415.04,702.54,1,-1,-1,-1
158,1,722.35,535.64,791.47,693.46,1,-1,-1,-1
159,3,334.81,522.17,413.78,702.70,1,-1,-1,-1
159,1,721.45,535.17,791.28,694.36,1,-1,-1,-1
160,3,334.25,522.08,413.37,702.77,1,-1,-1,-1
160,1,721.24,534.99,791.40,694.71,1,-1,-1,-1
161,3,334.01,522.71,412.64,702.15,1,-1,-1,-1
161,1,721.30,534.94,791.63,694.85,1,-1,-1,-1
162,3,333.77,522.94,411.92,701.27,1,-1,-1,-1
162,1,721.04,534.26,791.61,694.91,1,-1,-1,-1
163,3,333.21,522.36,411.52,700.95,1,-1,-1,-1
163,1,720.86,533.36,791.92,694.94,1,-1,-1,-1
164,3,332.88,522.14,411.54,701.51,1,-1,-1,-1
164,1,721.26,533.02,792.45,694.95,1,-1,-1,-1
165,3,326.86,514.12,410.89,705.70,1,-1,-1,-1
165,1,724.13,532.25,795.39,694.96,1,-1,-1,-1
166,3,324.48,511.16,410.17,706.61,1,-1,-1,-1
166,1,726.00,532.62,796.55,694.31,1,-1,-1,-1
167,3,324.10,510.02,410.07,706.31,1,-1,-1,-1
167,1,726.84,532.78,797.00,694.06,1,-1,-1,-1
168,3,324.11,510.28,409.29,704.88,1,-1,-1,-1
168,1,727.90,533.51,797.19,693.31,1,-1,-1,-1
169,3,324.65,511.08,408.54,703.00,1,-1,-1,-1
169,1,728.56,533.13,797.76,693.04,1,-1,-1,-1
170,3,324.52,510.76,408.00,702.29,1,-1,-1,-1
170,1,729.04,532.99,798.48,693.60,1,-1,-1,-1
171,3,324.34,510.01,407.98,702.03,1,-1,-1,-1
171,1,729.43,532.29,799.26,693.82,1,-1,-1,-1
172,3,324.45,509.75,407.85,701.28,1,-1,-1,-1
172,1,732.87,531.37,802.90,693.91,1,-1,-1,-1
173,3,324.65,509.69,407.70,700.34,1,-1,-1,-1
173,1,734.54,531.03,804.61,693.95,1,-1,-1,-1
174,3,325.33,511.01,407.08,698.68,1,-1,-1,-1
174,1,735.03,527.61,806.07,692.64,1,-1,-1,-1
175,3,325.62,511.53,406.86,698.06,1,-1,-1,-1
175,1,735.19,526.34,806.62,692.16,1,-1,-1,-1
176,3,323.85,505.10,408.70,699.85,1,-1,-1,-1
176,1,1136.14,512.07,1218.98,703.81,1,-1,-1,-1
177,3,323.19,502.74,409.39,700.51,1,-1,-1,-1
177,16,734.83,525.91,806.75,691.07,1,-1,-1,-1
177,1,1282.28,506.86,1369.43,708.05,1,-1,-1,-1
178,3,322.95,501.86,409.68,700.78,1,-1,-1,-1
178,16,735.11,525.88,807.02,690.98,1,-1,-1,-1
178,1,1341.10,504.79,1430.10,709.77,1,-1,-1,-1
179,3,322.87,501.57,409.80,700.89,1,-1,-1,-1
179,16,735.19,525.86,807.13,690.94,1,-1,-1,-1
179,1,1362.50,504.06,1452.29,710.41,1,-1,-1,-1
180,3,322.76,501.50,409.95,700.94,1,-1,-1,-1
180,16,735.74,525.20,807.29,689.59,1,-1,-1,-1
180,1,1372.18,500.00,1465.42,713.83,1,-1,-1,-1
181,3,322.56,500.85,410.18,700.96,1,-1,-1,-1
181,16,736.05,525.63,807.21,689.09,1,-1,-1,-1
181,1,1379.20,499.77,1472.45,713.20,1,-1,-1,-1
182,3,322.46,500.64,410.31,700.97,1,-1,-1,-1
182,16,736.79,526.48,807.20,688.25,1,-1,-1,-1
182,1,1379.57,498.49,1474.15,714.82,1,-1,-1,-1
183,3,322.24,500.60,409.90,700.31,1,-1,-1,-1
183,16,736.53,526.13,807.02,687.95,1,-1,-1,-1
183,1,1378.26,497.42,1473.58,715.41,1,-1,-1,-1
184,3,322.74,501.93,409.17,698.75,1,-1,-1,-1
184,16,737.40,527.35,806.63,686.51,1,-1,-1,-1
184,1,1376.04,495.78,1472.85,716.88,1,-1,-1,-1
185,3,322.90,502.46,408.28,696.84,1,-1,-1,-1
185,16,737.73,527.13,806.46,685.33,1,-1,-1,-1
185,1,1379.19,497.16,1474.62,714.82,1,-1,-1,-1
186,3,323.85,504.01,407.74,694.80,1,-1,-1,-1
186,16,738.21,527.72,806.01,684.24,1,-1,-1,-1
186,1,1379.56,498.45,1473.87,713.30,1,-1,-1,-1
187,3,325.63,507.28,406.13,690.05,1,-1,-1,-1
187,16,737.68,523.92,805.87,681.18,1,-1,-1,-1
187,1,1376.37,491.10,1474.00,714.01,1,-1,-1,-1
188,3,324.93,502.43,406.91,688.31,1,-1,-1,-1
188,16,736.59,520.52,806.03,680.74,1,-1,-1,-1
188,1,1374.87,487.10,1474.57,715.55,1,-1,-1,-1
189,3,324.70,500.02,406.50,685.72,1,-1,-1,-1
189,16,735.97,517.28,806.95,681.27,1,-1,-1,-1
189,1,1372.84,483.67,1474.52,717.42,1,-1,-1,-1
190,3,325.11,497.14,405.86,680.80,1,-1,-1,-1
190,16,736.00,513.46,807.03,677.56,1,-1,-1,-1
190,1,1376.21,484.36,1475.98,714.23,1,-1,-1,-1
191,3,325.43,495.41,405.47,677.68,1,-1,-1,-1
191,16,735.15,510.06,807.26,676.83,1,-1,-1,-1
191,1,1376.98,484.74,1475.92,712.94,1,-1,-1,-1
192,3,325.83,494.81,405.06,675.25,1,-1,-1,-1
192,16,735.46,508.83,807.36,675.28,1,-1,-1,-1
192,1,1377.56,486.27,1475.02,711.12,1,-1,-1,-1
193,3,326.10,494.62,404.79,673.76,1,-1,-1,-1
193,16,735.61,507.76,807.37,674.07,1,-1,-1,-1
193,1,1382.10,484.28,1478.32,707.11,1,-1,-1,-1
194,3,326.90,495.92,404.00,671.28,1,-1,-1,-1
194,16,735.68,507.41,807.35,673.65,1,-1,-1,-1
194,1,1388.44,485.57,1481.83,702.29,1,-1,-1,-1
195,3,325.22,489.07,405.69,672.45,1,-1,-1,-1
195,16,736.09,506.02,806.96,670.23,1,-1,-1,-1
195,1,1391.43,486.79,1482.70,699.15,1,-1,-1,-1
196,3,324.31,485.94,406.60,673.56,1,-1,-1,-1
196,16,736.81,506.87,806.24,667.66,1,-1,-1,-1
196,1,1392.26,487.30,1482.36,697.35,1,-1,-1,-1
197,3,324.31,485.45,406.61,673.40,1,-1,-1,-1
197,16,737.19,507.25,805.85,666.08,1,-1,-1,-1
197,1,1397.62,490.18,1484.37,692.72,1,-1,-1,-1
198,3,319.97,484.66,403.07,674.05,1,-1,-1,-1
198,16,737.94,508.10,805.77,664.88,1,-1,-1,-1
198,1,1399.10,490.63,1485.37,692.39,1,-1,-1,-1
199,3,318.91,485.07,401.81,673.68,1,-1,-1,-1
199,16,737.95,507.79,806.00,665.16,1,-1,-1,-1
199,1,1399.04,490.13,1485.76,692.99,1,-1,-1,-1
200,3,317.96,485.28,400.60,672.92,1,-1,-1,-1
200,16,738.08,508.36,805.96,665.31,1,-1,-1,-1
200,1,1398.89,489.96,1486.12,693.93,1,-1,-1,-1
201,3,318.04,486.73,399.74,672.00,1,-1,-1,-1
201,16,738.28,507.94,806.45,665.41,1,-1,-1,-1
201,1,1398.47,489.24,1486.75,695.65,1,-1,-1,-1
202,3,318.04,487.98,398.83,671.03,1,-1,-1,-1
202,16,737.58,507.14,806.73,666.81,1,-1,-1,-1
202,1,1402.76,490.30,1490.04,694.35,1,-1,-1,-1
203,3,1037.76,489.14,1124.71,686.66,1,-1,-1,-1
203,16,740.73,506.20,810.67,668.03,1,-1,-1,-1
203,1,1408.20,490.15,1495.26,693.65,1,-1,-1,-1
204,3,601.18,490.21,682.97,675.65,1,-1,-1,-1
204,16,741.63,505.20,812.45,669.17,1,-1,-1,-1
204,1,1404.68,489.22,1492.90,695.34,1,-1,-1,-1
205,3,417.09,492.02,495.95,670.42,1,-1,-1,-1
205,16,741.96,504.85,813.11,669.62,1,-1,-1,-1
205,1,1410.21,492.37,1495.94,692.27,1,-1,-1,-1
206,3,350.78,499.41,424.52,665.82,1,-1,-1,-1
206,16,742.05,506.71,813.35,672.43,1,-1,-1,-1
206,1,1411.89,493.51,1497.06,691.85,1,-1,-1,-1
207,3,326.57,502.83,398.17,664.17,1,-1,-1,-1
207,16,742.53,508.09,813.61,673.50,1,-1,-1,-1
207,1,1412.38,493.92,1498.00,693.05,1,-1,-1,-1
208,3,317.99,504.69,388.57,663.64,1,-1,-1,-1
208,16,743.10,508.63,813.94,673.90,1,-1,-1,-1
208,1,1416.22,494.18,1501.53,692.58,1,-1,-1,-1
209,3,314.08,503.96,385.13,664.17,1,-1,-1,-1
209,16,743.27,508.18,814.73,675.37,1,-1,-1,-1
209,1,1418.01,494.10,1503.89,693.59,1,-1,-1,-1
210,3,312.28,502.98,384.10,665.07,1,-1,-1,-1
210,16,747.97,509.99,817.59,673.28,1,-1,-1,-1
210,1,1424.09,495.46,1508.95,692.41,1,-1,-1,-1
211,3,307.18,499.92,381.34,667.44,1,-1,-1,-1
211,16,749.01,508.03,820.06,675.13,1,-1,-1,-1
211,1,1425.81,495.27,1511.03,692.67,1,-1,-1,-1
212,3,304.48,497.44,380.83,670.31,1,-1,-1,-1
212,16,749.14,505.99,821.85,677.11,1,-1,-1,-1
212,1,1425.95,493.86,1512.72,694.77,1,-1,-1,-1
213,3,303.71,496.49,380.80,671.42,1,-1,-1,-1
213,16,748.88,503.92,823.42,679.16,1,-1,-1,-1
213,1,1429.70,493.33,1517.32,696.22,1,-1,-1,-1
214,3,302.90,496.13,380.43,672.50,1,-1,-1,-1
214,16,753.46,504.44,827.73,679.28,1,-1,-1,-1
214,1,1430.34,490.49,1520.26,698.74,1,-1,-1,-1
215,3,299.21,495.34,377.49,673.56,1,-1,-1,-1
215,16,754.59,502.69,830.64,681.92,1,-1,-1,-1
215,1,1431.58,493.99,1520.83,700.34,1,-1,-1,-1
216,3,297.33,495.04,375.86,673.96,1,-1,-1,-1
216,16,761.22,507.25,833.91,679.00,1,-1,-1,-1
216,1,1437.71,499.97,1523.02,696.99,1,-1,-1,-1
217,3,296.52,494.94,375.00,674.09,1,-1,-1,-1
217,16,762.88,507.07,835.97,679.81,1,-1,-1,-1
217,1,1439.57,500.91,1524.70,697.03,1,-1,-1,-1
218,3,296.29,494.91,374.91,674.79,1,-1,-1,-1
218,16,762.81,505.03,837.98,682.73,1,-1,-1,-1
218,1,1439.39,499.23,1525.99,698.37,1,-1,-1,-1
219,3,296.01,494.90,374.68,675.05,1,-1,-1,-1
219,16,766.69,502.96,843.20,683.81,1,-1,-1,-1
219,1,1439.46,498.58,1526.81,698.86,1,-1,-1,-1
220,3,295.89,495.57,374.20,675.13,1,-1,-1,-1
220,16,768.14,502.83,845.14,684.85,1,-1,-1,-1
220,1,1444.33,500.96,1530.00,697.06,1,-1,-1,-1
221,3,293.01,495.48,371.49,675.44,1,-1,-1,-1
221,16,769.81,502.40,847.33,685.65,1,-1,-1,-1
221,1,1445.56,500.51,1531.60,697.03,1,-1,-1,-1
222,3,291.17,495.09,370.15,675.94,1,-1,-1,-1
222,16,774.76,504.31,849.32,680.70,1,-1,-1,-1
222,1,1445.96,499.00,1533.42,698.34,1,-1,-1,-1
223,3,290.65,494.99,369.38,675.42,1,-1,-1,-1
223,16,776.60,504.72,850.12,678.93,1,-1,-1,-1
223,1,1448.27,499.25,1535.70,698.51,1,-1,-1,-1
224,3,289.91,494.30,369.10,675.88,1,-1,-1,-1
224,16,778.02,505.53,850.88,678.32,1,-1,-1,-1
224,2,673.95,598.41,701.86,660.94,1,-1,-1,-1
225,3,289.68,494.70,368.44,675.39,1,-1,-1,-1
225,16,779.64,507.82,851.27,677.42,1,-1,-1,-1
225,2,678.01,599.52,705.57,660.79,1,-1,-1,-1
226,3,289.46,493.54,368.51,675.19,1,-1,-1,-1
226,16,784.10,508.69,854.75,675.76,1,-1,-1,-1
226,2,702.40,606.03,726.63,659.90,1,-1,-1,-1
227,3,286.18,494.42,364.63,674.46,1,-1,-1,-1
227,16,785.70,508.33,856.61,675.81,1,-1,-1,-1
228,3,284.82,494.77,362.75,673.51,1,-1,-1,-1
228,16,786.23,507.52,857.89,676.51,1,-1,-1,-1
228,1,1473.98,504.69,1557.22,694.37,1,-1,-1,-1
229,3,282.84,494.71,360.77,673.44,1,-1,-1,-1
229,16,788.17,507.63,859.71,676.34,1,-1,-1,-1
229,1,1475.96,504.38,1559.89,695.44,1,-1,-1,-1
229,2,289.39,496.42,368.58,672.83,1,-1,-1,-1
230,1,1479.33,504.89,1562.99,695.32,1,-1,-1,-1
230,34,791.95,506.97,864.11,676.21,1,-1,-1,-1
230,2,245.78,484.86,330.35,673.71,1,-1,-1,-1
231,34,793.09,507.79,864.85,675.82,1,-1,-1,-1
231,2,233.89,481.14,320.20,674.33,1,-1,-1,-1
232,34,797.81,508.76,868.83,675.03,1,-1,-1,-1
232,2,233.09,480.64,319.50,674.48,1,-1,-1,-1
233,3,284.28,494.96,361.96,673.02,1,-1,-1,-1
233,1,1486.19,492.70,1575.78,696.78,1,-1,-1,-1
233,34,799.82,509.09,870.51,674.78,1,-1,-1,-1
233,2,162.75,461.96,258.46,676.63,1,-1,-1,-1
234,3,284.65,494.98,362.10,672.29,1,-1,-1,-1
234,1,1492.97,493.96,1580.54,693.60,1,-1,-1,-1
234,34,801.48,511.22,870.69,673.36,1,-1,-1,-1
235,3,285.38,495.66,362.20,671.38,1,-1,-1,-1
235,1,1496.22,495.77,1581.96,691.12,1,-1,-1,-1
235,34,802.14,511.30,871.18,672.87,1,-1,-1,-1
236,3,284.44,491.92,362.85,671.05,1,-1,-1,-1
236,1,1497.96,496.46,1583.03,690.21,1,-1,-1,-1
236,34,801.90,509.96,871.69,673.40,1,-1,-1,-1
237,3,284.21,490.53,363.02,670.28,1,-1,-1,-1
237,1,1502.51,498.06,1585.92,687.90,1,-1,-1,-1
237,34,803.96,503.43,876.95,674.28,1,-1,-1,-1
238,3,284.63,490.68,363.30,669.99,1,-1,-1,-1
238,16,806.97,508.99,876.96,674.03,1,-1,-1,-1
238,1,1504.86,499.34,1587.43,687.05,1,-1,-1,-1
238,34,805.76,502.94,878.80,673.90,1,-1,-1,-1
239,3,284.71,489.43,364.20,670.56,1,-1,-1,-1
239,16,805.67,501.38,879.50,675.33,1,-1,-1,-1
239,1,1508.13,499.44,1590.31,686.30,1,-1,-1,-1
240,3,284.01,487.66,364.64,671.44,1,-1,-1,-1
240,16,805.76,499.61,879.93,674.44,1,-1,-1,-1
241,3,283.65,486.35,364.94,671.78,1,-1,-1,-1
241,16,806.34,499.61,880.04,673.44,1,-1,-1,-1
242,3,287.79,487.19,368.02,670.60,1,-1,-1,-1
242,16,806.51,499.64,879.99,673.06,1,-1,-1,-1
243,3,289.45,487.54,369.16,670.15,1,-1,-1,-1
243,16,806.07,498.36,880.37,673.59,1,-1,-1,-1
244,3,290.36,488.35,369.30,669.32,1,-1,-1,-1
244,16,805.73,497.24,880.59,673.80,1,-1,-1,-1
245,3,290.20,488.01,369.17,669.02,1,-1,-1,-1
245,16,805.72,496.84,881.12,674.54,1,-1,-1,-1
246,3,286.12,486.58,366.52,670.90,1,-1,-1,-1
246,16,805.22,495.40,881.75,675.49,1,-1,-1,-1
247,3,284.56,486.05,364.90,670.30,1,-1,-1,-1
247,16,1104.32,475.88,1205.56,713.84,1,-1,-1,-1
248,3,284.01,485.20,364.90,670.73,1,-1,-1,-1
248,16,945.17,489.04,1030.56,689.56,1,-1,-1,-1
249,3,282.30,482.93,364.46,671.55,1,-1,-1,-1
249,16,862.62,496.61,939.20,676.33,1,-1,-1,-1
250,3,277.21,480.12,361.55,673.83,1,-1,-1,-1
250,16,832.08,498.70,905.92,671.51,1,-1,-1,-1
250,43,1275.16,468.30,1388.81,730.49,1,-1,-1,-1
251,3,275.89,480.37,359.86,673.39,1,-1,-1,-1
251,16,821.77,500.79,893.57,668.47,1,-1,-1,-1
251,43,1275.15,465.94,1390.92,733.09,1,-1,-1,-1
252,3,275.02,481.17,358.32,672.55,1,-1,-1,-1
252,16,821.79,502.25,892.32,666.68,1,-1,-1,-1
252,43,1282.24,470.29,1393.91,728.06,1,-1,-1,-1
253,3,274.79,482.16,357.05,671.57,1,-1,-1,-1
253,16,821.71,502.11,892.43,666.72,1,-1,-1,-1
253,43,1285.99,473.25,1394.91,724.85,1,-1,-1,-1
254,3,274.41,482.56,356.27,671.19,1,-1,-1,-1
254,16,820.97,500.72,893.02,668.09,1,-1,-1,-1
254,43,1288.87,474.69,1396.54,723.38,1,-1,-1,-1
255,3,269.72,480.09,353.98,674.35,1,-1,-1,-1
255,16,820.80,499.54,894.33,669.94,1,-1,-1,-1
256,3,267.85,479.82,352.64,675.53,1,-1,-1,-1
256,16,826.12,502.39,897.89,668.67,1,-1,-1,-1
257,3,267.83,480.40,352.17,675.32,1,-1,-1,-1
257,16,828.87,504.17,899.73,668.18,1,-1,-1,-1
258,3,267.61,482.62,350.98,675.22,1,-1,-1,-1
258,16,834.82,508.17,902.67,665.33,1,-1,-1,-1
259,3,267.19,483.48,350.30,675.17,1,-1,-1,-1
259,16,836.87,508.29,904.43,664.95,1,-1,-1,-1
260,3,266.76,483.81,349.73,675.14,1,-1,-1,-1
260,16,837.68,508.98,904.86,664.83,1,-1,-1,-1
261,3,261.78,481.29,347.14,677.77,1,-1,-1,-1
261,16,838.56,509.22,905.61,664.80,1,-1,-1,-1
262,3,259.77,481.00,345.72,678.09,1,-1,-1,-1
262,16,843.62,510.61,909.01,662.80,1,-1,-1,-1
263,3,259.03,481.56,344.58,677.53,1,-1,-1,-1
263,16,846.14,511.10,910.82,662.07,1,-1,-1,-1
264,3,253.98,480.47,340.45,677.96,1,-1,-1,-1
264,16,852.81,515.28,913.63,657.81,1,-1,-1,-1
265,3,251.44,479.40,338.96,678.77,1,-1,-1,-1
265,16,854.80,514.75,915.62,657.61,1,-1,-1,-1
266,3,249.98,478.35,338.35,679.06,1,-1,-1,-1
266,16,854.89,513.20,916.82,658.91,1,-1,-1,-1
267,3,244.99,476.66,334.80,680.47,1,-1,-1,-1
267,16,860.42,514.59,920.91,657.42,1,-1,-1,-1
268,3,243.35,477.33,332.65,679.69,1,-1,-1,-1
268,16,866.65,514.42,926.84,656.89,1,-1,-1,-1
269,3,242.41,476.30,332.31,680.02,1,-1,-1,-1
269,16,869.16,515.00,929.28,657.39,1,-1,-1,-1
270,3,236.50,472.65,329.32,682.76,1,-1,-1,-1
270,16,869.00,511.86,931.73,660.27,1,-1,-1,-1
271,3,234.14,471.80,327.60,683.38,1,-1,-1,-1
271,16,867.38,507.43,934.06,664.61,1,-1,-1,-1
272,16,870.41,505.09,939.56,668.20,1,-1,-1,-1
273,3,234.87,475.87,325.74,681.60,1,-1,-1,-1
273,16,870.96,502.90,942.17,670.89,1,-1,-1,-1
274,3,235.01,477.93,324.81,681.29,1,-1,-1,-1
274,16,870.90,500.77,943.92,673.20,1,-1,-1,-1
275,3,233.36,477.87,323.30,681.56,1,-1,-1,-1
275,16,871.29,503.84,944.02,675.36,1,-1,-1,-1
276,16,870.98,504.43,944.32,677.46,1,-1,-1,-1
277,3,231.62,486.42,317.59,681.17,1,-1,-1,-1
277,16,870.81,504.67,944.35,678.23,1,-1,-1,-1
278,3,231.88,489.16,316.20,680.41,1,-1,-1,-1
278,16,876.44,509.34,946.36,674.56,1,-1,-1,-1
279,3,231.19,489.39,315.17,680.16,1,-1,-1,-1
279,16,879.81,512.51,947.09,671.74,1,-1,-1,-1
280,3,231.50,490.77,314.33,679.40,1,-1,-1,-1
280,16,881.75,515.01,947.18,670.00,1,-1,-1,-1
281,3,227.59,491.25,310.14,679.11,1,-1,-1,-1
281,16,887.52,517.93,950.74,668.01,1,-1,-1,-1
282,3,226.23,493.39,307.26,677.67,1,-1,-1,-1
282,16,889.44,516.94,953.44,669.30,1,-1,-1,-1
283,3,225.96,494.82,305.42,675.80,1,-1,-1,-1
283,16,894.59,519.22,956.49,667.11,1,-1,-1,-1
283,2,658.17,588.55,692.14,660.98,1,-1,-1,-1
284,3,221.15,493.96,300.85,675.79,1,-1,-1,-1
284,16,896.41,519.37,958.23,667.63,1,-1,-1,-1
284,2,690.11,598.01,719.99,660.00,1,-1,-1,-1
285,3,219.60,494.28,299.09,675.80,1,-1,-1,-1
285,16,895.90,516.73,959.88,670.49,1,-1,-1,-1
285,2,691.40,598.16,721.68,659.98,1,-1,-1,-1
286,3,219.70,495.70,297.90,674.49,1,-1,-1,-1
286,16,896.39,515.08,961.66,672.21,1,-1,-1,-1
286,2,691.44,598.16,722.02,659.98,1,-1,-1,-1
287,3,219.67,496.19,297.02,673.34,1,-1,-1,-1
287,16,896.64,515.09,962.12,672.86,1,-1,-1,-1
287,2,691.09,598.10,721.93,659.99,1,-1,-1,-1
288,3,218.35,497.02,295.09,672.80,1,-1,-1,-1
288,16,900.27,513.77,966.49,673.75,1,-1,-1,-1
288,34,1115.05,416.06,1264.46,767.89,1,-1,-1,-1
288,2,691.31,598.07,722.18,659.99,1,-1,-1,-1
289,16,1040.07,452.96,1156.01,732.41,1,-1,-1,-1
289,34,1122.30,414.02,1273.60,770.32,1,-1,-1,-1
289,2,691.48,598.05,722.79,660.71,1,-1,-1,-1
290,16,1056.64,446.52,1178.00,739.02,1,-1,-1,-1
290,1,902.66,521.99,968.16,675.99,1,-1,-1,-1
290,2,691.48,598.04,723.00,660.96,1,-1,-1,-1
291,1,902.61,523.53,966.52,675.28,1,-1,-1,-1
291,2,692.13,598.72,723.05,660.35,1,-1,-1,-1
292,3,211.01,490.83,293.63,680.17,1,-1,-1,-1
292,1,903.80,522.68,968.02,676.40,1,-1,-1,-1
292,2,692.33,598.97,723.06,660.12,1,-1,-1,-1
293,3,209.49,490.76,292.30,680.54,1,-1,-1,-1
293,1,907.85,520.30,973.65,678.19,1,-1,-1,-1
293,2,693.04,599.73,723.05,659.36,1,-1,-1,-1
294,1,909.01,517.39,976.94,680.86,1,-1,-1,-1
294,2,693.42,600.68,722.89,659.08,1,-1,-1,-1
295,3,202.72,487.57,288.24,683.57,1,-1,-1,-1
295,1,909.04,513.65,979.84,684.50,1,-1,-1,-1
295,2,693.51,601.01,722.84,658.98,1,-1,-1,-1
296,3,200.86,487.23,286.78,684.14,1,-1,-1,-1
296,1,908.79,506.36,982.28,683.89,1,-1,-1,-1
296,2,693.79,601.12,723.22,658.95,1,-1,-1,-1
297,3,196.03,486.97,281.80,683.38,1,-1,-1,-1
297,1,902.40,498.38,980.83,688.82,1,-1,-1,-1
297,2,694.07,601.15,723.15,658.27,1,-1,-1,-1
298,3,195.08,488.90,279.56,682.60,1,-1,-1,-1
298,1,901.69,498.54,978.73,686.87,1,-1,-1,-1
298,2,694.50,601.43,723.34,658.08,1,-1,-1,-1
299,3,191.63,492.24,273.34,679.66,1,-1,-1,-1
299,1,896.80,496.39,975.13,687.86,1,-1,-1,-1
299,2,694.36,601.94,722.94,657.98,1,-1,-1,-1
300,3,186.30,492.83,267.19,678.55,1,-1,-1,-1
300,2,694.73,602.26,723.05,657.80,1,-1,-1,-1
301,3,184.39,493.70,264.35,677.47,1,-1,-1,-1
302,3,182.81,492.02,263.71,678.41,1,-1,-1,-1
302,2,699.72,605.57,727.85,660.51,1,-1,-1,-1
303,3,181.84,490.73,263.35,678.76,1,-1,-1,-1
303,2,700.40,605.36,729.29,661.58,1,-1,-1,-1
304,3,177.29,489.57,259.67,679.56,1,-1,-1,-1
304,2,700.89,605.96,729.51,661.28,1,-1,-1,-1
305,3,175.33,489.80,257.36,679.21,1,-1,-1,-1
305,2,701.69,606.48,730.14,661.48,1,-1,-1,-1
306,3,170.73,491.21,251.95,678.41,1,-1,-1,-1
307,3,168.77,491.09,249.66,677.44,1,-1,-1,-1
308,3,162.72,485.74,245.70,676.42,1,-1,-1,-1
309,3,159.34,481.78,244.19,676.71,1,-1,-1,-1
310,3,154.26,479.64,240.42,677.48,1,-1,-1,-1
311,3,152.14,478.85,238.71,677.78,1,-1,-1,-1
312,3,150.57,477.93,237.73,678.55,1,-1,-1,-1
312,1,947.15,492.38,1030.26,694.17,1,-1,-1,-1
313,3,146.35,476.97,233.98,678.85,1,-1,-1,-1
313,1,954.24,491.90,1038.48,694.94,1,-1,-1,-1
314,3,144.58,476.64,232.25,678.97,1,-1,-1,-1
314,1,962.17,494.40,1044.50,691.85,1,-1,-1,-1
315,3,143.78,477.86,230.62,678.35,1,-1,-1,-1
315,1,965.62,495.36,1047.36,690.67,1,-1,-1,-1
316,3,139.68,477.71,226.77,678.77,1,-1,-1,-1
316,16,982.97,494.96,1064.32,688.17,1,-1,-1,-1
316,1,968.73,495.19,1050.55,690.68,1,-1,-1,-1
317,3,138.90,480.31,224.07,676.96,1,-1,-1,-1
317,16,973.58,498.95,1051.89,683.11,1,-1,-1,-1
318,3,138.25,481.99,221.65,674.94,1,-1,-1,-1
318,16,970.42,496.54,1051.35,685.42,1,-1,-1,-1
319,3,134.20,481.30,217.44,674.19,1,-1,-1,-1
319,16,976.47,496.39,1054.93,679.50,1,-1,-1,-1
320,3,132.61,481.71,214.80,672.60,1,-1,-1,-1
320,16,978.75,498.51,1057.43,681.40,1,-1,-1,-1
321,3,132.14,482.54,213.24,671.35,1,-1,-1,-1
321,16,979.11,497.71,1059.48,684.31,1,-1,-1,-1
322,3,127.69,481.52,209.81,672.91,1,-1,-1,-1
322,16,979.38,497.40,1060.78,686.05,1,-1,-1,-1
323,3,125.97,481.80,208.10,673.50,1,-1,-1,-1
323,16,983.84,497.26,1065.83,687.38,1,-1,-1,-1
324,3,124.68,481.91,206.98,674.40,1,-1,-1,-1
324,16,985.03,495.83,1068.78,689.91,1,-1,-1,-1
325,3,120.31,480.63,203.37,674.75,1,-1,-1,-1
325,16,989.24,493.96,1074.74,692.16,1,-1,-1,-1
326,3,118.81,480.81,201.37,673.57,1,-1,-1,-1
326,16,997.08,497.23,1079.92,689.67,1,-1,-1,-1
327,3,118.29,481.55,200.11,672.46,1,-1,-1,-1
327,16,999.18,495.14,1083.98,692.04,1,-1,-1,-1
328,3,118.59,483.82,198.67,670.73,1,-1,-1,-1
328,16,1003.57,493.71,1088.99,692.23,1,-1,-1,-1
328,2,709.56,577.17,759.43,676.95,1,-1,-1,-1
329,3,114.97,484.68,194.72,670.76,1,-1,-1,-1
329,16,1005.74,492.50,1092.18,693.59,1,-1,-1,-1
329,2,711.50,578.17,759.32,675.62,1,-1,-1,-1
330,3,112.78,484.32,192.92,671.45,1,-1,-1,-1
330,16,1011.81,494.03,1097.16,692.77,1,-1,-1,-1
330,2,713.76,579.49,759.65,674.21,1,-1,-1,-1
331,3,111.77,484.18,191.95,671.72,1,-1,-1,-1
331,16,1012.99,491.98,1099.97,694.42,1,-1,-1,-1
331,2,715.61,581.35,759.42,672.33,1,-1,-1,-1
332,3,106.90,482.13,188.95,673.82,1,-1,-1,-1
332,16,1016.58,489.25,1105.58,696.33,1,-1,-1,-1
332,2,719.46,584.07,760.68,670.29,1,-1,-1,-1
332,47,1409.37,532.46,1497.85,724.31,1,-1,-1,-1
333,3,104.34,481.36,187.39,675.27,1,-1,-1,-1
333,16,1017.32,486.26,1108.80,698.99,1,-1,-1,-1
333,2,722.76,588.43,760.58,667.51,1,-1,-1,-1
333,47,1410.48,532.16,1499.29,724.76,1,-1,-1,-1
334,3,102.83,481.07,186.86,677.13,1,-1,-1,-1
334,16,1022.50,486.44,1114.04,699.34,1,-1,-1,-1
334,2,724.62,590.79,760.50,665.78,1,-1,-1,-1
335,3,97.19,479.00,183.35,679.80,1,-1,-1,-1
335,16,1029.57,487.20,1119.93,697.47,1,-1,-1,-1
335,2,726.73,592.99,761.00,664.49,1,-1,-1,-1
336,3,94.70,478.22,181.85,681.45,1,-1,-1,-1
336,16,1033.19,488.84,1122.32,696.05,1,-1,-1,-1
336,2,728.24,594.47,761.69,664.03,1,-1,-1,-1
337,3,89.49,476.63,177.88,682.71,1,-1,-1,-1
337,16,1038.13,488.83,1127.32,696.15,1,-1,-1,-1
337,2,729.50,594.96,762.53,663.64,1,-1,-1,-1
338,3,87.26,476.68,175.46,682.52,1,-1,-1,-1
338,16,1039.91,488.17,1129.68,696.84,1,-1,-1,-1
338,2,731.69,595.09,764.73,663.85,1,-1,-1,-1
339,3,86.42,476.07,174.71,682.41,1,-1,-1,-1
339,16,1044.38,487.94,1134.42,697.74,1,-1,-1,-1
339,2,734.05,600.65,764.89,664.54,1,-1,-1,-1
340,3,80.29,471.92,171.90,686.29,1,-1,-1,-1
340,16,1046.55,487.86,1136.80,698.73,1,-1,-1,-1
340,2,735.47,603.30,764.94,664.10,1,-1,-1,-1
341,3,77.59,469.72,170.70,687.73,1,-1,-1,-1
341,16,1047.35,487.19,1138.11,699.74,1,-1,-1,-1
341,2,736.42,604.87,765.10,663.96,1,-1,-1,-1
342,3,70.42,465.01,167.46,692.15,1,-1,-1,-1
342,16,1052.11,488.26,1141.79,698.79,1,-1,-1,-1
342,2,735.19,600.57,765.27,662.55,1,-1,-1,-1
343,3,61.55,459.37,163.47,697.68,1,-1,-1,-1
343,16,1054.48,489.34,1143.04,697.75,1,-1,-1,-1
343,2,734.74,598.38,765.31,661.39,1,-1,-1,-1
344,3,58.80,459.77,160.74,697.87,1,-1,-1,-1
344,16,1055.22,489.09,1144.06,698.66,1,-1,-1,-1
344,2,734.66,598.19,765.16,660.97,1,-1,-1,-1
345,3,52.74,457.42,157.13,700.46,1,-1,-1,-1
345,16,1055.28,487.68,1145.12,699.65,1,-1,-1,-1
345,2,734.44,598.11,765.23,661.50,1,-1,-1,-1
346,3,50.97,458.50,154.73,699.47,1,-1,-1,-1
346,16,1058.88,487.16,1148.97,700.02,1,-1,-1,-1
346,2,735.27,599.40,764.98,660.38,1,-1,-1,-1
347,3,50.34,459.65,153.36,698.35,1,-1,-1,-1
347,16,1059.61,485.65,1150.87,701.46,1,-1,-1,-1
347,2,735.38,599.21,765.02,659.98,1,-1,-1,-1
348,3,46.61,460.80,148.69,696.56,1,-1,-1,-1
348,16,1060.88,485.09,1152.38,701.33,1,-1,-1,-1
348,2,735.68,599.80,764.75,659.18,1,-1,-1,-1
349,3,45.87,464.57,145.16,693.20,1,-1,-1,-1
349,16,1064.86,484.23,1157.14,701.92,1,-1,-1,-1
349,2,734.64,598.00,765.09,660.25,1,-1,-1,-1
350,3,41.80,466.71,139.89,691.88,1,-1,-1,-1
350,16,1066.41,483.26,1159.39,702.13,1,-1,-1,-1
350,2,734.91,598.65,764.55,659.33,1,-1,-1,-1
351,3,39.97,468.85,136.48,690.05,1,-1,-1,-1
351,16,1067.58,483.57,1160.12,700.88,1,-1,-1,-1
351,2,735.00,598.91,764.32,658.99,1,-1,-1,-1
352,3,35.54,468.99,131.88,689.35,1,-1,-1,-1
352,16,1072.75,485.69,1163.39,698.40,1,-1,-1,-1
352,34,376.60,408.83,529.94,775.21,1,-1,-1,-1
352,2,735.03,599.00,764.22,658.87,1,-1,-1,-1
353,3,34.69,471.69,128.26,685.77,1,-1,-1,-1
353,16,1074.88,486.51,1164.91,697.46,1,-1,-1,-1
353,34,355.24,409.72,507.75,774.12,1,-1,-1,-1
353,2,733.86,597.70,764.02,659.51,1,-1,-1,-1
354,3,34.72,474.72,125.53,682.41,1,-1,-1,-1
354,16,1080.20,488.15,1168.72,695.78,1,-1,-1,-1
354,2,733.40,597.87,763.31,659.10,1,-1,-1,-1
355,3,30.39,473.80,121.71,681.87,1,-1,-1,-1
355,16,1082.27,488.76,1170.53,695.82,1,-1,-1,-1
355,2,731.22,598.61,760.39,658.29,1,-1,-1,-1
356,3,28.48,474.11,119.51,681.03,1,-1,-1,-1
356,16,1082.87,488.32,1171.85,697.18,1,-1,-1,-1
356,34,467.97,428.20,602.01,743.38,1,-1,-1,-1
356,2,729.58,598.22,758.77,657.99,1,-1,-1,-1
357,3,23.66,474.20,114.36,680.08,1,-1,-1,-1
357,16,1088.18,490.13,1175.67,695.71,1,-1,-1,-1
357,34,474.49,431.57,604.82,737.99,1,-1,-1,-1
357,2,727.54,596.74,757.64,658.56,1,-1,-1,-1
358,3,17.43,473.55,108.44,679.76,1,-1,-1,-1
358,16,1089.85,490.15,1177.23,695.82,1,-1,-1,-1
358,2,726.99,596.57,757.08,658.35,1,-1,-1,-1
359,3,12.25,465.97,108.02,682.33,1,-1,-1,-1
359,16,1090.87,490.15,1178.55,696.54,1,-1,-1,-1
359,2,722.17,590.66,753.84,655.70,1,-1,-1,-1
360,3,6.60,463.83,103.27,681.99,1,-1,-1,-1
360,16,1095.70,491.46,1182.36,695.49,1,-1,-1,-1
360,2,721.02,589.30,753.04,655.08,1,-1,-1,-1
361,3,5.06,465.64,99.76,679.25,1,-1,-1,-1
361,16,1097.39,489.95,1185.05,696.42,1,-1,-1,-1
361,34,296.58,426.72,436.47,756.43,1,-1,-1,-1
361,2,719.98,588.16,752.75,655.52,1,-1,-1,-1
362,3,-0.01,463.06,96.60,680.87,1,-1,-1,-1
362,16,1097.98,488.71,1186.58,697.44,1,-1,-1,-1
362,34,286.23,431.89,422.30,752.11,1,-1,-1,-1
362,2,719.34,587.76,752.29,655.70,1,-1,-1,-1
363,3,-0.90,464.74,93.33,676.89,1,-1,-1,-1
363,16,1101.90,488.24,1190.52,697.17,1,-1,-1,-1
363,34,267.00,433.37,402.18,751.48,1,-1,-1,-1
363,2,718.65,587.63,751.97,656.43,1,-1,-1,-1
364,3,-5.65,465.42,87.52,675.38,1,-1,-1,-1
364,16,1103.36,486.75,1192.52,697.06,1,-1,-1,-1
364,2,718.16,586.96,751.48,656.07,1,-1,-1,-1
365,3,-7.09,467.69,83.95,672.85,1,-1,-1,-1
365,16,1103.66,484.87,1194.00,697.68,1,-1,-1,-1
365,2,717.66,586.73,751.01,655.94,1,-1,-1,-1
366,3,-13.65,463.20,81.59,677.96,1,-1,-1,-1
366,16,1102.82,479.57,1195.34,697.91,1,-1,-1,-1
366,2,717.24,586.02,751.12,656.56,1,-1,-1,-1
367,3,-17.33,460.26,80.84,681.79,1,-1,-1,-1
367,16,1102.62,480.83,1195.58,699.95,1,-1,-1,-1
367,2,716.77,586.42,750.87,657.45,1,-1,-1,-1
368,3,-20.67,468.27,73.63,681.32,1,-1,-1,-1
368,16,1101.87,480.05,1196.18,702.05,1,-1,-1,-1
368,2,715.97,585.84,750.33,657.41,1,-1,-1,-1
369,3,-27.01,470.13,66.89,682.47,1,-1,-1,-1
369,16,1101.18,478.47,1197.34,704.80,1,-1,-1,-1
369,2,717.28,593.53,749.25,660.17,1,-1,-1,-1
370,3,-28.64,474.12,63.28,682.22,1,-1,-1,-1
370,16,1100.30,477.24,1198.30,707.78,1,-1,-1,-1
370,2,714.93,595.31,746.72,661.51,1,-1,-1,-1
371,3,-34.80,472.27,59.14,685.45,1,-1,-1,-1
371,16,1099.22,474.84,1199.29,710.21,1,-1,-1,-1
371,2,714.14,595.90,745.89,661.95,1,-1,-1,-1
372,3,-37.45,472.24,56.87,686.64,1,-1,-1,-1
372,16,1098.65,473.95,1199.74,711.75,1,-1,-1,-1
372,2,712.27,594.78,745.21,663.44,1,-1,-1,-1
373,3,-44.35,466.94,54.31,691.68,1,-1,-1,-1
373,16,1101.75,472.34,1204.32,713.61,1,-1,-1,-1
373,2,711.74,595.66,744.19,663.32,1,-1,-1,-1
374,3,-47.53,464.30,53.47,694.85,1,-1,-1,-1
374,16,1101.85,470.45,1206.44,716.24,1,-1,-1,-1
374,2,711.05,599.30,743.03,665.90,1,-1,-1,-1
375,3,-51.74,474.31,43.44,691.50,1,-1,-1,-1
375,16,1101.92,468.46,1208.43,718.50,1,-1,-1,-1
375,2,708.53,598.66,739.60,663.53,1,-1,-1,-1
376,3,-53.44,474.28,39.32,686.08,1,-1,-1,-1
376,16,1099.67,463.19,1210.73,723.87,1,-1,-1,-1
376,2,707.36,598.40,737.96,662.61,1,-1,-1,-1
377,3,-52.93,475.59,37.62,682.73,1,-1,-1,-1
377,16,1097.24,456.71,1213.75,730.39,1,-1,-1,-1
377,2,706.90,598.94,736.79,661.60,1,-1,-1,-1
378,3,-52.46,476.73,36.34,680.15,1,-1,-1,-1
378,16,1093.41,446.57,1218.38,740.54,1,-1,-1,-1
378,2,707.69,603.16,736.16,662.55,1,-1,-1,-1
379,3,-55.39,477.38,32.91,679.63,1,-1,-1,-1
379,16,1090.05,438.86,1221.38,748.24,1,-1,-1,-1
379,2,707.48,604.02,735.87,662.90,1,-1,-1,-1
380,16,1087.61,433.97,1222.98,753.13,1,-1,-1,-1
380,2,707.90,604.97,736.00,663.03,1,-1,-1,-1
381,16,1089.35,431.49,1229.72,762.59,1,-1,-1,-1
381,2,707.40,604.61,736.10,663.74,1,-1,-1,-1
382,16,1091.08,433.15,1231.29,763.68,1,-1,-1,-1
382,2,707.07,604.45,736.33,664.66,1,-1,-1,-1
383,16,1085.36,425.58,1229.23,764.58,1,-1,-1,-1
383,2,707.09,605.03,736.31,664.99,1,-1,-1,-1
384,16,1069.72,411.22,1224.50,775.73,1,-1,-1,-1
384,2,707.52,605.89,736.60,665.10,1,-1,-1,-1
385,16,1067.69,406.95,1226.05,779.92,1,-1,-1,-1
385,2,707.64,606.18,736.79,665.13,1,-1,-1,-1
386,2,707.51,606.27,737.07,665.80,1,-1,-1,-1
387,16,1114.03,445.27,1239.14,740.87,1,-1,-1,-1
387,2,708.10,606.28,737.88,666.04,1,-1,-1,-1
388,16,1124.48,460.41,1240.02,733.71,1,-1,-1,-1
388,2,708.30,606.26,738.23,666.12,1,-1,-1,-1
389,16,1133.54,468.81,1243.28,728.23,1,-1,-1,-1
389,2,710.33,604.91,741.71,667.46,1,-1,-1,-1
390,16,1137.18,472.35,1244.38,725.67,1,-1,-1,-1
390,2,710.79,603.75,743.31,668.60,1,-1,-1,-1
391,16,1144.16,476.95,1247.77,721.38,1,-1,-1,-1
391,2,708.51,603.30,741.18,668.38,1,-1,-1,-1
392,16,1146.50,478.49,1249.56,721.27,1,-1,-1,-1
392,2,709.56,602.46,743.62,670.23,1,-1,-1,-1
393,16,1154.77,489.85,1252.06,718.57,1,-1,-1,-1
393,2,709.95,602.15,744.54,670.92,1,-1,-1,-1
394,16,1157.62,492.49,1254.19,719.06,1,-1,-1,-1
394,2,710.09,601.37,745.55,671.82,1,-1,-1,-1
395,16,1162.72,494.66,1258.13,717.91,1,-1,-1,-1
395,2,710.13,601.08,745.93,672.15,1,-1,-1,-1
396,16,1164.95,495.97,1259.56,716.87,1,-1,-1,-1
396,2,710.14,601.62,746.07,672.90,1,-1,-1,-1
397,16,1166.20,496.31,1260.71,716.55,1,-1,-1,-1
397,2,709.48,600.53,746.77,674.47,1,-1,-1,-1
398,16,1170.37,492.26,1265.27,713.10,1,-1,-1,-1
398,2,709.08,599.48,747.17,675.06,1,-1,-1,-1
399,16,1171.77,489.34,1267.52,711.89,1,-1,-1,-1
399,2,709.05,599.20,747.61,675.73,1,-1,-1,-1
400,16,1171.68,486.19,1269.39,712.82,1,-1,-1,-1
401,16,1176.50,486.97,1272.98,710.57,1,-1,-1,-1
402,16,1178.42,483.89,1274.67,707.10,1,-1,-1,-1
403,16,1179.07,482.06,1275.81,706.53,1,-1,-1,-1
404,16,1183.43,482.04,1279.88,705.70,1,-1,-1,-1
405,16,1184.11,480.03,1282.16,707.44,1,-1,-1,-1
406,16,1184.20,477.97,1283.67,708.79,1,-1,-1,-1
407,16,1184.46,476.54,1285.14,709.99,1,-1,-1,-1
408,16,1189.43,478.64,1288.53,708.50,1,-1,-1,-1
409,16,1191.28,478.80,1290.34,708.62,1,-1,-1,-1
410,16,1197.76,485.48,1293.65,708.02,1,-1,-1,-1
411,16,1199.99,484.67,1294.91,705.15,1,-1,-1,-1
412,16,1201.39,484.36,1295.94,704.11,1,-1,-1,-1
413,16,1207.34,487.55,1298.69,700.43,1,-1,-1,-1
414,16,1210.42,489.41,1299.99,698.41,1,-1,-1,-1
415,16,1216.05,491.41,1303.16,695.03,1,-1,-1,-1
416,16,1218.36,490.77,1305.22,693.84,1,-1,-1,-1
417,16,1219.63,491.17,1306.02,692.79,1,-1,-1,-1
418,3,-49.74,471.03,36.48,669.99,1,-1,-1,-1
418,16,1220.78,488.61,1306.09,687.77,1,-1,-1,-1
419,3,-48.79,472.21,36.11,669.28,1,-1,-1,-1
419,16,1224.90,486.96,1310.27,685.97,1,-1,-1,-1
420,3,304.55,436.87,431.80,732.68,1,-1,-1,-1
420,16,1225.53,485.01,1311.86,686.04,1,-1,-1,-1
421,3,348.45,432.42,480.87,740.24,1,-1,-1,-1
421,16,1225.68,482.96,1313.02,686.13,1,-1,-1,-1
422,16,1225.66,478.22,1314.03,683.58,1,-1,-1,-1
423,16,1229.66,475.80,1318.82,682.67,1,-1,-1,-1
424,16,1231.68,475.57,1320.64,681.72,1,-1,-1,-1
425,16,1231.57,474.21,1321.36,682.09,1,-1,-1,-1
426,16,1232.18,475.05,1321.50,681.61,1,-1,-1,-1
426,2,711.06,578.10,748.01,651.30,1,-1,-1,-1
427,16,1242.33,482.02,1329.33,683.47,1,-1,-1,-1
427,2,711.22,578.61,747.04,649.28,1,-1,-1,-1
428,16,1246.22,484.69,1332.06,683.55,1,-1,-1,-1
428,2,711.10,578.68,746.26,648.03,1,-1,-1,-1
429,16,1247.52,485.01,1333.69,684.28,1,-1,-1,-1
429,2,711.06,579.43,745.30,646.95,1,-1,-1,-1
430,3,395.73,395.76,557.76,775.33,1,-1,-1,-1
430,16,1247.77,483.79,1335.00,685.24,1,-1,-1,-1
430,2,710.90,579.74,744.40,645.94,1,-1,-1,-1
431,3,380.81,395.32,542.78,776.13,1,-1,-1,-1
431,16,1252.57,485.30,1339.20,684.95,1,-1,-1,-1
431,2,711.14,580.55,743.81,644.94,1,-1,-1,-1
432,3,369.30,397.65,528.11,773.94,1,-1,-1,-1
432,16,1254.24,485.21,1340.74,684.20,1,-1,-1,-1
432,2,708.16,580.85,740.46,644.64,1,-1,-1,-1
433,3,359.05,396.07,518.36,774.89,1,-1,-1,-1
433,16,1260.26,488.48,1344.36,681.94,1,-1,-1,-1
433,2,706.97,580.96,738.73,643.89,1,-1,-1,-1
434,3,373.28,392.90,535.67,779.03,1,-1,-1,-1
434,16,1262.66,490.37,1345.36,680.43,1,-1,-1,-1
434,34,1230.23,458.01,1321.25,670.00,1,-1,-1,-1
434,2,706.19,581.00,737.84,643.66,1,-1,-1,-1
435,16,1263.91,491.04,1345.82,679.23,1,-1,-1,-1
435,34,1236.42,458.04,1327.90,669.59,1,-1,-1,-1
435,2,706.07,581.69,737.42,643.62,1,-1,-1,-1
436,16,1264.04,490.59,1346.13,678.82,1,-1,-1,-1
436,34,1237.05,458.05,1328.85,669.53,1,-1,-1,-1
436,2,706.03,582.62,736.65,642.96,1,-1,-1,-1
437,16,1264.74,491.06,1346.75,678.69,1,-1,-1,-1
437,34,1251.48,458.13,1342.85,668.63,1,-1,-1,-1
437,2,705.88,582.27,736.58,642.76,1,-1,-1,-1
438,16,1268.60,490.55,1351.21,679.34,1,-1,-1,-1
438,2,705.69,582.14,736.72,643.38,1,-1,-1,-1
439,16,1269.84,489.68,1353.59,680.93,1,-1,-1,-1
439,2,705.51,582.75,736.27,643.63,1,-1,-1,-1
440,16,1269.62,488.01,1355.01,682.87,1,-1,-1,-1
440,2,705.77,583.65,735.82,643.07,1,-1,-1,-1
441,16,1269.44,487.38,1355.50,683.60,1,-1,-1,-1
441,2,706.03,584.64,735.54,642.89,1,-1,-1,-1
442,16,1268.90,486.47,1355.99,685.20,1,-1,-1,-1
442,2,705.82,585.00,735.77,644.18,1,-1,-1,-1
443,3,255.54,418.61,401.13,765.26,1,-1,-1,-1
443,16,1268.07,484.82,1356.69,687.11,1,-1,-1,-1
443,2,705.76,585.12,735.86,644.66,1,-1,-1,-1
444,3,252.97,419.14,398.60,765.91,1,-1,-1,-1
444,16,1270.75,484.85,1362.35,693.72,1,-1,-1,-1
444,2,705.76,585.81,735.90,645.51,1,-1,-1,-1
445,16,1271.95,484.87,1364.88,696.86,1,-1,-1,-1
445,2,705.92,588.72,735.79,647.83,1,-1,-1,-1
446,16,1272.15,484.88,1366.00,698.69,1,-1,-1,-1
446,2,705.74,590.46,735.33,648.70,1,-1,-1,-1
447,16,1274.81,480.98,1372.20,702.61,1,-1,-1,-1
447,2,705.06,590.41,735.13,649.68,1,-1,-1,-1
448,16,1276.27,479.51,1375.31,704.71,1,-1,-1,-1
448,2,702.47,590.37,732.79,650.03,1,-1,-1,-1
449,16,1276.16,478.30,1376.41,706.12,1,-1,-1,-1
449,2,700.96,590.33,731.79,650.81,1,-1,-1,-1
450,16,1280.65,478.51,1380.60,705.95,1,-1,-1,-1
450,2,700.10,590.30,731.09,651.09,1,-1,-1,-1
451,16,1282.37,478.62,1382.09,705.83,1,-1,-1,-1
451,2,699.14,589.60,730.84,651.83,1,-1,-1,-1
452,16,1283.66,478.68,1383.19,705.73,1,-1,-1,-1
452,2,698.14,589.33,730.12,652.10,1,-1,-1,-1
453,3,151.46,437.65,286.82,759.32,1,-1,-1,-1
453,16,1289.57,478.73,1385.91,699.08,1,-1,-1,-1
453,2,697.65,589.21,730.00,652.84,1,-1,-1,-1
454,3,143.09,439.20,277.68,759.05,1,-1,-1,-1
454,16,1290.96,479.43,1388.32,701.80,1,-1,-1,-1
454,2,697.12,589.15,729.68,653.11,1,-1,-1,-1
455,16,1292.31,477.73,1388.90,698.84,1,-1,-1,-1
455,2,696.79,588.47,729.74,653.19,1,-1,-1,-1
456,3,117.87,424.69,260.29,762.40,1,-1,-1,-1
456,16,1292.16,478.41,1390.28,702.98,1,-1,-1,-1
456,2,696.03,587.55,729.78,653.86,1,-1,-1,-1
457,3,102.35,417.38,250.18,767.57,1,-1,-1,-1
457,16,1296.65,480.00,1394.00,703.21,1,-1,-1,-1
457,2,695.48,586.54,730.09,654.76,1,-1,-1,-1
458,3,93.06,417.40,240.73,766.79,1,-1,-1,-1
458,16,1299.06,482.60,1394.57,701.95,1,-1,-1,-1
458,2,695.45,586.16,730.70,655.73,1,-1,-1,-1
459,3,86.07,419.44,232.12,764.48,1,-1,-1,-1
459,16,1304.58,483.59,1399.30,701.45,1,-1,-1,-1
459,2,695.48,586.01,730.94,656.09,1,-1,-1,-1
460,3,82.29,427.54,221.51,756.29,1,-1,-1,-1
460,16,1306.52,483.29,1401.70,702.58,1,-1,-1,-1
460,2,695.38,585.31,731.17,656.21,1,-1,-1,-1
461,3,77.52,433.34,211.70,749.80,1,-1,-1,-1
461,16,1311.29,483.83,1406.31,702.99,1,-1,-1,-1
461,2,695.66,585.70,731.61,656.89,1,-1,-1,-1
462,3,65.86,433.42,200.54,750.85,1,-1,-1,-1
462,16,1313.56,483.36,1408.72,703.13,1,-1,-1,-1
462,2,696.44,586.50,731.79,656.48,1,-1,-1,-1
463,3,57.39,434.09,191.27,749.92,1,-1,-1,-1
463,16,1319.57,484.50,1413.53,701.85,1,-1,-1,-1
463,2,696.89,586.16,732.39,656.30,1,-1,-1,-1
464,3,48.62,434.90,181.70,748.87,1,-1,-1,-1
464,16,1327.56,488.24,1418.05,698.03,1,-1,-1,-1
464,2,697.43,586.03,732.91,656.22,1,-1,-1,-1
465,16,1330.51,488.97,1420.19,697.25,1,-1,-1,-1
465,2,698.45,585.99,733.61,655.52,1,-1,-1,-1
466,3,39.94,446.32,164.25,739.28,1,-1,-1,-1
466,16,1331.73,487.88,1421.96,697.64,1,-1,-1,-1
466,2,698.84,585.97,733.88,655.24,1,-1,-1,-1
467,3,25.86,439.59,155.49,744.89,1,-1,-1,-1
467,16,1336.81,488.78,1426.40,697.13,1,-1,-1,-1
467,2,699.27,586.63,733.69,654.47,1,-1,-1,-1
468,3,17.31,440.44,146.16,743.91,1,-1,-1,-1
468,16,1338.77,488.43,1428.44,696.95,1,-1,-1,-1
468,2,701.78,586.88,735.93,654.17,1,-1,-1,-1
469,16,1342.27,486.29,1433.49,698.22,1,-1,-1,-1
469,2,702.71,586.97,736.75,654.06,1,-1,-1,-1
470,16,1343.73,485.48,1435.69,698.71,1,-1,-1,-1
470,2,703.19,587.01,736.91,653.35,1,-1,-1,-1
471,16,1347.93,483.19,1441.86,700.21,1,-1,-1,-1
471,2,703.48,587.68,736.81,653.09,1,-1,-1,-1
472,3,-25.31,422.87,118.23,760.20,1,-1,-1,-1
472,16,1349.60,482.33,1444.55,700.78,1,-1,-1,-1
472,2,703.41,587.27,736.94,652.99,1,-1,-1,-1
473,3,-34.64,421.74,109.77,761.13,1,-1,-1,-1
473,16,1355.15,483.98,1448.95,699.02,1,-1,-1,-1
473,2,703.73,586.45,737.93,653.62,1,-1,-1,-1
474,16,1357.68,485.29,1450.61,697.67,1,-1,-1,-1
474,2,703.85,586.14,738.28,653.86,1,-1,-1,-1
475,16,1358.71,485.78,1451.55,697.17,1,-1,-1,-1
475,2,704.19,586.02,738.76,653.96,1,-1,-1,-1
476,16,1362.89,485.30,1456.49,697.65,1,-1,-1,-1
476,2,704.29,585.98,738.94,653.99,1,-1,-1,-1
477,16,1364.17,484.45,1459.08,699.16,1,-1,-1,-1
477,2,704.82,586.63,739.14,654.00,1,-1,-1,-1
478,3,-65.17,454.75,52.11,728.16,1,-1,-1,-1
478,16,1368.43,483.48,1464.62,701.05,1,-1,-1,-1
478,2,704.50,586.88,739.06,654.67,1,-1,-1,-1
479,3,-73.18,456.68,42.39,726.12,1,-1,-1,-1
479,16,1369.21,481.79,1467.33,703.73,1,-1,-1,-1
479,2,704.06,586.31,739.31,655.58,1,-1,-1,-1
480,3,-67.94,459.77,49.97,734.05,1,-1,-1,-1
480,16,1369.56,481.16,1468.75,705.40,1,-1,-1,-1
480,2,703.91,586.09,739.38,655.92,1,-1,-1,-1
481,3,-74.39,461.83,42.26,733.17,1,-1,-1,-1
481,16,1373.29,479.62,1473.98,707.32,1,-1,-1,-1
481,2,703.86,586.01,739.38,656.04,1,-1,-1,-1
482,16,1374.66,478.40,1476.48,708.69,1,-1,-1,-1
482,2,703.85,585.99,739.36,656.08,1,-1,-1,-1
483,16,1376.32,483.17,1476.73,709.83,1,-1,-1,-1
483,2,704.00,586.63,739.18,656.09,1,-1,-1,-1
484,16,1385.51,481.73,1485.85,708.26,1,-1,-1,-1
484,2,704.19,586.88,738.97,655.42,1,-1,-1,-1
485,16,1390.24,486.46,1488.45,707.64,1,-1,-1,-1
485,2,704.25,586.98,738.89,655.16,1,-1,-1,-1
486,16,1396.69,485.61,1493.80,704.71,1,-1,-1,-1
486,2,704.39,587.67,738.73,655.07,1,-1,-1,-1
487,16,1398.28,483.29,1496.35,704.94,1,-1,-1,-1
487,2,704.94,587.93,738.83,654.36,1,-1,-1,-1
488,16,1403.29,481.76,1501.88,705.02,1,-1,-1,-1
488,2,705.28,588.02,738.72,653.43,1,-1,-1,-1
489,16,1410.88,483.82,1506.58,701.09,1,-1,-1,-1
489,2,705.09,588.05,738.32,653.09,1,-1,-1,-1
490,16,1414.07,484.62,1508.39,698.92,1,-1,-1,-1
490,2,705.17,588.06,738.02,652.30,1,-1,-1,-1
491,16,1421.21,488.91,1511.48,694.13,1,-1,-1,-1
491,2,705.33,588.72,737.77,652.02,1,-1,-1,-1
492,16,1424.02,489.84,1513.47,693.03,1,-1,-1,-1
492,2,705.36,588.97,737.70,651.92,1,-1,-1,-1
493,16,1423.71,486.80,1515.93,696.02,1,-1,-1,-1
493,2,705.20,588.38,737.84,651.89,1,-1,-1,-1
494,16,1426.92,485.02,1520.58,697.14,1,-1,-1,-1
494,2,705.14,588.16,737.90,651.89,1,-1,-1,-1
495,16,1427.39,482.36,1523.47,699.56,1,-1,-1,-1
495,2,705.10,588.07,737.92,651.90,1,-1,-1,-1
496,16,1426.82,480.04,1525.10,701.80,1,-1,-1,-1
496,2,704.71,588.04,737.65,651.91,1,-1,-1,-1
497,16,1431.82,477.86,1529.41,698.08,1,-1,-1,-1
497,2,704.67,588.02,737.44,651.26,1,-1,-1,-1
498,16,1434.97,479.68,1530.24,694.66,1,-1,-1,-1
498,2,704.70,588.05,737.35,651.05,1,-1,-1,-1
499,16,1435.43,478.41,1531.02,694.04,1,-1,-1,-1
500,16,1441.38,480.60,1535.25,691.84,1,-1,-1,-1
501,16,1448.33,481.45,1541.23,690.37,1,-1,-1,-1
501,2,704.04,584.46,736.17,646.49,1,-1,-1,-1
502,16,1450.31,480.44,1543.83,690.52,1,-1,-1,-1
502,2,704.00,584.13,735.99,645.91,1,-1,-1,-1
503,16,1454.68,480.08,1548.21,690.60,1,-1,-1,-1
503,2,701.12,584.76,732.46,645.07,1,-1,-1,-1
504,16,1456.40,479.28,1550.20,690.66,1,-1,-1,-1
504,2,700.88,584.85,732.03,644.83,1,-1,-1,-1
505,16,1457.10,478.33,1551.30,690.70,1,-1,-1,-1
505,2,702.80,583.55,734.57,644.75,1,-1,-1,-1
506,16,1456.10,471.38,1553.40,690.74,1,-1,-1,-1
506,2,702.85,582.42,735.52,645.40,1,-1,-1,-1
507,16,1459.21,466.84,1559.02,692.07,1,-1,-1,-1
507,2,700.92,582.00,733.25,644.35,1,-1,-1,-1
508,16,1461.22,466.43,1560.83,691.29,1,-1,-1,-1
508,2,699.90,581.20,732.66,644.63,1,-1,-1,-1
509,16,1465.85,465.68,1565.95,691.66,1,-1,-1,-1
509,2,699.55,580.74,732.35,644.25,1,-1,-1,-1
510,16,1468.64,467.41,1567.32,689.84,1,-1,-1,-1
511,16,1469.68,468.13,1567.62,688.49,1,-1,-1,-1
512,16,1474.86,469.76,1571.32,686.68,1,-1,-1,-1
513,16,1477.33,471.07,1572.64,685.35,1,-1,-1,-1
514,16,1479.47,473.57,1572.37,682.88,1,-1,-1,-1
514,2,698.88,574.32,732.88,640.17,1,-1,-1,-1
515,16,1480.64,476.53,1570.98,680.65,1,-1,-1,-1
515,2,699.55,574.53,732.93,639.19,1,-1,-1,-1
516,16,1482.11,479.65,1569.22,677.18,1,-1,-1,-1
516,2,701.63,573.94,735.08,638.86,1,-1,-1,-1
517,16,1470.43,474.02,1561.66,682.03,1,-1,-1,-1
517,2,702.42,573.74,735.86,638.76,1,-1,-1,-1
518,16,1466.73,472.66,1558.46,683.12,1,-1,-1,-1
518,2,702.87,574.35,736.00,638.74,1,-1,-1,-1
519,16,1465.97,474.77,1555.85,682.25,1,-1,-1,-1
519,2,701.05,574.61,734.06,638.75,1,-1,-1,-1
520,16,1466.66,477.59,1553.87,679.94,1,-1,-1,-1
520,2,702.06,574.06,735.60,639.44,1,-1,-1,-1
520,70,1821.57,495.25,1909.66,734.75,1,-1,-1,-1
520,71,1518.85,471.64,1611.25,686.38,1,-1,-1,-1
521,16,1466.68,477.91,1553.47,679.28,1,-1,-1,-1
521,2,702.12,573.63,735.73,639.15,1,-1,-1,-1
521,70,1822.86,495.29,1910.92,734.71,1,-1,-1,-1
521,71,1522.44,476.19,1611.65,683.41,1,-1,-1,-1
522,16,1462.85,481.99,1546.08,675.77,1,-1,-1,-1
522,2,699.92,573.82,734.21,640.52,1,-1,-1,-1
522,71,1524.40,478.22,1612.16,681.84,1,-1,-1,-1
523,16,1462.67,484.98,1543.07,672.87,1,-1,-1,-1
523,2,699.75,573.45,734.17,640.40,1,-1,-1,-1
523,71,1531.18,487.51,1614.01,679.25,1,-1,-1,-1
524,16,1462.77,487.35,1541.22,671.22,1,-1,-1,-1
524,71,1533.20,490.46,1614.63,678.51,1,-1,-1,-1
525,16,1457.82,484.79,1538.18,673.37,1,-1,-1,-1
525,71,1533.35,489.84,1615.87,679.77,1,-1,-1,-1
526,16,1456.87,485.49,1536.59,672.54,1,-1,-1,-1
526,71,1532.85,488.80,1616.70,680.95,1,-1,-1,-1
527,16,1446.24,475.82,1533.74,681.37,1,-1,-1,-1
527,71,1531.84,486.94,1617.67,682.79,1,-1,-1,-1
528,16,1444.19,475.34,1532.01,681.65,1,-1,-1,-1
528,71,1535.34,470.01,1632.89,692.91,1,-1,-1,-1
529,71,1536.37,462.65,1639.26,697.83,1,-1,-1,-1
530,71,1537.67,465.47,1640.71,700.42,1,-1,-1,-1
531,2,702.85,581.54,735.88,645.74,1,-1,-1,-1
531,71,1541.88,465.39,1646.46,703.33,1,-1,-1,-1
532,2,703.46,582.70,736.25,646.73,1,-1,-1,-1
532,71,1547.31,464.75,1653.79,706.99,1,-1,-1,-1
533,16,1439.49,486.88,1522.16,681.15,1,-1,-1,-1
533,2,703.94,583.07,736.74,647.04,1,-1,-1,-1
533,71,1560.54,473.62,1663.44,707.04,1,-1,-1,-1
534,16,1433.06,484.33,1518.63,685.33,1,-1,-1,-1
534,2,704.64,583.19,737.73,647.81,1,-1,-1,-1
534,71,1569.10,475.17,1672.79,709.60,1,-1,-1,-1
535,16,1430.81,483.57,1517.72,687.93,1,-1,-1,-1
535,2,705.03,583.21,738.61,648.75,1,-1,-1,-1
535,71,1572.14,474.43,1677.47,711.82,1,-1,-1,-1
536,3,-53.42,455.01,40.32,671.00,1,-1,-1,-1
536,16,1429.66,483.27,1517.15,689.55,1,-1,-1,-1
536,2,705.55,583.21,739.21,649.08,1,-1,-1,-1
536,71,1578.83,476.76,1682.58,709.98,1,-1,-1,-1
537,3,-52.80,454.83,40.71,671.11,1,-1,-1,-1
537,16,1428.68,485.12,1517.63,694.74,1,-1,-1,-1
537,2,708.53,585.17,742.56,651.83,1,-1,-1,-1
537,71,1585.02,477.00,1689.12,710.50,1,-1,-1,-1
538,3,-52.65,454.81,41.37,672.65,1,-1,-1,-1
538,16,1428.81,487.12,1517.43,696.02,1,-1,-1,-1
538,2,710.44,585.90,744.99,653.51,1,-1,-1,-1
538,71,1592.04,480.38,1696.45,713.94,1,-1,-1,-1
539,3,-51.77,461.43,40.03,673.96,1,-1,-1,-1
539,16,1424.20,486.56,1514.26,698.44,1,-1,-1,-1
539,2,711.93,586.81,746.41,654.12,1,-1,-1,-1
539,71,1597.20,475.06,1704.93,715.85,1,-1,-1,-1
540,3,-52.54,461.30,40.52,677.19,1,-1,-1,-1
540,16,1422.21,486.96,1512.71,699.87,1,-1,-1,-1
540,2,712.83,586.48,747.88,654.98,1,-1,-1,-1
540,71,1598.64,471.09,1708.99,717.83,1,-1,-1,-1
541,3,-52.77,460.58,41.26,679.04,1,-1,-1,-1
541,2,715.49,586.34,750.63,655.27,1,-1,-1,-1
541,71,1603.09,468.91,1714.75,718.53,1,-1,-1,-1
542,3,-54.30,457.65,42.27,682.38,1,-1,-1,-1
542,2,716.79,586.92,751.33,654.70,1,-1,-1,-1
542,71,1608.48,466.13,1722.05,720.04,1,-1,-1,-1
543,3,-54.86,456.54,42.60,683.63,1,-1,-1,-1
543,2,717.77,587.12,752.35,655.11,1,-1,-1,-1
543,71,1610.92,465.09,1725.43,721.22,1,-1,-1,-1
544,3,-57.62,446.28,45.21,686.06,1,-1,-1,-1
544,2,718.39,586.52,753.05,654.58,1,-1,-1,-1
544,71,1615.65,464.07,1731.05,722.26,1,-1,-1,-1
545,3,-58.76,442.42,46.29,686.96,1,-1,-1,-1
545,2,719.10,586.94,753.42,654.36,1,-1,-1,-1
545,71,1619.91,459.80,1738.88,726.52,1,-1,-1,-1
546,3,-59.48,440.31,46.94,687.93,1,-1,-1,-1
546,2,719.86,587.09,753.65,653.59,1,-1,-1,-1
546,71,1622.62,459.49,1741.80,726.81,1,-1,-1,-1
547,3,-60.00,438.90,47.40,688.27,1,-1,-1,-1
547,2,720.54,587.13,753.92,652.63,1,-1,-1,-1
547,71,1626.96,458.12,1747.06,727.50,1,-1,-1,-1
548,3,-61.39,431.25,48.75,686.42,1,-1,-1,-1
548,2,720.74,587.13,754.01,652.25,1,-1,-1,-1
548,71,1629.12,457.63,1749.53,727.70,1,-1,-1,-1
549,3,-60.56,430.97,48.53,683.09,1,-1,-1,-1
549,2,720.32,583.80,754.47,650.78,1,-1,-1,-1
549,71,1634.49,457.49,1754.74,727.07,1,-1,-1,-1
550,3,-57.01,423.09,58.32,689.65,1,-1,-1,-1
550,2,720.16,581.90,754.60,649.58,1,-1,-1,-1
550,71,1636.66,457.48,1756.92,726.78,1,-1,-1,-1
551,3,-54.73,421.47,61.63,690.16,1,-1,-1,-1
551,2,720.23,581.19,754.46,648.46,1,-1,-1,-1
551,71,1637.74,454.23,1757.15,722.03,1,-1,-1,-1
552,3,-52.79,422.89,62.48,689.03,1,-1,-1,-1
552,2,720.09,580.27,754.52,648.05,1,-1,-1,-1
552,71,1642.18,453.69,1760.11,718.86,1,-1,-1,-1
553,3,-47.79,424.20,66.32,687.90,1,-1,-1,-1
553,2,719.24,579.28,753.99,647.90,1,-1,-1,-1
553,71,1640.50,454.19,1757.02,716.32,1,-1,-1,-1
554,3,-45.30,426.09,67.11,686.14,1,-1,-1,-1
554,2,718.92,578.92,753.75,647.86,1,-1,-1,-1
554,71,1645.26,457.73,1758.10,712.05,1,-1,-1,-1
555,3,-44.94,425.56,67.88,686.77,1,-1,-1,-1
555,2,718.44,579.46,752.68,647.20,1,-1,-1,-1
555,71,1648.71,462.46,1757.21,707.11,1,-1,-1,-1
556,3,-44.57,425.40,68.50,687.66,1,-1,-1,-1
556,2,717.72,579.02,752.11,646.96,1,-1,-1,-1
556,71,1654.96,464.90,1761.74,705.98,1,-1,-1,-1
557,3,-44.37,424.73,69.23,688.65,1,-1,-1,-1
557,2,717.79,578.63,752.23,646.64,1,-1,-1,-1
557,71,1656.99,465.79,1762.74,704.94,1,-1,-1,-1
558,3,-39.62,426.49,72.62,687.04,1,-1,-1,-1
558,2,713.76,578.05,748.50,646.85,1,-1,-1,-1
558,71,1660.59,462.75,1768.72,707.95,1,-1,-1,-1
559,3,-37.87,427.21,73.87,686.41,1,-1,-1,-1
559,2,711.83,577.88,746.68,646.87,1,-1,-1,-1
559,71,1661.84,459.64,1772.14,710.40,1,-1,-1,-1
560,3,-36.50,427.51,74.84,685.51,1,-1,-1,-1
560,2,709.82,573.87,746.04,645.56,1,-1,-1,-1
560,71,1665.03,455.17,1779.03,715.30,1,-1,-1,-1
561,3,-36.44,427.65,74.89,685.16,1,-1,-1,-1
561,2,706.35,573.03,742.06,643.77,1,-1,-1,-1
561,71,1665.80,452.19,1781.88,717.81,1,-1,-1,-1
562,3,-32.06,427.72,79.03,684.37,1,-1,-1,-1
562,2,704.37,572.74,739.85,643.10,1,-1,-1,-1
562,71,1665.27,448.46,1784.20,721.38,1,-1,-1,-1
563,3,-30.69,426.45,81.44,685.40,1,-1,-1,-1
563,2,703.01,572.66,738.38,642.86,1,-1,-1,-1
563,71,1664.83,446.41,1785.13,723.38,1,-1,-1,-1
564,3,-30.24,425.98,82.30,685.79,1,-1,-1,-1
564,2,702.03,573.32,737.06,642.79,1,-1,-1,-1
564,71,1666.22,448.92,1784.35,721.52,1,-1,-1,-1
564,77,1343.22,496.13,1423.90,674.61,1,-1,-1,-1
565,3,-29.90,426.48,82.32,685.28,1,-1,-1,-1
565,2,700.93,572.80,736.00,642.35,1,-1,-1,-1
565,71,1668.39,453.90,1782.18,716.80,1,-1,-1,-1
565,77,1338.95,495.39,1420.39,675.54,1,-1,-1,-1
566,3,-30.04,426.03,83.14,686.41,1,-1,-1,-1
566,71,1671.34,451.84,1786.99,719.64,1,-1,-1,-1
566,77,1336.11,499.11,1414.15,671.91,1,-1,-1,-1
567,3,-25.17,427.19,86.99,684.86,1,-1,-1,-1
567,2,698.67,577.03,733.43,646.14,1,-1,-1,-1
567,71,1673.44,453.07,1788.29,719.37,1,-1,-1,-1
567,77,1335.57,501.23,1411.54,669.82,1,-1,-1,-1
568,3,-22.42,428.98,88.11,682.27,1,-1,-1,-1
568,2,697.66,577.01,732.99,647.42,1,-1,-1,-1
568,71,1678.22,452.24,1793.85,720.56,1,-1,-1,-1
568,77,1336.82,504.72,1409.45,666.34,1,-1,-1,-1
569,3,-21.36,429.66,89.03,681.97,1,-1,-1,-1
569,2,697.33,577.01,732.82,647.86,1,-1,-1,-1
569,71,1685.61,453.91,1799.39,718.37,1,-1,-1,-1
569,77,1338.09,508.02,1407.55,663.04,1,-1,-1,-1
570,3,-17.65,429.25,93.25,682.54,1,-1,-1,-1
570,2,696.88,577.00,732.50,648.02,1,-1,-1,-1
570,71,1693.39,455.23,1806.26,718.18,1,-1,-1,-1
570,77,1334.86,509.13,1403.20,661.92,1,-1,-1,-1
571,3,-15.81,429.09,95.58,683.42,1,-1,-1,-1
571,2,697.26,577.66,732.56,648.07,1,-1,-1,-1
571,71,1698.92,452.42,1813.94,721.41,1,-1,-1,-1
571,77,1333.78,510.84,1400.45,660.20,1,-1,-1,-1
572,3,-14.58,430.35,96.43,683.76,1,-1,-1,-1
572,2,697.07,578.57,731.68,647.42,1,-1,-1,-1
572,71,1701.47,454.65,1817.42,725.89,1,-1,-1,-1
572,77,1329.05,510.02,1395.81,659.64,1,-1,-1,-1
573,3,-10.84,430.17,100.62,684.56,1,-1,-1,-1
573,2,697.81,580.24,731.26,646.50,1,-1,-1,-1
573,71,1707.93,458.15,1822.15,725.62,1,-1,-1,-1
573,77,1327.63,511.03,1393.39,658.81,1,-1,-1,-1
574,3,-8.35,431.41,102.96,685.52,1,-1,-1,-1
574,2,697.95,580.86,731.32,646.83,1,-1,-1,-1
574,71,1716.44,463.46,1826.87,722.16,1,-1,-1,-1
574,77,1326.59,511.35,1391.93,658.56,1,-1,-1,-1
575,3,-6.56,437.83,102.17,685.88,1,-1,-1,-1
575,2,697.33,581.08,730.71,646.95,1,-1,-1,-1
575,71,1725.87,468.80,1832.10,717.47,1,-1,-1,-1
575,77,1321.51,509.41,1388.91,661.22,1,-1,-1,-1
576,3,-5.36,440.92,101.82,685.35,1,-1,-1,-1
576,2,696.96,580.48,730.67,646.99,1,-1,-1,-1
576,71,1734.04,472.08,1837.74,715.05,1,-1,-1,-1
576,77,1318.89,509.34,1386.73,662.21,1,-1,-1,-1
577,3,-1.16,442.69,105.14,685.14,1,-1,-1,-1
577,2,696.84,580.90,730.68,647.67,1,-1,-1,-1
577,71,1737.52,473.22,1840.28,714.17,1,-1,-1,-1
577,77,1314.31,509.28,1382.41,662.61,1,-1,-1,-1
578,3,-0.02,441.98,107.32,687.06,1,-1,-1,-1
578,2,696.14,580.39,730.71,648.58,1,-1,-1,-1
578,71,1738.12,473.58,1840.86,714.55,1,-1,-1,-1
578,77,1312.65,510.57,1380.29,662.77,1,-1,-1,-1
579,3,0.62,442.33,107.79,687.11,1,-1,-1,-1
579,2,692.47,580.19,727.60,649.58,1,-1,-1,-1
579,71,1737.58,472.32,1841.50,716.04,1,-1,-1,-1
579,77,1310.00,511.11,1377.31,662.55,1,-1,-1,-1
580,3,1.03,443.09,107.64,686.45,1,-1,-1,-1
580,2,690.31,580.77,725.24,649.95,1,-1,-1,-1
580,71,1741.62,474.46,1846.50,720.59,1,-1,-1,-1
581,3,1.00,442.01,108.29,686.86,1,-1,-1,-1
581,2,689.02,580.98,724.21,650.74,1,-1,-1,-1
581,71,1748.10,476.55,1852.41,721.64,1,-1,-1,-1
581,77,1300.14,516.28,1366.51,665.41,1,-1,-1,-1
582,3,0.64,441.57,108.11,687.01,1,-1,-1,-1
582,2,688.01,581.16,723.29,651.09,1,-1,-1,-1
582,71,1748.85,473.97,1855.36,724.68,1,-1,-1,-1
582,77,1293.31,515.70,1361.20,667.92,1,-1,-1,-1
583,3,0.84,442.71,107.60,686.40,1,-1,-1,-1
583,2,683.80,581.85,718.31,650.32,1,-1,-1,-1
583,71,1742.39,468.38,1853.77,731.05,1,-1,-1,-1
583,77,1290.62,517.49,1357.80,668.10,1,-1,-1,-1
584,3,1.35,443.11,107.54,685.50,1,-1,-1,-1
584,2,678.38,581.35,713.28,650.86,1,-1,-1,-1
584,71,1745.18,467.54,1857.48,732.79,1,-1,-1,-1
584,77,1287.20,518.39,1354.14,668.45,1,-1,-1,-1
585,3,1.08,443.24,107.22,685.82,1,-1,-1,-1
585,2,676.60,581.50,711.56,651.12,1,-1,-1,-1
585,71,1744.42,463.94,1859.86,737.33,1,-1,-1,-1
586,3,1.70,444.59,106.32,683.96,1,-1,-1,-1
586,16,1744.43,472.05,1857.24,740.04,1,-1,-1,-1
586,2,669.80,585.03,704.24,653.42,1,-1,-1,-1
586,71,1746.74,463.62,1863.03,739.03,1,-1,-1,-1
586,77,1271.89,520.03,1337.32,666.48,1,-1,-1,-1
587,3,2.04,445.74,105.79,683.25,1,-1,-1,-1
587,16,1747.86,471.86,1860.05,740.24,1,-1,-1,-1
587,2,664.38,585.85,698.65,653.97,1,-1,-1,-1
587,77,1264.11,516.83,1332.53,669.63,1,-1,-1,-1
588,3,1.64,446.15,105.40,683.66,1,-1,-1,-1
588,16,1744.77,471.79,1857.01,740.30,1,-1,-1,-1
588,2,661.47,586.13,695.78,654.15,1,-1,-1,-1
588,77,1259.46,517.27,1327.87,670.04,1,-1,-1,-1
589,3,-2.48,445.61,101.89,684.49,1,-1,-1,-1
589,16,1747.52,472.47,1859.16,740.29,1,-1,-1,-1
589,2,657.15,586.22,691.51,654.20,1,-1,-1,-1
590,3,-2.41,452.66,98.92,684.80,1,-1,-1,-1
590,16,1748.52,473.41,1859.99,740.93,1,-1,-1,-1
590,2,653.47,585.57,688.85,655.53,1,-1,-1,-1
591,3,-1.60,456.65,97.68,684.26,1,-1,-1,-1
591,16,1749.15,473.77,1860.15,740.48,1,-1,-1,-1
591,2,648.91,585.97,684.01,655.36,1,-1,-1,-1
592,3,2.66,460.09,99.98,683.39,1,-1,-1,-1
592,16,1754.39,475.92,1863.42,738.28,1,-1,-1,-1
592,2,645.82,586.11,681.09,655.93,1,-1,-1,-1
593,3,5.06,466.66,100.01,685.08,1,-1,-1,-1
593,16,1755.92,476.72,1864.61,738.11,1,-1,-1,-1
593,2,641.62,586.15,676.66,655.47,1,-1,-1,-1
594,3,6.10,469.01,99.83,685.04,1,-1,-1,-1
594,16,1756.86,478.35,1864.30,736.71,1,-1,-1,-1
594,2,639.35,586.15,674.59,655.94,1,-1,-1,-1
595,3,6.54,469.11,100.36,685.70,1,-1,-1,-1
595,16,1757.91,479.61,1864.45,735.52,1,-1,-1,-1
595,2,637.30,585.48,673.25,656.76,1,-1,-1,-1
596,3,7.00,469.06,100.90,685.94,1,-1,-1,-1
596,16,1756.96,476.72,1865.52,737.09,1,-1,-1,-1
596,2,634.01,585.88,669.56,656.41,1,-1,-1,-1
597,3,7.15,468.97,101.09,686.02,1,-1,-1,-1
597,16,1760.72,476.95,1868.87,736.35,1,-1,-1,-1
597,2,632.23,586.02,667.60,656.25,1,-1,-1,-1
598,3,7.22,468.20,101.78,686.71,1,-1,-1,-1
598,16,1761.89,476.37,1870.12,736.07,1,-1,-1,-1
598,2,631.97,586.73,666.68,655.52,1,-1,-1,-1
598,77,1179.29,503.51,1259.26,682.76,1,-1,-1,-1
599,3,10.62,466.53,106.59,688.29,1,-1,-1,-1
599,16,1763.34,477.48,1870.66,734.65,1,-1,-1,-1
599,2,631.17,586.32,665.96,655.23,1,-1,-1,-1
599,77,1172.59,502.25,1253.22,683.27,1,-1,-1,-1
