3,1,534.00,368.00,693.00,647.00,1,-1,-1,-1
4,1,534.00,368.00,693.00,647.00,1,-1,-1,-1
5,1,531.00,351.77,697.47,644.05,1,-1,-1,-1
6,1,529.36,342.18,701.70,645.17,1,-1,-1,-1
7,1,529.47,336.17,702.51,640.84,1,-1,-1,-1
8,1,527.67,328.79,704.61,641.27,1,-1,-1,-1
9,1,527.42,322.94,704.28,636.14,1,-1,-1,-1
10,1,527.52,320.99,703.91,634.22,1,-1,-1,-1
11,1,529.20,314.53,702.78,622.93,1,-1,-1,-1
12,1,530.72,308.32,701.43,612.04,1,-1,-1,-1
13,1,532.08,301.56,700.79,602.08,1,-1,-1,-1
14,1,532.66,299.27,700.46,598.52,1,-1,-1,-1
15,1,532.93,298.63,700.26,597.36,1,-1,-1,-1
16,1,533.09,298.60,700.11,597.10,1,-1,-1,-1
17,1,533.19,298.78,700.00,597.16,1,-1,-1,-1
18,1,538.67,285.08,699.81,572.79,1,-1,-1,-1
19,1,537.58,275.37,697.51,561.01,1,-1,-1,-1
20,1,536.12,269.31,697.71,558.23,1,-1,-1,-1
21,1,537.88,265.92,701.42,558.07,1,-1,-1,-1
22,1,539.64,262.86,701.72,552.28,1,-1,-1,-1
23,1,540.27,261.94,701.84,550.31,1,-1,-1,-1
24,1,540.01,254.48,703.66,547.12,1,-1,-1,-1
25,1,540.27,249.21,703.31,541.48,1,-1,-1,-1
26,1,539.81,244.10,704.34,540.85,1,-1,-1,-1
27,1,543.06,237.74,708.51,537.48,1,-1,-1,-1
28,1,545.42,232.22,709.59,531.11,1,-1,-1,-1
29,1,546.98,229.01,709.94,527.53,1,-1,-1,-1
30,1,548.65,224.02,709.59,520.41,1,-1,-1,-1
31,1,549.76,217.71,709.56,513.26,1,-1,-1,-1
32,1,551.65,210.22,708.02,500.17,1,-1,-1,-1
33,1,553.59,204.29,706.81,488.78,1,-1,-1,-1
34,1,553.30,198.96,707.31,485.44,1,-1,-1,-1
35,1,553.24,197.16,707.39,484.41,1,-1,-1,-1
36,1,557.45,190.07,709.11,473.00,1,-1,-1,-1
37,1,558.48,185.61,710.94,470.27,1,-1,-1,-1
38,1,558.85,184.13,711.56,469.45,1,-1,-1,-1
39,1,558.99,183.77,711.74,469.37,1,-1,-1,-1
40,1,559.02,183.81,711.75,469.53,1,-1,-1,-1
41,1,559.42,173.40,714.62,464.48,1,-1,-1,-1
42,1,561.38,167.65,719.10,464.68,1,-1,-1,-1
43,1,561.90,163.01,721.61,465.56,1,-1,-1,-1
44,1,562.33,161.39,722.28,466.02,1,-1,-1,-1
45,1,562.68,160.95,722.25,466.33,1,-1,-1,-1
46,1,563.00,160.95,721.98,466.55,1,-1,-1,-1
47,1,563.28,161.09,721.65,466.73,1,-1,-1,-1
48,1,563.54,161.27,721.31,466.88,1,-1,-1,-1
49,1,564.25,144.34,720.51,447.26,1,-1,-1,-1
50,1,563.12,135.39,715.60,431.30,1,-1,-1,-1
51,1,566.25,128.87,716.13,419.44,1,-1,-1,-1
52,1,565.05,123.96,712.67,409.22,1,-1,-1,-1
53,1,564.25,121.00,711.70,405.65,1,-1,-1,-1
54,1,563.90,120.08,711.39,404.56,1,-1,-1,-1
55,1,567.35,116.59,714.36,399.72,1,-1,-1,-1
56,1,568.57,115.46,715.54,398.12,1,-1,-1,-1
57,1,569.17,113.86,717.13,398.39,1,-1,-1,-1
58,1,569.37,113.40,717.73,398.66,1,-1,-1,-1
59,1,570.79,110.72,718.55,394.30,1,-1,-1,-1
60,1,571.24,109.84,718.92,392.80,1,-1,-1,-1
61,1,571.31,109.63,719.10,392.39,1,-1,-1,-1
62,1,571.25,109.65,719.22,392.37,1,-1,-1,-1
63,1,571.16,109.76,719.30,392.48,1,-1,-1,-1
64,1,571.05,109.89,719.37,392.63,1,-1,-1,-1
65,1,570.95,110.01,719.43,392.78,1,-1,-1,-1
66,1,581.09,105.50,727.10,385.64,1,-1,-1,-1
67,1,589.55,102.53,731.98,377.06,1,-1,-1,-1
68,1,592.83,101.50,733.59,373.95,1,-1,-1,-1
68,28,1233.60,-137.94,1388.16,80.97,1,-1,-1,-1
69,1,595.75,97.20,734.34,366.25,1,-1,-1,-1
69,28,1223.59,-135.51,1376.22,80.91,1,-1,-1,-1
70,1,596.87,95.67,734.44,363.51,1,-1,-1,-1
70,28,1220.55,-134.79,1372.49,80.91,1,-1,-1,-1
71,1,600.38,93.85,738.57,363.30,1,-1,-1,-1
71,28,1214.38,-131.74,1366.10,84.53,1,-1,-1,-1
72,1,601.66,93.25,740.00,363.34,1,-1,-1,-1
72,28,1212.67,-130.74,1363.90,85.77,1,-1,-1,-1
73,1,602.33,91.78,741.52,364.14,1,-1,-1,-1
73,28,1208.65,-129.26,1359.42,86.59,1,-1,-1,-1
74,1,602.68,91.29,742.51,365.87,1,-1,-1,-1
75,1,602.87,91.18,742.70,366.60,1,-1,-1,-1
76,1,606.47,90.54,746.37,367.62,1,-1,-1,-1
77,1,607.98,90.35,747.49,368.06,1,-1,-1,-1
78,1,608.67,90.34,747.67,368.28,1,-1,-1,-1
79,1,608.89,84.44,748.96,365.77,1,-1,-1,-1
80,1,609.09,82.26,749.23,364.85,1,-1,-1,-1
81,1,608.74,75.58,748.98,359.29,1,-1,-1,-1
82,1,609.43,71.79,747.97,351.96,1,-1,-1,-1
83,1,609.72,67.14,746.79,343.29,1,-1,-1,-1
84,1,609.65,65.49,746.45,340.12,1,-1,-1,-1
85,1,609.46,64.97,746.42,339.04,1,-1,-1,-1
86,1,609.25,64.87,746.49,338.75,1,-1,-1,-1
87,1,606.10,54.32,742.91,326.82,1,-1,-1,-1
88,1,604.83,50.44,741.62,322.43,1,-1,-1,-1
89,1,604.28,49.09,741.19,320.92,1,-1,-1,-1
90,1,604.01,48.71,741.09,320.49,1,-1,-1,-1
91,1,603.48,44.04,740.83,315.82,1,-1,-1,-1
92,1,603.21,42.38,740.81,314.18,1,-1,-1,-1
93,1,603.05,41.87,740.87,313.69,1,-1,-1,-1
94,1,602.74,39.13,740.49,310.97,1,-1,-1,-1
95,1,602.37,38.19,739.95,310.05,1,-1,-1,-1
96,1,602.13,36.61,740.52,310.47,1,-1,-1,-1
97,1,602.57,35.44,740.87,310.06,1,-1,-1,-1
98,1,602.87,35.08,740.89,309.99,1,-1,-1,-1
99,1,603.10,35.03,740.78,310.04,1,-1,-1,-1
100,1,604.09,32.44,740.50,305.50,1,-1,-1,-1
101,1,604.55,31.53,740.31,303.85,1,-1,-1,-1
102,1,605.17,26.62,739.79,297.35,1,-1,-1,-1
103,1,605.49,24.85,739.51,294.98,1,-1,-1,-1
104,1,605.69,24.26,739.32,294.18,1,-1,-1,-1
105,1,605.84,24.11,739.18,293.97,1,-1,-1,-1
106,1,605.96,24.13,739.06,293.97,1,-1,-1,-1
107,1,606.06,24.20,738.96,294.05,1,-1,-1,-1
108,1,606.15,24.28,738.87,294.15,1,-1,-1,-1
109,1,605.06,22.38,739.95,296.89,1,-1,-1,-1
110,1,604.69,21.70,740.32,297.96,1,-1,-1,-1
111,1,604.57,21.49,740.44,298.40,1,-1,-1,-1
111,39,1018.00,-48.00,1149.00,183.00,1,-1,-1,-1
112,1,604.56,21.46,740.45,298.59,1,-1,-1,-1
112,39,1018.00,-48.00,1149.00,183.00,1,-1,-1,-1
113,1,604.58,21.48,740.42,298.69,1,-1,-1,-1
113,39,1018.00,-48.00,1149.00,183.00,1,-1,-1,-1
114,1,601.87,22.19,741.16,306.66,1,-1,-1,-1
114,39,997.24,-33.68,1129.66,198.04,1,-1,-1,-1
115,1,598.03,23.13,737.73,308.35,1,-1,-1,-1
115,39,990.26,-25.92,1121.37,202.54,1,-1,-1,-1
116,1,596.69,24.18,735.62,307.67,1,-1,-1,-1
116,39,984.40,-17.77,1114.59,208.83,1,-1,-1,-1
116,40,242.66,-95.17,362.12,129.15,1,-1,-1,-1
117,1,596.22,25.26,734.15,306.07,1,-1,-1,-1
117,39,981.13,-12.29,1111.74,215.04,1,-1,-1,-1
117,40,247.24,-95.69,367.48,129.64,1,-1,-1,-1
118,1,597.05,26.34,731.32,298.83,1,-1,-1,-1
118,39,976.51,-7.11,1107.80,223.22,1,-1,-1,-1
118,40,253.21,-96.42,375.03,131.10,1,-1,-1,-1
119,1,597.71,27.43,729.96,294.75,1,-1,-1,-1
119,39,975.56,-2.04,1104.63,226.06,1,-1,-1,-1
119,40,259.59,-91.65,383.00,136.45,1,-1,-1,-1
120,1,597.28,29.84,730.18,297.94,1,-1,-1,-1
120,39,970.38,1.64,1100.00,232.94,1,-1,-1,-1
120,40,259.50,-94.03,388.58,141.74,1,-1,-1,-1
121,1,597.34,31.39,730.09,298.48,1,-1,-1,-1
121,39,967.79,6.82,1097.28,238.64,1,-1,-1,-1
121,40,257.97,-90.84,391.16,149.62,1,-1,-1,-1
122,1,597.47,33.28,729.99,298.70,1,-1,-1,-1
122,39,964.29,13.89,1090.52,239.25,1,-1,-1,-1
122,40,260.16,-90.84,395.43,153.38,1,-1,-1,-1
123,1,597.66,35.31,729.86,298.80,1,-1,-1,-1
123,39,958.31,20.35,1083.64,243.93,1,-1,-1,-1
124,1,596.90,38.03,730.67,303.51,1,-1,-1,-1
124,39,951.18,25.88,1077.68,250.17,1,-1,-1,-1
125,1,595.81,39.68,731.15,307.25,1,-1,-1,-1
125,39,942.98,32.40,1070.72,256.97,1,-1,-1,-1
126,1,595.08,42.90,731.67,312.61,1,-1,-1,-1
126,39,934.61,38.62,1063.83,263.98,1,-1,-1,-1
127,1,595.09,45.40,731.60,315.26,1,-1,-1,-1
127,39,927.06,44.72,1058.10,271.06,1,-1,-1,-1
128,1,594.73,48.93,731.98,320.84,1,-1,-1,-1
128,39,924.34,52.76,1054.93,276.17,1,-1,-1,-1
129,1,595.48,52.19,731.90,322.89,1,-1,-1,-1
129,39,919.15,58.88,1048.39,279.20,1,-1,-1,-1
130,1,595.12,55.34,732.54,328.89,1,-1,-1,-1
130,39,918.07,66.93,1046.19,283.45,1,-1,-1,-1
130,45,270.85,-60.00,428.75,180.78,1,-1,-1,-1
131,1,596.24,58.43,732.19,330.41,1,-1,-1,-1
131,39,908.23,71.69,1037.19,290.83,1,-1,-1,-1
131,45,274.14,-53.14,429.70,184.83,1,-1,-1,-1
132,1,597.00,61.51,731.08,330.90,1,-1,-1,-1
132,39,905.08,79.22,1033.71,297.37,1,-1,-1,-1
132,45,277.60,-53.90,436.26,189.83,1,-1,-1,-1
133,1,596.97,64.57,730.99,335.63,1,-1,-1,-1
133,39,899.06,85.80,1028.39,304.93,1,-1,-1,-1
133,45,279.47,-49.99,438.96,196.37,1,-1,-1,-1
134,1,597.85,66.30,730.73,336.67,1,-1,-1,-1
134,39,892.64,92.01,1022.33,312.86,1,-1,-1,-1
134,45,285.96,-41.73,442.15,201.34,1,-1,-1,-1
135,1,598.54,67.53,730.28,336.97,1,-1,-1,-1
135,39,888.31,100.72,1019.72,324.21,1,-1,-1,-1
135,45,288.26,-40.23,445.15,205.72,1,-1,-1,-1
135,47,830.06,-29.87,899.81,108.90,1,-1,-1,-1
136,1,599.69,69.89,729.89,337.00,1,-1,-1,-1
136,39,882.41,109.05,1014.82,334.21,1,-1,-1,-1
136,45,295.06,-34.38,449.51,209.19,1,-1,-1,-1
136,47,829.16,-26.75,900.42,115.42,1,-1,-1,-1
137,1,599.15,72.02,730.71,342.90,1,-1,-1,-1
137,39,870.51,113.94,1005.91,345.65,1,-1,-1,-1
137,45,303.25,-29.64,454.66,210.29,1,-1,-1,-1
137,47,828.66,-21.24,900.19,121.86,1,-1,-1,-1
138,1,599.59,74.06,730.39,344.39,1,-1,-1,-1
138,39,862.31,123.41,996.13,352.37,1,-1,-1,-1
138,45,306.63,-23.99,456.55,214.58,1,-1,-1,-1
138,47,828.58,-19.28,900.78,126.05,1,-1,-1,-1
139,1,599.79,78.05,730.88,349.49,1,-1,-1,-1
139,39,852.71,133.38,988.09,363.86,1,-1,-1,-1
139,45,311.22,-22.06,461.67,218.04,1,-1,-1,-1
139,47,827.46,-16.58,901.45,133.53,1,-1,-1,-1
140,1,599.74,80.80,731.19,352.65,1,-1,-1,-1
140,39,844.28,142.15,981.76,373.85,1,-1,-1,-1
140,45,312.11,-18.82,464.75,225.19,1,-1,-1,-1
140,47,827.95,-13.63,901.48,136.79,1,-1,-1,-1
141,1,602.30,84.38,735.32,359.69,1,-1,-1,-1
141,39,836.61,151.79,974.44,380.64,1,-1,-1,-1
141,45,316.83,-13.10,469.86,231.71,1,-1,-1,-1
141,47,827.79,-9.24,901.87,143.81,1,-1,-1,-1
142,1,599.24,86.97,734.99,368.16,1,-1,-1,-1
142,39,829.09,163.75,968.85,391.48,1,-1,-1,-1
142,45,318.34,-9.09,473.10,239.98,1,-1,-1,-1
142,47,827.71,-4.36,902.05,150.24,1,-1,-1,-1
143,1,598.77,91.13,734.14,371.27,1,-1,-1,-1
143,39,820.99,174.58,961.29,400.56,1,-1,-1,-1
143,45,319.13,-3.77,473.83,247.54,1,-1,-1,-1
143,47,827.94,1.38,901.88,156.45,1,-1,-1,-1
144,1,598.05,96.58,733.68,376.92,1,-1,-1,-1
144,39,813.26,185.62,955.68,412.26,1,-1,-1,-1
144,45,324.20,0.08,477.62,250.24,1,-1,-1,-1
144,47,828.65,8.74,901.20,161.91,1,-1,-1,-1
145,1,597.56,101.83,733.71,383.54,1,-1,-1,-1
145,39,806.81,196.07,949.02,420.98,1,-1,-1,-1
145,45,327.53,6.01,478.71,254.36,1,-1,-1,-1
145,47,828.32,14.73,901.56,170.39,1,-1,-1,-1
146,1,598.50,106.99,732.59,383.93,1,-1,-1,-1
146,39,799.14,206.96,942.34,433.20,1,-1,-1,-1
146,45,333.26,10.73,481.66,255.72,1,-1,-1,-1
146,47,829.02,20.15,900.87,173.39,1,-1,-1,-1
147,1,597.93,110.81,733.10,389.20,1,-1,-1,-1
147,39,796.99,217.99,938.27,441.43,1,-1,-1,-1
147,45,335.87,16.33,482.72,260.69,1,-1,-1,-1
147,47,829.99,27.36,900.58,178.92,1,-1,-1,-1
148,1,599.23,116.08,732.44,389.07,1,-1,-1,-1
148,39,792.17,229.09,933.33,454.13,1,-1,-1,-1
148,45,337.16,21.58,483.21,267.03,1,-1,-1,-1
148,47,829.90,33.89,900.27,185.43,1,-1,-1,-1
149,1,600.35,120.58,731.56,388.17,1,-1,-1,-1
149,39,791.60,239.52,930.69,462.52,1,-1,-1,-1
149,45,341.97,28.01,486.77,273.21,1,-1,-1,-1
149,47,829.71,40.81,900.31,192.97,1,-1,-1,-1
150,1,600.26,125.45,731.73,391.71,1,-1,-1,-1
150,39,787.84,249.04,924.46,469.94,1,-1,-1,-1
150,45,345.84,33.57,487.15,275.36,1,-1,-1,-1
150,47,829.66,47.87,900.31,200.22,1,-1,-1,-1
151,1,603.21,131.11,735.47,396.90,1,-1,-1,-1
151,39,782.43,258.87,916.61,475.68,1,-1,-1,-1
151,45,347.49,39.46,486.85,280.63,1,-1,-1,-1
151,47,830.17,55.64,900.44,207.37,1,-1,-1,-1
152,1,604.70,137.73,737.80,403.38,1,-1,-1,-1
152,39,776.15,270.17,909.72,486.80,1,-1,-1,-1
152,45,347.84,44.80,486.78,288.39,1,-1,-1,-1
152,47,830.31,63.00,900.55,214.47,1,-1,-1,-1
153,1,605.08,144.03,739.48,409.66,1,-1,-1,-1
153,39,769.16,279.33,902.26,493.93,1,-1,-1,-1
153,45,348.05,49.27,486.50,295.10,1,-1,-1,-1
153,47,829.74,70.20,900.56,222.20,1,-1,-1,-1
154,1,609.97,150.87,743.94,412.54,1,-1,-1,-1
154,39,761.90,289.02,895.26,502.23,1,-1,-1,-1
154,45,351.68,54.72,489.91,302.72,1,-1,-1,-1
154,47,830.06,78.64,900.02,228.19,1,-1,-1,-1
155,1,615.79,157.91,750.24,417.45,1,-1,-1,-1
155,39,748.40,300.25,884.59,514.98,1,-1,-1,-1
155,45,354.36,60.56,492.37,310.68,1,-1,-1,-1
155,47,829.26,86.91,900.08,238.82,1,-1,-1,-1
156,1,617.91,164.34,753.88,425.13,1,-1,-1,-1
156,39,736.26,310.05,878.90,530.68,1,-1,-1,-1
156,45,361.60,68.50,495.45,312.19,1,-1,-1,-1
156,47,829.29,95.06,899.78,246.53,1,-1,-1,-1
157,1,622.03,173.84,759.74,435.80,1,-1,-1,-1
157,39,728.49,321.29,871.88,539.55,1,-1,-1,-1
157,45,367.67,77.29,501.10,320.48,1,-1,-1,-1
157,47,829.23,102.53,900.40,255.79,1,-1,-1,-1
158,1,622.70,180.52,762.67,445.60,1,-1,-1,-1
158,39,720.25,333.10,864.49,551.77,1,-1,-1,-1
158,45,370.00,83.02,505.58,330.66,1,-1,-1,-1
158,47,829.37,110.38,899.82,262.32,1,-1,-1,-1
159,1,623.04,188.76,763.54,454.37,1,-1,-1,-1
159,39,712.64,345.76,858.16,565.91,1,-1,-1,-1
159,45,373.59,88.92,511.58,340.20,1,-1,-1,-1
159,47,829.61,117.71,900.08,269.80,1,-1,-1,-1
160,1,622.09,198.26,764.12,467.38,1,-1,-1,-1
160,39,710.40,357.41,855.00,574.83,1,-1,-1,-1
160,45,374.59,94.24,514.66,349.51,1,-1,-1,-1
160,47,829.24,125.51,899.97,277.64,1,-1,-1,-1
161,1,626.47,206.23,769.98,477.33,1,-1,-1,-1
161,39,700.16,364.69,845.90,583.73,1,-1,-1,-1
161,45,375.33,99.99,516.56,358.07,1,-1,-1,-1
161,47,829.59,134.14,900.11,284.95,1,-1,-1,-1
162,1,637.83,216.24,780.80,483.49,1,-1,-1,-1
162,39,694.19,380.26,834.54,591.99,1,-1,-1,-1
162,45,379.63,106.56,521.54,365.67,1,-1,-1,-1
162,47,829.82,143.08,899.40,291.40,1,-1,-1,-1
163,1,641.44,223.75,786.79,493.47,1,-1,-1,-1
163,39,685.61,391.03,828.51,606.01,1,-1,-1,-1
163,45,380.69,111.47,524.47,374.87,1,-1,-1,-1
163,47,830.64,154.13,899.07,299.51,1,-1,-1,-1
164,1,645.75,232.91,793.76,506.20,1,-1,-1,-1
164,39,678.87,401.95,820.38,614.83,1,-1,-1,-1
164,45,381.08,117.07,525.39,382.70,1,-1,-1,-1
164,47,830.92,161.29,898.97,304.91,1,-1,-1,-1
165,1,649.91,240.72,794.30,505.50,1,-1,-1,-1
165,39,669.42,415.59,815.52,634.33,1,-1,-1,-1
165,45,386.02,123.58,527.92,385.43,1,-1,-1,-1
165,47,830.50,169.66,899.47,314.65,1,-1,-1,-1
166,1,657.81,250.02,795.85,501.49,1,-1,-1,-1
166,39,659.82,426.91,810.36,653.08,1,-1,-1,-1
166,45,387.67,128.46,529.56,391.43,1,-1,-1,-1
166,47,830.82,178.47,899.84,322.66,1,-1,-1,-1
167,1,665.18,257.87,801.14,504.38,1,-1,-1,-1
167,39,651.34,438.68,804.57,670.93,1,-1,-1,-1
167,45,388.58,132.74,531.02,398.07,1,-1,-1,-1
167,47,831.52,187.45,900.06,329.37,1,-1,-1,-1
168,1,668.73,265.15,803.94,510.61,1,-1,-1,-1
168,39,643.22,451.27,797.94,687.12,1,-1,-1,-1
168,45,390.40,137.44,530.56,399.69,1,-1,-1,-1
168,47,831.18,195.82,900.07,337.57,1,-1,-1,-1
169,1,673.73,272.90,808.35,518.05,1,-1,-1,-1
169,39,629.47,462.23,788.31,705.28,1,-1,-1,-1
169,45,394.32,142.30,533.55,403.98,1,-1,-1,-1
169,47,830.84,203.96,899.63,344.34,1,-1,-1,-1
170,1,676.94,281.50,811.68,527.94,1,-1,-1,-1
170,39,618.62,476.43,773.18,712.48,1,-1,-1,-1
170,45,396.95,146.58,534.01,405.37,1,-1,-1,-1
170,47,830.31,212.01,899.85,352.57,1,-1,-1,-1
171,1,682.78,289.73,816.63,536.72,1,-1,-1,-1
171,39,613.31,490.00,767.77,723.83,1,-1,-1,-1
171,45,398.78,152.61,534.47,410.29,1,-1,-1,-1
171,47,829.37,220.69,900.01,362.67,1,-1,-1,-1
172,1,689.30,297.17,823.14,546.41,1,-1,-1,-1
172,39,604.54,503.26,755.93,730.27,1,-1,-1,-1
172,45,403.95,158.65,537.93,414.58,1,-1,-1,-1
172,47,829.66,229.60,900.09,370.81,1,-1,-1,-1
173,1,696.06,304.30,829.58,555.76,1,-1,-1,-1
173,39,595.72,515.74,748.33,742.80,1,-1,-1,-1
173,45,405.74,164.03,540.53,422.61,1,-1,-1,-1
173,47,829.63,237.28,900.27,378.21,1,-1,-1,-1
174,1,703.42,311.33,835.45,562.98,1,-1,-1,-1
174,39,588.23,529.91,740.33,754.99,1,-1,-1,-1
174,45,412.05,170.47,544.28,424.12,1,-1,-1,-1
174,47,830.33,245.15,900.29,384.00,1,-1,-1,-1
175,1,711.45,318.97,841.99,570.72,1,-1,-1,-1
175,39,580.51,543.38,733.59,769.04,1,-1,-1,-1
175,45,418.82,176.67,549.77,427.09,1,-1,-1,-1
175,47,830.49,252.43,900.40,390.52,1,-1,-1,-1
176,1,718.75,326.19,848.40,577.99,1,-1,-1,-1
176,39,572.93,556.59,726.42,782.47,1,-1,-1,-1
176,45,422.01,182.76,553.59,434.00,1,-1,-1,-1
176,47,830.60,260.15,900.39,397.32,1,-1,-1,-1
177,1,726.55,332.59,856.62,585.74,1,-1,-1,-1
177,39,567.89,570.35,716.58,789.04,1,-1,-1,-1
177,45,427.53,189.47,559.75,440.37,1,-1,-1,-1
177,47,832.54,267.38,902.48,404.22,1,-1,-1,-1
178,1,733.54,338.69,864.51,593.02,1,-1,-1,-1
178,39,557.36,584.33,703.49,798.95,1,-1,-1,-1
178,45,433.07,197.08,565.64,445.22,1,-1,-1,-1
178,47,833.79,275.10,903.39,411.18,1,-1,-1,-1
179,1,740.04,344.67,872.45,600.77,1,-1,-1,-1
179,39,547.77,596.37,696.29,813.53,1,-1,-1,-1
179,45,434.63,203.02,569.42,453.48,1,-1,-1,-1
179,47,834.67,283.66,903.30,417.48,1,-1,-1,-1
180,1,745.74,349.96,881.01,610.02,1,-1,-1,-1
180,39,535.12,609.69,684.71,828.48,1,-1,-1,-1
180,45,435.39,210.33,571.07,461.66,1,-1,-1,-1
180,47,834.87,290.54,904.03,425.55,1,-1,-1,-1
181,1,751.11,354.34,889.15,618.51,1,-1,-1,-1
181,39,526.63,620.17,675.46,836.96,1,-1,-1,-1
181,45,439.03,216.16,576.66,469.82,1,-1,-1,-1
181,47,835.08,298.13,904.13,432.93,1,-1,-1,-1
182,1,753.68,360.35,892.61,625.40,1,-1,-1,-1
182,39,519.29,634.89,666.20,847.62,1,-1,-1,-1
182,45,444.65,224.06,582.84,475.98,1,-1,-1,-1
182,47,835.25,305.32,904.06,440.07,1,-1,-1,-1
183,1,757.99,365.01,898.66,633.65,1,-1,-1,-1
183,39,513.39,647.88,656.62,853.10,1,-1,-1,-1
183,45,446.56,230.79,585.77,482.70,1,-1,-1,-1
183,47,834.58,311.69,904.08,447.77,1,-1,-1,-1
184,1,765.32,370.49,904.03,636.52,1,-1,-1,-1
184,39,505.88,660.89,650.42,866.06,1,-1,-1,-1
184,45,452.21,236.38,590.27,483.67,1,-1,-1,-1
184,47,834.50,318.43,903.89,455.03,1,-1,-1,-1
185,1,771.99,374.95,910.31,642.57,1,-1,-1,-1
185,39,493.35,673.24,640.46,881.11,1,-1,-1,-1
185,45,453.51,240.88,593.16,489.76,1,-1,-1,-1
185,47,832.58,324.65,906.35,471.36,1,-1,-1,-1
186,1,779.43,380.36,916.56,648.55,1,-1,-1,-1
186,39,481.89,683.35,634.22,897.57,1,-1,-1,-1
186,45,454.40,246.98,594.24,495.81,1,-1,-1,-1
186,47,831.39,330.08,907.73,483.73,1,-1,-1,-1
187,1,783.31,385.48,920.06,655.82,1,-1,-1,-1
187,39,472.07,694.62,628.75,913.88,1,-1,-1,-1
187,45,460.93,253.68,596.79,495.22,1,-1,-1,-1
187,47,825.27,335.80,907.50,503.07,1,-1,-1,-1
188,1,790.66,391.14,924.28,657.67,1,-1,-1,-1
188,39,463.66,704.36,622.80,925.55,1,-1,-1,-1
188,45,463.97,259.94,598.21,498.74,1,-1,-1,-1
188,47,826.53,341.67,910.71,514.82,1,-1,-1,-1
189,1,798.36,396.35,930.43,661.38,1,-1,-1,-1
189,39,454.02,713.52,618.43,940.67,1,-1,-1,-1
189,45,469.24,266.70,602.34,503.86,1,-1,-1,-1
189,47,828.05,350.76,911.00,521.71,1,-1,-1,-1
190,1,808.58,402.06,940.20,667.17,1,-1,-1,-1
190,39,442.26,724.44,606.50,949.28,1,-1,-1,-1
190,45,471.43,270.97,602.73,506.24,1,-1,-1,-1
190,47,827.58,357.86,911.77,531.36,1,-1,-1,-1
191,1,814.35,409.28,944.80,672.43,1,-1,-1,-1
191,39,432.52,736.69,597.95,961.90,1,-1,-1,-1
191,45,472.64,276.32,604.21,514.28,1,-1,-1,-1
192,1,821.25,418.40,950.60,678.14,1,-1,-1,-1
192,39,420.03,750.77,585.74,974.78,1,-1,-1,-1
192,45,476.90,282.08,608.02,521.07,1,-1,-1,-1
193,1,829.22,426.24,956.20,679.38,1,-1,-1,-1
193,39,404.15,761.59,574.46,990.39,1,-1,-1,-1
193,45,479.18,287.33,610.54,528.08,1,-1,-1,-1
194,1,840.11,432.91,967.25,683.60,1,-1,-1,-1
194,39,388.12,773.15,561.23,1006.34,1,-1,-1,-1
194,45,482.96,292.39,614.94,535.80,1,-1,-1,-1
195,1,846.85,437.81,976.82,690.30,1,-1,-1,-1
195,39,374.55,784.34,546.01,1015.91,1,-1,-1,-1
195,45,484.72,297.39,618.02,544.45,1,-1,-1,-1
195,67,822.15,395.24,895.13,544.01,1,-1,-1,-1
196,1,853.91,444.71,985.29,696.58,1,-1,-1,-1
196,39,363.10,799.98,530.12,1025.61,1,-1,-1,-1
196,45,489.37,303.02,623.52,552.77,1,-1,-1,-1
196,67,821.24,403.85,893.33,550.75,1,-1,-1,-1
197,1,856.96,452.36,988.85,702.71,1,-1,-1,-1
197,39,351.94,811.38,521.21,1040.68,1,-1,-1,-1
197,45,496.03,309.54,630.34,559.66,1,-1,-1,-1
197,67,820.62,412.97,891.11,556.42,1,-1,-1,-1
198,1,861.07,458.97,994.63,710.10,1,-1,-1,-1
198,39,341.89,823.16,515.86,1058.40,1,-1,-1,-1
198,45,502.22,315.76,638.24,567.96,1,-1,-1,-1
198,67,820.08,420.71,890.93,564.62,1,-1,-1,-1
199,1,862.42,464.51,997.82,717.96,1,-1,-1,-1
199,39,332.63,835.07,510.18,1073.19,1,-1,-1,-1
199,45,508.96,323.82,645.11,574.82,1,-1,-1,-1
199,67,820.04,428.66,890.86,572.12,1,-1,-1,-1
200,1,867.29,469.00,1002.13,720.70,1,-1,-1,-1
200,39,325.97,846.38,503.40,1080.99,1,-1,-1,-1
200,45,510.76,328.63,649.49,583.76,1,-1,-1,-1
200,67,819.89,436.69,891.10,580.06,1,-1,-1,-1
201,1,873.37,474.41,1008.31,726.13,1,-1,-1,-1
201,39,320.48,859.43,494.74,1085.36,1,-1,-1,-1
201,45,515.20,335.50,655.62,591.51,1,-1,-1,-1
201,67,818.42,446.10,891.33,592.26,1,-1,-1,-1
202,1,876.14,479.52,1011.70,732.59,1,-1,-1,-1
202,39,313.86,873.84,487.56,1093.09,1,-1,-1,-1
202,45,516.81,341.83,659.04,600.11,1,-1,-1,-1
202,67,818.71,455.30,891.33,600.49,1,-1,-1,-1
203,1,882.91,484.52,1016.06,734.15,1,-1,-1,-1
203,39,304.93,886.73,483.43,1106.20,1,-1,-1,-1
203,45,520.75,348.61,663.93,607.07,1,-1,-1,-1
203,67,818.34,463.09,891.88,609.29,1,-1,-1,-1
204,1,889.85,489.48,1022.83,739.81,1,-1,-1,-1
204,39,298.77,901.04,475.41,1110.64,1,-1,-1,-1
204,45,522.20,354.25,666.84,615.36,1,-1,-1,-1
204,67,817.51,473.02,892.17,620.95,1,-1,-1,-1
205,1,896.89,495.75,1029.11,745.71,1,-1,-1,-1
205,39,290.84,913.66,465.97,1121.47,1,-1,-1,-1
205,45,524.47,360.11,666.60,617.60,1,-1,-1,-1
205,67,817.44,481.07,892.74,629.67,1,-1,-1,-1
206,1,902.25,499.22,1037.60,756.33,1,-1,-1,-1
206,45,529.33,366.05,670.09,621.45,1,-1,-1,-1
206,67,817.55,489.75,892.87,637.27,1,-1,-1,-1
207,1,908.45,502.97,1046.06,765.38,1,-1,-1,-1
207,45,531.87,372.69,671.08,625.95,1,-1,-1,-1
207,67,817.46,497.33,893.08,644.45,1,-1,-1,-1
208,1,913.36,506.16,1054.18,775.16,1,-1,-1,-1
208,45,535.18,379.59,670.15,626.74,1,-1,-1,-1
208,67,817.53,505.17,893.09,651.48,1,-1,-1,-1
208,77,1664.43,-42.90,1824.54,221.69,1,-1,-1,-1
209,1,916.29,509.81,1057.12,779.34,1,-1,-1,-1
209,45,540.09,384.59,673.83,630.77,1,-1,-1,-1
209,67,817.63,512.43,893.05,657.78,1,-1,-1,-1
209,77,1664.49,-43.47,1825.87,223.19,1,-1,-1,-1
210,1,920.48,512.31,1063.87,787.22,1,-1,-1,-1
210,45,542.64,390.22,675.57,636.05,1,-1,-1,-1
210,67,817.17,518.82,894.22,666.49,1,-1,-1,-1
210,77,1669.40,-42.99,1830.80,223.56,1,-1,-1,-1
211,1,922.87,514.41,1066.58,790.67,1,-1,-1,-1
211,45,548.63,396.07,678.89,637.83,1,-1,-1,-1
211,67,816.16,524.25,894.85,674.76,1,-1,-1,-1
211,77,1671.99,-37.14,1831.42,225.72,1,-1,-1,-1
212,1,926.50,516.35,1071.65,796.32,1,-1,-1,-1
212,45,551.37,401.35,680.71,642.26,1,-1,-1,-1
212,67,816.67,529.31,894.86,677.62,1,-1,-1,-1
212,77,1673.36,-34.42,1831.65,225.70,1,-1,-1,-1
213,1,928.73,517.59,1074.33,799.57,1,-1,-1,-1
213,45,558.02,407.09,684.17,643.06,1,-1,-1,-1
213,67,816.55,534.88,895.20,682.98,1,-1,-1,-1
213,77,1677.86,-33.54,1835.85,225.62,1,-1,-1,-1
214,1,932.97,517.91,1078.77,801.24,1,-1,-1,-1
214,45,560.35,410.98,686.67,647.83,1,-1,-1,-1
214,67,815.97,539.35,895.87,688.70,1,-1,-1,-1
214,77,1680.05,-32.63,1837.31,224.84,1,-1,-1,-1
215,1,934.71,515.92,1081.94,803.62,1,-1,-1,-1
215,45,565.41,416.21,691.81,652.77,1,-1,-1,-1
215,67,816.34,543.42,896.21,691.27,1,-1,-1,-1
215,77,1682.21,-34.41,1836.97,218.39,1,-1,-1,-1
216,1,939.45,513.75,1087.22,804.35,1,-1,-1,-1
216,45,572.64,421.27,698.11,655.10,1,-1,-1,-1
216,67,816.13,547.32,897.35,697.24,1,-1,-1,-1
216,77,1682.57,-36.50,1837.75,215.99,1,-1,-1,-1
217,1,944.48,510.85,1092.87,804.45,1,-1,-1,-1
217,45,579.34,426.27,705.52,659.12,1,-1,-1,-1
217,67,815.90,551.87,897.93,702.57,1,-1,-1,-1
217,77,1687.28,-36.63,1842.06,214.45,1,-1,-1,-1
218,1,952.12,508.35,1097.48,797.79,1,-1,-1,-1
218,45,585.50,431.25,713.62,665.12,1,-1,-1,-1
218,67,816.11,555.34,898.51,705.00,1,-1,-1,-1
218,77,1689.82,-36.08,1843.82,213.73,1,-1,-1,-1
219,1,957.56,505.98,1098.31,787.12,1,-1,-1,-1
219,45,591.69,436.23,719.74,666.54,1,-1,-1,-1
219,67,815.61,558.39,899.97,710.29,1,-1,-1,-1
220,1,964.52,503.69,1101.26,776.95,1,-1,-1,-1
220,45,593.90,440.53,723.76,671.55,1,-1,-1,-1
220,67,818.47,561.32,903.37,713.41,1,-1,-1,-1
221,1,968.09,500.78,1103.67,772.43,1,-1,-1,-1
221,45,599.70,445.26,728.58,671.27,1,-1,-1,-1
221,67,819.73,565.52,905.15,717.66,1,-1,-1,-1
222,1,974.56,497.69,1107.07,763.43,1,-1,-1,-1
222,45,605.43,450.82,735.79,675.66,1,-1,-1,-1
222,67,820.98,568.23,907.00,719.72,1,-1,-1,-1
223,1,978.48,495.18,1107.78,754.04,1,-1,-1,-1
223,45,608.24,456.02,738.09,676.48,1,-1,-1,-1
223,67,825.02,571.04,910.69,719.63,1,-1,-1,-1
224,1,983.79,492.91,1112.53,750.61,1,-1,-1,-1
224,45,612.73,460.41,744.46,681.31,1,-1,-1,-1
224,67,825.63,573.88,912.95,724.03,1,-1,-1,-1
225,1,989.30,490.76,1118.44,749.43,1,-1,-1,-1
225,45,618.88,462.52,751.32,682.97,1,-1,-1,-1
225,67,828.20,576.78,914.67,723.55,1,-1,-1,-1
226,1,993.13,487.99,1121.17,743.76,1,-1,-1,-1
226,45,622.14,465.77,753.21,682.79,1,-1,-1,-1
226,67,832.39,578.34,919.35,724.49,1,-1,-1,-1
227,1,997.41,484.98,1126.31,742.39,1,-1,-1,-1
227,45,626.96,470.12,757.92,685.91,1,-1,-1,-1
227,67,835.31,582.76,920.30,721.38,1,-1,-1,-1
228,1,998.44,481.25,1130.45,744.62,1,-1,-1,-1
228,45,629.25,472.23,760.15,687.63,1,-1,-1,-1
228,67,835.89,584.89,921.01,719.99,1,-1,-1,-1
228,84,830.92,-103.70,925.86,70.36,1,-1,-1,-1
229,1,1002.78,477.26,1135.00,740.27,1,-1,-1,-1
229,45,634.01,474.17,764.04,688.16,1,-1,-1,-1
229,67,839.37,585.51,925.31,718.72,1,-1,-1,-1
229,84,836.37,-103.71,931.20,70.14,1,-1,-1,-1
230,1,1004.71,473.82,1138.75,739.35,1,-1,-1,-1
230,45,636.50,476.73,767.10,692.24,1,-1,-1,-1
230,67,841.56,586.27,927.87,718.85,1,-1,-1,-1
230,84,838.03,-104.60,933.93,71.68,1,-1,-1,-1
231,1,1008.77,471.28,1144.44,739.74,1,-1,-1,-1
231,45,642.08,478.87,771.90,694.33,1,-1,-1,-1
231,67,845.53,588.44,933.55,723.52,1,-1,-1,-1
231,84,841.40,-107.92,940.45,74.44,1,-1,-1,-1
232,1,1013.86,466.44,1149.96,734.70,1,-1,-1,-1
232,45,648.50,481.51,777.01,695.01,1,-1,-1,-1
232,67,848.42,589.80,936.75,726.51,1,-1,-1,-1
232,84,841.55,-112.61,944.22,76.83,1,-1,-1,-1
233,1,1017.91,462.71,1152.26,726.26,1,-1,-1,-1
233,45,651.21,483.68,780.28,699.15,1,-1,-1,-1
233,67,848.13,591.53,939.15,733.51,1,-1,-1,-1
233,84,842.70,-112.97,944.94,75.67,1,-1,-1,-1
234,1,1023.53,458.07,1155.99,716.51,1,-1,-1,-1
234,45,656.14,484.38,785.87,701.92,1,-1,-1,-1
234,67,852.34,593.41,942.14,735.42,1,-1,-1,-1
234,84,847.20,-113.10,949.67,75.89,1,-1,-1,-1
235,1,1026.60,452.44,1158.06,707.64,1,-1,-1,-1
235,45,662.45,485.84,791.13,702.22,1,-1,-1,-1
235,67,854.20,593.35,943.53,736.03,1,-1,-1,-1
235,84,848.36,-112.45,951.04,77.33,1,-1,-1,-1
236,1,1030.50,446.46,1162.42,701.16,1,-1,-1,-1
236,45,666.96,488.25,793.95,702.22,1,-1,-1,-1
236,67,854.89,593.24,944.56,737.49,1,-1,-1,-1
236,84,849.45,-112.87,951.34,75.85,1,-1,-1,-1
237,1,1031.39,441.69,1164.98,698.90,1,-1,-1,-1
237,45,672.95,489.04,798.98,700.79,1,-1,-1,-1
237,67,855.53,593.78,945.07,738.61,1,-1,-1,-1
237,84,852.29,-117.04,957.50,77.96,1,-1,-1,-1
238,1,1033.48,436.72,1166.54,692.26,1,-1,-1,-1
238,45,678.19,488.56,805.51,700.84,1,-1,-1,-1
238,67,856.17,594.56,944.71,738.30,1,-1,-1,-1
238,84,854.40,-117.25,958.60,76.11,1,-1,-1,-1
239,1,1036.73,433.00,1171.65,691.92,1,-1,-1,-1
239,45,684.17,487.63,813.51,700.80,1,-1,-1,-1
239,67,855.98,596.77,944.85,741.39,1,-1,-1,-1
239,84,855.05,-118.63,958.93,74.05,1,-1,-1,-1
240,1,1038.46,428.44,1173.46,687.31,1,-1,-1,-1
240,45,693.65,486.53,826.80,702.06,1,-1,-1,-1
240,67,856.42,598.85,944.93,741.83,1,-1,-1,-1
240,84,856.19,-119.78,958.63,69.96,1,-1,-1,-1
241,1,1038.58,424.87,1175.06,687.05,1,-1,-1,-1
241,45,694.95,482.76,834.36,706.43,1,-1,-1,-1
241,67,859.23,599.57,948.81,743.23,1,-1,-1,-1
241,84,855.91,-123.52,959.70,68.43,1,-1,-1,-1
242,1,1038.72,419.71,1176.00,683.80,1,-1,-1,-1
242,45,698.67,481.31,842.13,708.69,1,-1,-1,-1
242,67,861.00,600.44,950.76,744.36,1,-1,-1,-1
242,84,860.68,-118.94,963.03,69.87,1,-1,-1,-1
243,1,1038.83,415.92,1176.72,682.70,1,-1,-1,-1
243,45,699.36,483.32,845.44,712.76,1,-1,-1,-1
243,67,862.05,601.36,951.66,744.05,1,-1,-1,-1
243,84,862.88,-116.47,964.40,70.45,1,-1,-1,-1
244,1,1038.40,413.31,1177.26,683.72,1,-1,-1,-1
244,45,699.04,482.75,848.19,716.22,1,-1,-1,-1
244,67,862.95,602.30,952.02,743.21,1,-1,-1,-1
244,84,864.28,-114.20,964.18,69.35,1,-1,-1,-1
245,1,1037.45,410.49,1177.42,684.88,1,-1,-1,-1
245,45,702.81,482.51,853.48,717.47,1,-1,-1,-1
245,67,864.40,602.60,956.89,749.47,1,-1,-1,-1
245,84,865.23,-113.35,963.50,66.96,1,-1,-1,-1
246,1,1036.60,405.63,1177.16,682.80,1,-1,-1,-1
246,45,703.98,481.74,856.08,719.18,1,-1,-1,-1
246,67,867.11,603.98,959.06,750.45,1,-1,-1,-1
246,84,863.25,-109.02,956.71,62.74,1,-1,-1,-1
247,1,1035.35,401.94,1176.52,682.10,1,-1,-1,-1
247,45,708.43,481.42,860.57,720.41,1,-1,-1,-1
247,67,868.92,605.11,960.31,751.40,1,-1,-1,-1
247,84,864.71,-110.82,960.64,65.95,1,-1,-1,-1
248,1,1031.42,396.09,1172.42,677.34,1,-1,-1,-1
248,45,710.52,481.28,861.58,720.16,1,-1,-1,-1
248,67,874.03,606.15,962.82,749.06,1,-1,-1,-1
248,84,866.15,-110.41,961.54,65.38,1,-1,-1,-1
249,1,1030.07,391.37,1169.27,670.36,1,-1,-1,-1
249,45,711.20,479.25,863.05,721.95,1,-1,-1,-1
249,67,876.81,605.82,965.43,749.43,1,-1,-1,-1
250,1,1028.99,385.78,1167.24,663.18,1,-1,-1,-1
250,45,712.42,479.12,863.05,721.93,1,-1,-1,-1
250,67,876.29,603.67,968.49,754.15,1,-1,-1,-1
251,1,1026.44,381.85,1161.97,653.33,1,-1,-1,-1
251,45,713.38,478.41,862.90,721.85,1,-1,-1,-1
251,67,877.07,601.56,974.41,763.02,1,-1,-1,-1
251,84,857.99,-101.89,944.87,59.50,1,-1,-1,-1
252,1,1023.84,377.22,1160.25,649.74,1,-1,-1,-1
252,45,717.38,478.79,865.51,721.76,1,-1,-1,-1
252,67,879.06,601.36,977.46,767.03,1,-1,-1,-1
252,84,854.63,-105.20,944.52,63.13,1,-1,-1,-1
253,1,1021.99,371.01,1158.53,643.26,1,-1,-1,-1
253,45,718.73,478.94,866.43,722.34,1,-1,-1,-1
253,67,880.82,601.91,978.81,769.18,1,-1,-1,-1
253,84,852.81,-107.51,945.17,66.86,1,-1,-1,-1
254,1,1018.59,366.84,1153.33,635.02,1,-1,-1,-1
254,45,718.97,478.99,866.82,723.82,1,-1,-1,-1
254,67,885.21,602.76,981.96,769.92,1,-1,-1,-1
254,84,852.21,-108.39,944.72,67.62,1,-1,-1,-1
255,1,1017.22,362.80,1149.49,626.10,1,-1,-1,-1
255,45,718.03,480.33,867.13,728.94,1,-1,-1,-1
255,67,887.87,603.07,983.36,769.46,1,-1,-1,-1
255,84,852.41,-109.40,944.82,67.91,1,-1,-1,-1
256,1,1014.22,358.14,1144.62,617.62,1,-1,-1,-1
256,45,717.41,480.18,867.99,733.46,1,-1,-1,-1
256,67,892.84,603.83,986.97,769.20,1,-1,-1,-1
256,84,851.88,-109.38,944.34,68.04,1,-1,-1,-1
257,1,1011.36,354.57,1142.63,616.02,1,-1,-1,-1
257,45,717.46,480.11,867.87,735.13,1,-1,-1,-1
257,67,895.82,605.41,988.41,768.37,1,-1,-1,-1
258,1,1008.33,349.42,1142.64,617.59,1,-1,-1,-1
258,45,713.21,482.70,864.07,740.28,1,-1,-1,-1
258,67,897.60,606.66,988.77,765.34,1,-1,-1,-1
259,1,1004.19,345.66,1137.21,611.77,1,-1,-1,-1
259,45,711.50,483.03,862.58,742.83,1,-1,-1,-1
259,67,902.26,609.10,992.04,762.80,1,-1,-1,-1
260,1,1001.13,342.43,1135.41,611.72,1,-1,-1,-1
260,45,710.72,483.14,861.39,743.72,1,-1,-1,-1
260,67,903.52,610.65,993.53,762.47,1,-1,-1,-1
261,1,998.02,339.39,1130.90,606.58,1,-1,-1,-1
261,45,710.20,483.17,860.43,744.63,1,-1,-1,-1
261,67,903.74,614.53,994.15,765.67,1,-1,-1,-1
262,1,995.08,335.10,1129.13,606.12,1,-1,-1,-1
262,45,706.58,483.17,856.21,744.90,1,-1,-1,-1
262,67,903.61,616.60,994.42,767.50,1,-1,-1,-1
263,1,993.45,329.68,1127.81,602.79,1,-1,-1,-1
263,45,705.28,483.81,853.82,744.93,1,-1,-1,-1
263,67,903.53,617.99,995.07,768.82,1,-1,-1,-1
264,1,989.96,326.46,1124.43,601.00,1,-1,-1,-1
264,45,704.30,484.70,851.41,744.87,1,-1,-1,-1
264,67,902.60,621.11,995.39,773.93,1,-1,-1,-1
265,1,987.98,322.11,1121.98,596.52,1,-1,-1,-1
265,45,700.67,485.03,846.51,744.13,1,-1,-1,-1
265,67,901.86,620.92,995.81,776.46,1,-1,-1,-1
266,1,983.25,317.98,1117.96,594.29,1,-1,-1,-1
266,45,699.12,486.46,842.88,743.14,1,-1,-1,-1
266,67,903.51,620.13,995.24,772.11,1,-1,-1,-1
267,1,981.35,313.94,1114.74,587.66,1,-1,-1,-1
267,45,695.51,486.32,838.62,743.37,1,-1,-1,-1
267,67,903.89,619.76,994.49,769.69,1,-1,-1,-1
268,1,978.14,309.93,1109.60,579.33,1,-1,-1,-1
268,45,693.31,486.25,835.95,744.09,1,-1,-1,-1
268,67,902.82,620.91,994.66,774.08,1,-1,-1,-1
269,1,976.55,304.60,1106.25,570.36,1,-1,-1,-1
269,45,689.29,487.53,830.31,743.67,1,-1,-1,-1
269,67,902.58,621.31,994.52,775.03,1,-1,-1,-1
270,1,975.18,299.45,1103.32,561.20,1,-1,-1,-1
270,45,687.66,488.00,827.73,744.13,1,-1,-1,-1
270,67,903.18,622.74,993.70,774.03,1,-1,-1,-1
271,1,972.22,295.03,1098.22,551.96,1,-1,-1,-1
271,45,685.20,488.82,826.75,748.91,1,-1,-1,-1
271,67,904.63,623.24,992.10,768.29,1,-1,-1,-1
271,100,1748.47,-141.63,1887.48,91.45,1,-1,-1,-1
272,1,969.80,290.89,1096.52,549.42,1,-1,-1,-1
272,45,681.08,489.77,821.81,750.02,1,-1,-1,-1
272,67,901.33,623.38,988.54,766.76,1,-1,-1,-1
272,100,1746.14,-143.18,1885.70,90.82,1,-1,-1,-1
273,1,965.47,286.85,1091.54,543.35,1,-1,-1,-1
273,45,675.78,490.11,815.89,750.40,1,-1,-1,-1
273,67,898.90,624.07,985.10,764.87,1,-1,-1,-1
274,1,961.69,282.84,1089.38,542.63,1,-1,-1,-1
274,45,673.63,491.54,811.97,749.84,1,-1,-1,-1
274,67,894.21,624.29,980.23,764.84,1,-1,-1,-1
275,1,957.51,279.51,1084.27,536.58,1,-1,-1,-1
275,45,669.40,493.38,805.50,748.92,1,-1,-1,-1
275,67,890.69,624.35,978.92,769.52,1,-1,-1,-1
276,1,950.83,275.78,1079.71,535.84,1,-1,-1,-1
276,45,667.07,494.05,802.01,748.54,1,-1,-1,-1
276,67,886.91,625.00,975.04,770.59,1,-1,-1,-1
277,1,946.52,270.57,1076.73,532.42,1,-1,-1,-1
277,45,662.41,493.61,797.41,749.70,1,-1,-1,-1
277,67,882.77,623.24,973.03,772.97,1,-1,-1,-1
277,100,1746.84,-139.31,1883.65,90.91,1,-1,-1,-1
278,1,940.95,266.77,1073.21,531.96,1,-1,-1,-1
278,45,660.56,494.08,794.67,750.11,1,-1,-1,-1
278,67,878.43,623.22,968.61,773.20,1,-1,-1,-1
278,100,1746.29,-141.96,1884.12,90.20,1,-1,-1,-1
279,1,935.19,263.51,1067.23,527.33,1,-1,-1,-1
279,45,656.43,494.23,790.04,750.25,1,-1,-1,-1
279,67,875.51,622.54,966.31,773.92,1,-1,-1,-1
279,100,1745.57,-142.34,1883.47,89.93,1,-1,-1,-1
280,1,931.75,261.13,1063.85,525.08,1,-1,-1,-1
280,45,653.92,493.60,787.48,750.27,1,-1,-1,-1
280,67,874.53,624.24,963.47,772.86,1,-1,-1,-1
281,1,925.08,257.74,1059.65,526.36,1,-1,-1,-1
281,45,649.76,494.01,782.70,750.26,1,-1,-1,-1
281,67,869.36,623.55,959.40,773.75,1,-1,-1,-1
282,1,917.51,254.62,1054.19,527.61,1,-1,-1,-1
282,45,648.29,495.47,779.71,749.58,1,-1,-1,-1
282,67,866.49,623.94,957.63,774.07,1,-1,-1,-1
283,1,911.52,250.95,1047.65,522.97,1,-1,-1,-1
283,45,646.63,495.34,777.95,749.96,1,-1,-1,-1
283,67,862.41,625.40,954.19,774.18,1,-1,-1,-1
284,1,904.82,245.75,1041.34,518.67,1,-1,-1,-1
284,45,642.25,495.27,773.34,750.10,1,-1,-1,-1
284,67,855.71,624.61,948.95,774.86,1,-1,-1,-1
285,1,900.54,241.29,1037.72,516.50,1,-1,-1,-1
285,45,637.07,495.23,768.09,750.80,1,-1,-1,-1
285,67,850.45,623.65,946.61,776.42,1,-1,-1,-1
286,1,894.86,236.45,1032.22,511.84,1,-1,-1,-1
286,45,634.11,497.18,766.02,754.35,1,-1,-1,-1
286,67,844.87,623.93,942.30,775.68,1,-1,-1,-1
287,1,888.48,234.11,1025.47,508.88,1,-1,-1,-1
287,45,629.48,495.26,761.09,752.38,1,-1,-1,-1
287,67,838.74,625.35,936.30,774.05,1,-1,-1,-1
288,1,882.46,229.42,1018.31,501.94,1,-1,-1,-1
288,45,626.07,495.84,759.16,756.23,1,-1,-1,-1
288,67,835.92,626.55,933.47,772.09,1,-1,-1,-1
289,1,880.19,225.81,1013.33,493.49,1,-1,-1,-1
289,45,624.06,496.05,758.07,758.32,1,-1,-1,-1
289,67,830.27,626.98,929.28,771.35,1,-1,-1,-1
290,1,876.78,223.29,1005.79,483.80,1,-1,-1,-1
290,45,619.21,495.46,754.11,759.74,1,-1,-1,-1
290,67,826.95,627.79,927.21,771.74,1,-1,-1,-1
291,1,871.46,219.84,1000.07,480.36,1,-1,-1,-1
291,45,613.16,494.57,748.50,760.25,1,-1,-1,-1
291,67,821.32,627.42,923.11,772.56,1,-1,-1,-1
292,1,868.68,216.70,995.80,475.26,1,-1,-1,-1
292,45,611.06,494.22,746.42,760.40,1,-1,-1,-1
292,67,818.61,627.92,919.79,771.54,1,-1,-1,-1
293,1,864.63,215.01,990.95,472.87,1,-1,-1,-1
293,45,609.86,495.40,744.32,759.77,1,-1,-1,-1
293,67,813.80,627.43,915.98,771.82,1,-1,-1,-1
294,1,861.77,212.52,988.21,472.15,1,-1,-1,-1
294,45,605.58,495.19,740.36,760.16,1,-1,-1,-1
294,67,811.55,628.56,913.27,771.93,1,-1,-1,-1
295,1,856.31,209.07,984.63,474.02,1,-1,-1,-1
295,45,603.57,496.42,736.85,758.30,1,-1,-1,-1
295,67,805.58,626.98,909.05,773.96,1,-1,-1,-1
296,1,852.08,207.22,978.53,469.59,1,-1,-1,-1
296,45,599.05,496.88,732.27,758.89,1,-1,-1,-1
296,67,801.00,627.05,902.81,773.40,1,-1,-1,-1
297,1,848.82,204.01,975.61,468.71,1,-1,-1,-1
297,45,593.70,498.37,725.86,758.44,1,-1,-1,-1
297,67,797.04,625.74,898.98,774.50,1,-1,-1,-1
298,1,846.65,201.60,973.79,468.49,1,-1,-1,-1
298,45,590.69,498.26,723.37,758.92,1,-1,-1,-1
298,67,793.87,626.56,893.57,774.25,1,-1,-1,-1
299,1,843.02,198.17,969.65,465.23,1,-1,-1,-1
299,45,586.38,498.86,717.95,757.76,1,-1,-1,-1
299,67,791.80,627.54,889.39,774.15,1,-1,-1,-1
300,1,840.17,195.01,967.91,465.42,1,-1,-1,-1
300,45,584.31,501.07,714.65,756.65,1,-1,-1,-1
300,67,787.47,629.22,885.71,778.73,1,-1,-1,-1
301,1,835.68,191.96,964.38,465.59,1,-1,-1,-1
301,45,579.36,501.21,709.90,756.89,1,-1,-1,-1
301,67,784.72,629.85,882.42,780.44,1,-1,-1,-1
302,1,834.17,188.94,961.80,460.49,1,-1,-1,-1
302,45,577.43,502.58,707.15,755.65,1,-1,-1,-1
302,67,781.33,630.07,878.53,781.06,1,-1,-1,-1
303,1,832.75,185.28,960.69,457.98,1,-1,-1,-1
303,45,572.53,503.07,702.61,756.52,1,-1,-1,-1
303,67,778.60,630.80,874.84,781.27,1,-1,-1,-1
304,1,829.41,181.38,956.74,452.52,1,-1,-1,-1
304,45,568.35,503.89,701.55,762.14,1,-1,-1,-1
304,67,775.13,631.73,870.23,780.67,1,-1,-1,-1
305,1,827.18,178.70,954.51,449.88,1,-1,-1,-1
305,45,563.39,505.49,696.88,763.59,1,-1,-1,-1
305,67,773.06,632.72,867.56,780.41,1,-1,-1,-1
306,1,826.75,176.50,952.19,443.06,1,-1,-1,-1
306,45,558.00,508.06,689.66,762.13,1,-1,-1,-1
306,67,767.84,632.41,862.67,780.95,1,-1,-1,-1
307,1,823.18,173.14,949.03,440.59,1,-1,-1,-1
307,45,555.43,509.00,687.11,762.21,1,-1,-1,-1
307,67,765.19,634.92,858.48,781.14,1,-1,-1,-1
308,1,822.06,170.01,946.54,434.50,1,-1,-1,-1
308,45,550.52,510.64,681.78,762.22,1,-1,-1,-1
308,67,760.65,635.86,852.78,780.53,1,-1,-1,-1
309,1,821.69,166.30,944.48,427.68,1,-1,-1,-1
309,45,547.96,511.89,678.80,761.55,1,-1,-1,-1
309,67,754.45,636.18,848.78,785.61,1,-1,-1,-1
310,1,818.31,164.37,940.54,424.60,1,-1,-1,-1
310,45,541.96,512.31,675.73,767.26,1,-1,-1,-1
310,67,751.35,637.59,845.04,787.47,1,-1,-1,-1
311,1,816.14,161.78,939.52,424.26,1,-1,-1,-1
311,45,539.31,515.07,672.60,767.40,1,-1,-1,-1
311,67,747.13,640.08,839.06,787.49,1,-1,-1,-1
312,1,814.46,160.25,938.23,423.60,1,-1,-1,-1
312,45,535.20,518.07,667.58,767.41,1,-1,-1,-1
312,67,746.36,643.66,835.64,786.79,1,-1,-1,-1
313,1,811.06,158.47,934.11,419.51,1,-1,-1,-1
313,45,533.43,521.14,664.89,766.05,1,-1,-1,-1
313,67,742.34,648.30,831.10,789.84,1,-1,-1,-1
314,1,808.01,157.25,933.21,423.41,1,-1,-1,-1
314,45,528.62,522.24,661.01,766.85,1,-1,-1,-1
314,67,739.88,651.30,828.00,790.93,1,-1,-1,-1
315,1,805.61,155.56,932.98,426.92,1,-1,-1,-1
315,45,525.18,525.24,659.50,770.45,1,-1,-1,-1
315,67,735.39,655.03,822.05,791.30,1,-1,-1,-1
316,1,803.69,153.69,932.78,429.64,1,-1,-1,-1
316,45,519.34,527.64,654.49,773.10,1,-1,-1,-1
316,67,728.38,657.01,816.78,795.43,1,-1,-1,-1
317,1,799.63,152.41,929.67,431.40,1,-1,-1,-1
317,45,512.28,529.80,649.80,779.36,1,-1,-1,-1
317,67,722.55,660.33,810.39,796.24,1,-1,-1,-1
318,1,797.84,150.70,926.27,427.53,1,-1,-1,-1
318,45,510.63,535.16,645.98,778.38,1,-1,-1,-1
318,67,719.20,665.50,806.16,799.17,1,-1,-1,-1
319,1,793.87,149.49,921.88,426.75,1,-1,-1,-1
319,45,503.90,537.79,642.36,785.26,1,-1,-1,-1
319,67,708.07,665.32,798.77,804.89,1,-1,-1,-1
320,1,791.05,147.79,919.08,426.50,1,-1,-1,-1
320,45,501.13,541.33,639.55,786.43,1,-1,-1,-1
320,67,699.18,669.14,791.92,812.83,1,-1,-1,-1
321,1,786.08,145.25,914.89,427.11,1,-1,-1,-1
321,45,497.75,546.56,633.87,784.79,1,-1,-1,-1
321,67,690.81,673.79,784.16,819.73,1,-1,-1,-1
322,1,782.33,143.70,908.81,421.48,1,-1,-1,-1
322,45,490.78,549.76,629.09,789.45,1,-1,-1,-1
322,67,682.84,677.45,778.49,828.82,1,-1,-1,-1
323,1,779.33,139.90,906.31,420.02,1,-1,-1,-1
323,45,488.09,554.17,625.72,790.44,1,-1,-1,-1
323,67,674.84,680.06,771.25,834.13,1,-1,-1,-1
324,1,778.17,137.88,902.98,413.60,1,-1,-1,-1
324,45,482.42,559.04,621.47,796.07,1,-1,-1,-1
324,67,666.41,683.57,765.10,841.90,1,-1,-1,-1
325,1,774.05,135.22,899.02,410.55,1,-1,-1,-1
325,45,481.03,565.39,617.47,794.78,1,-1,-1,-1
325,67,657.48,688.07,758.45,849.29,1,-1,-1,-1
326,1,771.59,133.65,896.69,408.82,1,-1,-1,-1
326,45,476.29,571.67,612.53,798.21,1,-1,-1,-1
326,67,650.44,692.30,750.80,851.35,1,-1,-1,-1
327,1,768.83,133.14,891.94,402.96,1,-1,-1,-1
327,45,468.14,575.17,608.71,806.77,1,-1,-1,-1
327,67,642.86,698.41,743.39,856.54,1,-1,-1,-1
328,1,766.85,132.38,889.33,400.16,1,-1,-1,-1
328,45,466.23,580.32,605.80,807.21,1,-1,-1,-1
328,67,638.42,704.56,734.72,855.07,1,-1,-1,-1
329,1,765.07,132.17,887.65,399.88,1,-1,-1,-1
329,45,459.95,584.76,601.98,813.25,1,-1,-1,-1
329,67,632.24,710.75,727.17,858.29,1,-1,-1,-1
330,1,761.47,132.16,884.20,399.20,1,-1,-1,-1
330,45,452.73,590.26,596.46,820.04,1,-1,-1,-1
330,67,626.08,716.23,719.40,858.00,1,-1,-1,-1
331,1,759.96,132.22,882.63,398.37,1,-1,-1,-1
331,45,449.14,596.80,593.59,825.78,1,-1,-1,-1
331,67,619.61,722.14,712.52,862.44,1,-1,-1,-1
332,1,758.74,132.30,881.59,398.14,1,-1,-1,-1
332,45,444.95,605.73,588.42,831.79,1,-1,-1,-1
332,67,611.57,729.51,704.75,869.30,1,-1,-1,-1
333,1,758.33,132.38,881.36,397.46,1,-1,-1,-1
333,45,443.75,614.23,583.79,831.24,1,-1,-1,-1
333,67,605.34,738.08,696.29,874.38,1,-1,-1,-1
334,1,757.87,133.78,880.46,396.61,1,-1,-1,-1
334,45,439.44,622.57,578.26,834.88,1,-1,-1,-1
334,67,598.38,745.10,688.96,880.81,1,-1,-1,-1
335,1,754.53,134.34,876.83,395.69,1,-1,-1,-1
335,45,434.59,627.42,577.83,842.81,1,-1,-1,-1
335,67,591.56,752.84,679.65,885.03,1,-1,-1,-1
336,1,753.00,135.25,875.25,395.41,1,-1,-1,-1
336,45,428.28,632.35,575.14,850.25,1,-1,-1,-1
336,67,585.70,759.52,674.07,891.80,1,-1,-1,-1
337,1,752.09,136.27,874.51,396.02,1,-1,-1,-1
337,45,420.98,638.62,569.44,856.86,1,-1,-1,-1
337,67,576.46,765.11,666.90,900.14,1,-1,-1,-1
338,1,751.59,136.67,874.55,396.96,1,-1,-1,-1
338,45,418.39,642.75,568.78,859.84,1,-1,-1,-1
338,67,570.92,770.96,658.87,902.41,1,-1,-1,-1
339,1,751.35,136.83,874.12,396.69,1,-1,-1,-1
339,45,411.13,650.06,565.87,871.41,1,-1,-1,-1
339,67,562.47,778.26,652.80,913.08,1,-1,-1,-1
340,1,750.76,136.23,873.92,397.29,1,-1,-1,-1
340,45,409.25,655.90,564.22,873.60,1,-1,-1,-1
340,67,557.45,784.74,645.61,916.19,1,-1,-1,-1
341,1,749.87,134.69,873.99,398.20,1,-1,-1,-1
341,45,402.57,661.86,559.97,879.50,1,-1,-1,-1
341,67,554.53,792.26,641.25,920.45,1,-1,-1,-1
342,1,746.71,133.46,871.01,397.91,1,-1,-1,-1
342,45,395.72,669.18,553.75,884.84,1,-1,-1,-1
342,67,548.72,798.82,636.20,927.85,1,-1,-1,-1
343,1,745.48,133.67,868.71,396.49,1,-1,-1,-1
343,45,391.91,676.35,551.66,891.30,1,-1,-1,-1
343,67,542.16,804.35,631.21,935.72,1,-1,-1,-1
344,1,744.51,133.10,867.80,396.64,1,-1,-1,-1
344,45,385.43,682.13,548.29,898.83,1,-1,-1,-1
344,67,536.54,811.49,624.37,941.12,1,-1,-1,-1
345,1,745.06,131.58,866.66,391.43,1,-1,-1,-1
345,45,376.91,688.05,543.51,908.07,1,-1,-1,-1
345,67,529.07,817.25,618.36,948.90,1,-1,-1,-1
346,1,745.18,131.69,865.79,389.48,1,-1,-1,-1
346,45,374.97,694.01,540.08,908.07,1,-1,-1,-1
346,67,527.23,825.14,614.92,954.92,1,-1,-1,-1
347,1,744.39,132.41,866.40,393.44,1,-1,-1,-1
347,45,369.83,700.67,536.29,913.78,1,-1,-1,-1
347,67,522.54,833.84,609.54,961.59,1,-1,-1,-1
348,1,744.15,132.69,866.65,394.95,1,-1,-1,-1
348,45,367.51,702.92,535.59,915.71,1,-1,-1,-1
348,67,520.84,836.83,607.97,963.85,1,-1,-1,-1
349,1,744.13,132.81,866.77,395.54,1,-1,-1,-1
349,45,366.30,703.54,536.00,916.23,1,-1,-1,-1
349,67,520.25,837.70,607.76,964.47,1,-1,-1,-1
350,1,744.18,132.86,866.83,395.77,1,-1,-1,-1
350,45,365.54,703.57,536.77,916.24,1,-1,-1,-1
350,67,520.06,837.79,608.04,964.49,1,-1,-1,-1
351,1,744.26,132.89,866.86,395.87,1,-1,-1,-1
351,45,364.97,703.38,537.61,916.08,1,-1,-1,-1
351,67,520.03,837.61,608.47,964.32,1,-1,-1,-1
352,1,744.33,132.91,866.89,395.91,1,-1,-1,-1
352,45,364.50,703.15,538.42,915.88,1,-1,-1,-1
352,67,520.05,837.36,608.92,964.09,1,-1,-1,-1
353,1,739.31,136.23,864.74,405.84,1,-1,-1,-1
353,45,350.23,741.30,521.92,948.77,1,-1,-1,-1
353,67,516.92,841.24,605.47,967.51,1,-1,-1,-1
354,1,736.58,138.78,864.17,414.13,1,-1,-1,-1
354,45,342.13,760.26,510.59,959.73,1,-1,-1,-1
355,1,735.20,139.74,863.69,417.92,1,-1,-1,-1
355,45,332.44,773.71,503.98,974.31,1,-1,-1,-1
356,1,734.81,140.75,862.80,418.66,1,-1,-1,-1
356,45,325.05,788.32,495.74,986.71,1,-1,-1,-1
357,1,734.54,141.77,862.00,419.52,1,-1,-1,-1
357,45,320.35,798.21,489.73,995.07,1,-1,-1,-1
358,1,732.13,143.45,858.82,419.78,1,-1,-1,-1
358,115,471.81,928.62,572.16,1048.40,1,-1,-1,-1
359,1,731.30,144.07,856.94,417.83,1,-1,-1,-1
359,115,467.20,937.91,566.91,1057.09,1,-1,-1,-1
360,1,730.76,144.27,855.88,416.37,1,-1,-1,-1
360,115,461.05,951.61,559.02,1068.39,1,-1,-1,-1
361,1,730.55,144.98,854.92,414.45,1,-1,-1,-1
361,115,457.50,960.44,554.79,1076.40,1,-1,-1,-1
362,1,730.64,146.55,853.81,412.37,1,-1,-1,-1
363,1,730.96,149.10,852.53,410.23,1,-1,-1,-1
364,1,731.74,152.03,852.13,409.42,1,-1,-1,-1
365,1,731.92,153.08,852.18,409.12,1,-1,-1,-1
366,1,731.39,156.09,853.51,415.01,1,-1,-1,-1
367,1,734.91,159.15,857.62,416.53,1,-1,-1,-1
368,1,735.91,160.25,859.55,417.08,1,-1,-1,-1
369,1,735.91,166.57,862.64,427.22,1,-1,-1,-1
370,1,735.55,168.88,864.14,430.97,1,-1,-1,-1
371,1,735.10,169.68,865.01,432.33,1,-1,-1,-1
372,1,739.90,178.48,867.60,434.75,1,-1,-1,-1
373,1,741.46,181.73,868.81,435.57,1,-1,-1,-1
374,1,741.79,182.84,869.47,435.81,1,-1,-1,-1
375,1,741.67,183.15,869.90,435.83,1,-1,-1,-1
376,1,741.40,183.17,870.23,435.78,1,-1,-1,-1
377,1,741.10,183.09,870.50,435.70,1,-1,-1,-1
378,1,740.81,182.98,870.74,435.62,1,-1,-1,-1
379,1,740.54,182.87,870.95,435.55,1,-1,-1,-1
380,1,740.29,182.77,871.15,435.49,1,-1,-1,-1
381,1,740.07,182.68,871.32,435.43,1,-1,-1,-1
382,1,739.86,182.60,871.48,435.38,1,-1,-1,-1
383,1,739.68,182.53,871.62,435.33,1,-1,-1,-1
384,1,739.51,182.47,871.75,435.29,1,-1,-1,-1
385,1,739.36,182.41,871.87,435.26,1,-1,-1,-1
386,1,750.41,210.13,890.55,480.85,1,-1,-1,-1
387,1,754.98,220.35,896.94,497.67,1,-1,-1,-1
388,1,757.16,224.24,898.95,504.09,1,-1,-1,-1
388,120,840.00,-100.00,943.00,119.00,1,-1,-1,-1
389,1,758.32,225.58,899.24,506.32,1,-1,-1,-1
389,120,840.00,-100.00,943.00,119.00,1,-1,-1,-1
390,1,759.05,225.93,898.90,506.93,1,-1,-1,-1
390,120,840.00,-100.00,943.00,119.00,1,-1,-1,-1
391,1,759.59,225.92,898.36,506.94,1,-1,-1,-1
391,120,840.00,-100.00,943.00,119.00,1,-1,-1,-1
392,1,760.03,225.78,897.79,506.74,1,-1,-1,-1
392,120,840.00,-100.00,943.00,119.00,1,-1,-1,-1
393,1,760.41,225.61,897.23,506.48,1,-1,-1,-1
393,120,840.00,-100.00,943.00,119.00,1,-1,-1,-1
394,1,769.43,241.88,905.13,521.99,1,-1,-1,-1
394,120,815.49,-54.31,927.28,182.41,1,-1,-1,-1
395,1,772.61,248.60,908.92,531.68,1,-1,-1,-1
395,120,806.39,-34.64,921.92,209.11,1,-1,-1,-1
396,1,777.40,254.29,908.60,527.29,1,-1,-1,-1
396,120,799.89,-18.73,914.54,221.75,1,-1,-1,-1
397,1,778.84,257.58,909.31,529.29,1,-1,-1,-1
397,120,794.48,-6.36,907.63,229.35,1,-1,-1,-1
398,1,780.36,259.98,909.10,528.56,1,-1,-1,-1
398,120,791.27,3.21,903.88,237.01,1,-1,-1,-1
399,1,785.41,264.70,911.03,526.78,1,-1,-1,-1
399,120,785.82,12.39,899.09,247.41,1,-1,-1,-1
400,1,786.82,267.62,912.73,530.64,1,-1,-1,-1
400,120,780.33,20.76,893.77,256.19,1,-1,-1,-1
401,1,791.59,271.89,916.28,531.95,1,-1,-1,-1
401,120,777.24,29.49,889.80,263.04,1,-1,-1,-1
402,1,794.24,276.65,919.25,536.31,1,-1,-1,-1
402,120,772.36,39.02,883.10,269.16,1,-1,-1,-1
403,1,798.61,279.60,924.78,539.15,1,-1,-1,-1
403,120,765.88,49.53,876.94,280.35,1,-1,-1,-1
404,1,803.61,285.20,931.27,544.74,1,-1,-1,-1
404,120,759.78,59.07,870.03,288.15,1,-1,-1,-1
405,1,805.51,290.46,935.46,552.03,1,-1,-1,-1
405,120,757.56,68.91,866.41,294.66,1,-1,-1,-1
406,1,804.88,293.60,938.82,561.90,1,-1,-1,-1
406,120,753.03,80.20,861.83,305.35,1,-1,-1,-1
407,1,809.18,297.27,943.22,563.53,1,-1,-1,-1
407,120,746.15,89.36,856.35,315.64,1,-1,-1,-1
408,1,811.89,300.47,944.26,562.62,1,-1,-1,-1
408,120,742.48,99.71,854.42,327.74,1,-1,-1,-1
409,1,811.58,302.84,947.06,570.74,1,-1,-1,-1
409,120,740.24,110.51,853.59,338.55,1,-1,-1,-1
410,1,815.33,307.55,951.31,576.93,1,-1,-1,-1
410,120,734.58,120.82,850.52,351.50,1,-1,-1,-1
411,1,818.55,310.51,952.89,577.15,1,-1,-1,-1
411,120,732.44,130.28,849.67,360.63,1,-1,-1,-1
412,1,824.66,313.45,956.32,575.07,1,-1,-1,-1
412,120,728.32,141.39,844.41,366.33,1,-1,-1,-1
413,1,827.97,314.40,959.03,574.78,1,-1,-1,-1
413,120,721.17,151.15,839.04,378.02,1,-1,-1,-1
414,1,833.21,315.95,963.11,573.90,1,-1,-1,-1
414,120,718.49,160.40,836.67,386.00,1,-1,-1,-1
415,1,836.80,317.72,965.44,572.79,1,-1,-1,-1
415,120,713.55,170.12,830.78,392.59,1,-1,-1,-1
416,1,840.66,320.26,970.86,577.61,1,-1,-1,-1
416,120,706.98,179.35,823.64,399.99,1,-1,-1,-1
417,1,844.78,323.08,977.91,586.61,1,-1,-1,-1
417,120,698.93,188.40,817.58,412.37,1,-1,-1,-1
418,1,847.63,325.36,981.01,589.25,1,-1,-1,-1
418,120,695.88,198.71,813.71,419.98,1,-1,-1,-1
419,1,851.00,328.09,986.87,597.38,1,-1,-1,-1
419,120,689.67,208.84,810.41,434.41,1,-1,-1,-1
420,1,853.39,330.33,989.70,601.00,1,-1,-1,-1
420,120,684.68,218.24,811.48,453.31,1,-1,-1,-1
421,1,856.96,333.71,994.41,607.49,1,-1,-1,-1
421,120,681.62,228.66,812.66,470.56,1,-1,-1,-1
422,1,859.10,334.89,997.13,610.49,1,-1,-1,-1
422,120,676.62,239.48,808.16,480.09,1,-1,-1,-1
423,1,860.50,335.89,998.63,612.79,1,-1,-1,-1
423,120,670.24,251.12,803.34,492.46,1,-1,-1,-1
424,1,863.49,336.83,1003.70,619.44,1,-1,-1,-1
424,120,666.81,261.09,800.18,500.69,1,-1,-1,-1
425,1,865.49,337.10,1005.85,621.84,1,-1,-1,-1
425,120,660.23,270.41,797.34,513.91,1,-1,-1,-1
426,1,866.62,336.47,1006.72,622.61,1,-1,-1,-1
426,120,656.60,278.19,796.38,524.43,1,-1,-1,-1
427,1,870.61,334.18,1009.15,618.83,1,-1,-1,-1
427,120,653.14,288.65,791.19,530.00,1,-1,-1,-1
428,1,872.91,331.26,1011.04,616.59,1,-1,-1,-1
428,120,651.15,296.85,788.90,535.59,1,-1,-1,-1
428,126,791.20,-97.55,865.80,53.75,1,-1,-1,-1
429,1,875.64,327.48,1012.31,610.39,1,-1,-1,-1
429,120,650.29,304.86,787.79,541.27,1,-1,-1,-1
429,126,795.29,-97.25,870.83,56.21,1,-1,-1,-1
430,1,881.27,324.68,1014.57,600.68,1,-1,-1,-1
430,120,647.41,312.13,781.61,541.02,1,-1,-1,-1
430,126,796.62,-98.58,872.46,55.55,1,-1,-1,-1
431,1,884.01,322.27,1015.90,594.95,1,-1,-1,-1
431,120,642.39,319.12,775.51,545.16,1,-1,-1,-1
431,126,797.45,-98.32,873.18,55.99,1,-1,-1,-1
432,1,889.63,319.37,1018.89,586.16,1,-1,-1,-1
432,120,636.57,326.03,768.14,550.39,1,-1,-1,-1
432,126,799.76,-94.71,872.66,54.03,1,-1,-1,-1
433,1,893.67,316.96,1019.84,576.88,1,-1,-1,-1
433,120,634.06,332.93,763.38,554.69,1,-1,-1,-1
433,126,801.17,-94.29,873.84,54.00,1,-1,-1,-1
434,1,895.51,314.74,1021.61,574.17,1,-1,-1,-1
434,120,629.57,339.81,758.17,560.66,1,-1,-1,-1
435,1,899.08,312.62,1025.83,573.26,1,-1,-1,-1
435,120,629.39,348.05,753.05,559.93,1,-1,-1,-1
436,1,901.09,311.20,1028.51,573.00,1,-1,-1,-1
436,120,625.25,354.77,748.20,564.69,1,-1,-1,-1
437,1,906.82,309.38,1031.61,565.70,1,-1,-1,-1
437,120,622.32,361.62,746.13,570.91,1,-1,-1,-1
438,1,909.47,307.40,1034.04,563.70,1,-1,-1,-1
438,120,616.03,367.86,742.19,578.33,1,-1,-1,-1
439,1,912.35,304.05,1038.80,565.05,1,-1,-1,-1
439,120,613.99,375.21,741.38,584.85,1,-1,-1,-1
440,1,914.80,300.21,1041.65,562.33,1,-1,-1,-1
440,120,611.79,380.31,742.85,593.70,1,-1,-1,-1
441,1,918.58,296.83,1046.90,562.04,1,-1,-1,-1
441,120,609.99,385.26,743.94,602.07,1,-1,-1,-1
442,1,920.89,294.30,1049.75,561.35,1,-1,-1,-1
442,120,604.97,390.82,740.38,608.94,1,-1,-1,-1
443,1,926.37,291.44,1053.89,555.89,1,-1,-1,-1
443,120,604.47,396.60,737.19,608.66,1,-1,-1,-1
444,1,929.39,286.47,1056.25,549.92,1,-1,-1,-1
444,120,599.21,401.81,732.01,612.22,1,-1,-1,-1
445,1,934.65,282.69,1061.36,546.44,1,-1,-1,-1
445,120,594.04,407.49,724.22,612.00,1,-1,-1,-1
446,1,941.26,276.08,1065.68,534.66,1,-1,-1,-1
446,120,586.08,409.98,718.89,618.36,1,-1,-1,-1
447,1,944.24,271.03,1068.53,528.98,1,-1,-1,-1
447,120,577.96,414.69,712.44,626.50,1,-1,-1,-1
448,1,949.50,266.60,1072.47,521.70,1,-1,-1,-1
448,120,573.54,422.18,702.43,626.09,1,-1,-1,-1
449,1,952.54,261.74,1075.26,515.80,1,-1,-1,-1
449,120,564.70,427.42,697.49,639.05,1,-1,-1,-1
450,1,955.36,256.07,1080.98,515.76,1,-1,-1,-1
450,120,560.23,433.14,696.47,651.50,1,-1,-1,-1
451,1,956.74,252.10,1084.54,516.53,1,-1,-1,-1
451,120,555.19,437.73,699.10,669.75,1,-1,-1,-1
452,1,959.00,248.76,1085.85,511.06,1,-1,-1,-1
452,120,548.58,444.48,696.66,682.97,1,-1,-1,-1
453,1,962.41,245.66,1090.11,510.44,1,-1,-1,-1
453,120,543.38,448.85,696.70,694.97,1,-1,-1,-1
454,1,964.75,241.33,1092.40,506.38,1,-1,-1,-1
454,120,538.01,456.15,692.62,702.59,1,-1,-1,-1
455,1,968.58,238.52,1097.30,506.28,1,-1,-1,-1
455,120,535.46,463.32,691.15,709.76,1,-1,-1,-1
456,1,969.59,234.95,1100.02,507.02,1,-1,-1,-1
456,120,531.07,471.73,685.83,714.81,1,-1,-1,-1
457,1,969.57,231.76,1101.89,508.71,1,-1,-1,-1
457,120,528.83,481.94,682.04,719.69,1,-1,-1,-1
458,1,968.91,228.71,1103.03,510.75,1,-1,-1,-1
458,120,526.16,491.51,676.15,723.19,1,-1,-1,-1
459,1,968.56,224.41,1102.71,508.34,1,-1,-1,-1
459,120,525.04,497.49,673.05,724.18,1,-1,-1,-1
460,1,968.31,220.27,1103.14,507.49,1,-1,-1,-1
460,120,521.20,504.78,666.95,726.93,1,-1,-1,-1
461,1,969.63,216.86,1102.37,501.35,1,-1,-1,-1
461,120,516.29,512.57,659.12,730.36,1,-1,-1,-1
462,1,973.93,211.76,1104.69,493.79,1,-1,-1,-1
462,120,513.26,520.53,649.03,728.02,1,-1,-1,-1
463,1,976.12,207.99,1104.19,485.08,1,-1,-1,-1
463,120,508.13,527.89,639.53,729.57,1,-1,-1,-1
464,1,978.26,204.07,1103.17,474.60,1,-1,-1,-1
464,120,506.36,536.37,634.34,732.65,1,-1,-1,-1
465,1,979.97,200.09,1102.39,464.81,1,-1,-1,-1
465,120,502.07,544.58,628.36,736.98,1,-1,-1,-1
466,1,979.95,196.09,1102.61,461.35,1,-1,-1,-1
466,120,500.15,554.04,626.26,744.48,1,-1,-1,-1
467,1,980.92,192.74,1102.27,454.91,1,-1,-1,-1
467,120,491.03,560.57,624.83,761.89,1,-1,-1,-1
468,1,981.56,190.32,1102.40,451.36,1,-1,-1,-1
468,120,481.20,568.70,621.82,779.23,1,-1,-1,-1
469,1,981.21,188.23,1102.94,451.55,1,-1,-1,-1
469,120,477.85,578.06,620.56,790.21,1,-1,-1,-1
470,1,981.78,185.59,1103.02,447.14,1,-1,-1,-1
470,120,472.65,586.61,616.52,799.39,1,-1,-1,-1
471,1,981.47,184.07,1103.48,446.98,1,-1,-1,-1
471,120,467.44,594.83,616.58,813.76,1,-1,-1,-1
472,1,981.44,182.30,1104.82,447.73,1,-1,-1,-1
472,120,461.58,602.91,612.28,823.49,1,-1,-1,-1
473,1,983.74,179.76,1108.89,448.80,1,-1,-1,-1
473,120,456.72,613.57,604.40,828.86,1,-1,-1,-1
474,1,983.93,178.25,1111.03,451.28,1,-1,-1,-1
474,120,450.96,623.25,597.06,833.82,1,-1,-1,-1
475,1,984.09,177.13,1112.34,452.32,1,-1,-1,-1
475,120,445.37,633.87,588.12,837.33,1,-1,-1,-1
476,1,984.47,175.49,1113.74,452.80,1,-1,-1,-1
476,120,439.01,643.50,580.09,841.63,1,-1,-1,-1
477,1,984.67,174.96,1114.15,453.05,1,-1,-1,-1
477,120,433.24,654.10,570.90,845.60,1,-1,-1,-1
478,1,988.75,172.23,1116.78,447.94,1,-1,-1,-1
478,120,427.60,664.37,562.03,849.44,1,-1,-1,-1
479,1,990.51,169.96,1118.15,445.40,1,-1,-1,-1
479,120,418.60,675.19,556.03,862.09,1,-1,-1,-1
480,1,993.01,168.53,1118.07,438.57,1,-1,-1,-1
480,120,405.67,688.19,545.85,876.48,1,-1,-1,-1
481,1,993.98,166.10,1118.56,434.73,1,-1,-1,-1
481,120,396.47,699.99,546.92,901.54,1,-1,-1,-1
482,1,995.64,164.61,1118.02,428.08,1,-1,-1,-1
482,120,384.79,709.36,546.08,924.86,1,-1,-1,-1
483,1,996.41,162.81,1118.23,425.02,1,-1,-1,-1
483,120,372.89,721.04,544.53,950.92,1,-1,-1,-1
484,1,999.53,162.22,1120.72,423.33,1,-1,-1,-1
484,120,363.49,734.88,540.11,971.00,1,-1,-1,-1
485,1,1001.10,162.09,1121.83,422.15,1,-1,-1,-1
485,120,354.23,746.41,535.39,989.39,1,-1,-1,-1
486,1,1001.64,161.44,1122.85,422.48,1,-1,-1,-1
486,120,346.85,760.84,528.74,1004.47,1,-1,-1,-1
487,1,1001.91,161.93,1123.07,422.70,1,-1,-1,-1
487,120,341.56,777.09,520.63,1016.95,1,-1,-1,-1
488,1,1001.94,162.18,1123.14,422.88,1,-1,-1,-1
488,120,339.66,790.13,515.92,1025.12,1,-1,-1,-1
489,1,1001.51,162.98,1122.86,423.68,1,-1,-1,-1
489,120,335.88,805.84,508.47,1034.26,1,-1,-1,-1
490,1,1000.62,164.65,1124.07,430.01,1,-1,-1,-1
490,120,333.73,825.24,498.93,1041.13,1,-1,-1,-1
491,1,1000.00,165.96,1124.10,433.08,1,-1,-1,-1
491,120,328.16,842.73,489.26,1050.47,1,-1,-1,-1
492,1,999.40,167.15,1123.76,434.93,1,-1,-1,-1
492,120,319.41,860.75,475.38,1060.14,1,-1,-1,-1
493,1,996.12,167.61,1120.70,436.30,1,-1,-1,-1
493,120,314.64,877.60,461.58,1064.48,1,-1,-1,-1
494,1,994.79,168.46,1118.94,436.15,1,-1,-1,-1
494,120,304.85,894.03,446.73,1073.02,1,-1,-1,-1
495,1,993.41,170.11,1119.15,441.38,1,-1,-1,-1
495,120,292.70,907.50,450.12,1106.60,1,-1,-1,-1
496,1,992.88,171.39,1118.57,442.67,1,-1,-1,-1
496,120,285.54,921.90,442.42,1120.32,1,-1,-1,-1
497,1,992.69,172.53,1117.70,442.48,1,-1,-1,-1
498,1,993.90,173.61,1115.44,435.78,1,-1,-1,-1
499,1,994.37,174.01,1114.59,432.53,1,-1,-1,-1
500,1,993.36,175.47,1114.80,436.68,1,-1,-1,-1
501,1,993.00,176.00,1114.88,438.23,1,-1,-1,-1
502,1,992.88,176.18,1114.92,438.81,1,-1,-1,-1
503,1,992.85,176.23,1114.94,439.02,1,-1,-1,-1
504,1,992.85,176.23,1114.95,439.09,1,-1,-1,-1
505,1,992.86,176.21,1114.96,439.11,1,-1,-1,-1
506,1,992.87,176.19,1114.96,439.10,1,-1,-1,-1
507,1,992.89,176.17,1114.97,439.10,1,-1,-1,-1
508,1,992.90,176.15,1114.97,439.09,1,-1,-1,-1
509,1,992.91,176.13,1114.97,439.08,1,-1,-1,-1
510,1,992.92,176.12,1114.98,439.07,1,-1,-1,-1
511,1,992.93,176.10,1114.98,439.06,1,-1,-1,-1
512,1,992.94,176.09,1114.98,439.05,1,-1,-1,-1
513,1,992.95,176.08,1114.98,439.05,1,-1,-1,-1
514,1,992.96,176.07,1114.98,439.04,1,-1,-1,-1
515,1,992.96,176.06,1114.98,439.04,1,-1,-1,-1
516,1,992.97,176.05,1114.98,439.03,1,-1,-1,-1
517,1,992.97,176.05,1114.98,439.03,1,-1,-1,-1
518,1,992.98,176.04,1114.98,439.02,1,-1,-1,-1
519,1,1000.23,211.72,1120.30,470.08,1,-1,-1,-1
520,1,1001.51,227.22,1123.10,488.49,1,-1,-1,-1
521,1,1001.92,232.83,1124.17,495.19,1,-1,-1,-1
522,1,1002.00,234.75,1124.58,497.53,1,-1,-1,-1
523,1,1001.97,235.27,1124.74,498.21,1,-1,-1,-1
524,1,1001.89,235.29,1124.80,498.28,1,-1,-1,-1
525,1,1001.81,235.12,1124.83,498.14,1,-1,-1,-1
526,1,1001.73,234.91,1124.85,497.94,1,-1,-1,-1
527,1,1001.66,234.70,1124.86,497.73,1,-1,-1,-1
528,1,1001.59,234.51,1124.86,497.53,1,-1,-1,-1
529,1,1001.53,234.33,1124.87,497.35,1,-1,-1,-1
530,1,1001.48,234.18,1124.88,497.19,1,-1,-1,-1
531,1,1001.16,272.36,1125.15,536.70,1,-1,-1,-1
532,1,1001.05,286.65,1125.23,551.48,1,-1,-1,-1
533,1,1000.09,297.77,1125.49,565.42,1,-1,-1,-1
533,146,432.16,7.13,544.93,135.91,1,-1,-1,-1
534,1,999.76,301.73,1125.55,570.43,1,-1,-1,-1
534,146,430.28,10.32,543.38,139.34,1,-1,-1,-1
535,1,999.92,310.85,1123.96,575.33,1,-1,-1,-1
535,146,423.96,19.93,548.12,161.53,1,-1,-1,-1
536,1,999.93,314.02,1123.39,576.87,1,-1,-1,-1
536,146,421.87,23.07,549.75,168.85,1,-1,-1,-1
537,1,999.87,314.95,1123.24,577.18,1,-1,-1,-1
537,146,421.25,23.95,550.40,171.10,1,-1,-1,-1
537,147,930.00,-118.00,1024.00,71.00,1,-1,-1,-1
537,148,435.00,-45.00,595.00,96.00,1,-1,-1,-1
538,1,1000.62,326.30,1123.07,585.67,1,-1,-1,-1
538,146,417.75,40.17,545.31,185.63,1,-1,-1,-1
538,147,929.93,-119.53,1025.60,72.53,1,-1,-1,-1
538,148,414.27,-45.00,584.44,105.92,1,-1,-1,-1
539,1,998.47,334.32,1124.78,601.25,1,-1,-1,-1
539,146,418.28,50.79,543.67,193.43,1,-1,-1,-1
539,147,934.11,-116.36,1030.69,77.40,1,-1,-1,-1
539,148,400.57,-46.42,588.09,121.21,1,-1,-1,-1
540,1,997.14,341.05,1125.95,612.09,1,-1,-1,-1
540,146,414.02,60.53,544.30,208.73,1,-1,-1,-1
540,147,933.11,-119.51,1035.52,85.43,1,-1,-1,-1
540,148,397.14,-41.58,586.88,129.27,1,-1,-1,-1
540,149,1511.52,-37.48,1652.03,212.36,1,-1,-1,-1
541,1,996.48,343.36,1126.54,615.97,1,-1,-1,-1
541,146,412.51,63.94,544.55,214.13,1,-1,-1,-1
541,147,932.64,-120.63,1037.25,88.18,1,-1,-1,-1
541,148,396.88,-39.63,586.04,132.02,1,-1,-1,-1
541,149,1512.18,-34.81,1651.87,213.16,1,-1,-1,-1
542,1,996.11,343.98,1126.89,617.16,1,-1,-1,-1
542,146,412.04,64.94,544.67,215.79,1,-1,-1,-1
542,147,932.34,-121.03,1037.86,89.06,1,-1,-1,-1
542,148,397.66,-38.92,585.30,132.72,1,-1,-1,-1
542,149,1512.23,-34.15,1651.93,213.33,1,-1,-1,-1
542,150,1181.00,-99.00,1270.00,59.00,1,-1,-1,-1
543,1,992.44,358.45,1123.98,632.46,1,-1,-1,-1
543,146,408.38,79.53,541.07,229.89,1,-1,-1,-1
543,147,932.74,-121.50,1039.87,91.79,1,-1,-1,-1
543,148,391.94,-32.03,583.42,145.36,1,-1,-1,-1
543,149,1518.79,-25.45,1655.45,216.21,1,-1,-1,-1
543,150,1181.00,-99.00,1270.00,59.00,1,-1,-1,-1
544,1,990.96,363.72,1122.96,638.02,1,-1,-1,-1
544,146,406.94,84.86,539.85,234.93,1,-1,-1,-1
544,148,390.75,-29.47,581.96,149.95,1,-1,-1,-1
544,149,1520.93,-22.59,1656.76,217.16,1,-1,-1,-1
545,1,990.33,365.47,1122.67,639.84,1,-1,-1,-1
545,146,406.35,86.60,539.55,236.50,1,-1,-1,-1
545,148,391.27,-28.55,580.71,151.45,1,-1,-1,-1
545,149,1521.50,-21.77,1657.27,217.43,1,-1,-1,-1
546,1,992.14,378.40,1126.48,656.73,1,-1,-1,-1
546,146,404.55,105.47,532.55,248.65,1,-1,-1,-1
546,148,383.96,-17.77,578.83,169.49,1,-1,-1,-1
546,149,1526.66,-15.44,1661.31,220.91,1,-1,-1,-1
547,1,992.45,387.02,1128.31,668.12,1,-1,-1,-1
547,146,400.85,117.74,531.68,263.64,1,-1,-1,-1
547,148,381.08,-9.84,577.08,180.06,1,-1,-1,-1
547,149,1529.75,-11.93,1662.80,220.75,1,-1,-1,-1
548,1,993.14,394.64,1129.76,676.11,1,-1,-1,-1
548,146,396.35,127.96,526.69,273.51,1,-1,-1,-1
548,148,384.53,-1.00,570.77,180.03,1,-1,-1,-1
548,149,1529.37,-8.77,1664.01,226.08,1,-1,-1,-1
548,151,218.09,-110.35,359.92,59.51,1,-1,-1,-1
549,1,993.65,399.91,1129.40,678.18,1,-1,-1,-1
549,146,395.21,138.11,523.05,280.19,1,-1,-1,-1
549,148,378.47,6.29,568.08,192.21,1,-1,-1,-1
549,149,1527.69,-5.74,1665.85,234.70,1,-1,-1,-1
549,151,221.86,-71.08,344.84,73.47,1,-1,-1,-1
550,1,991.49,406.91,1126.32,681.27,1,-1,-1,-1
550,146,393.75,146.91,522.89,288.98,1,-1,-1,-1
550,148,377.79,11.49,565.01,195.90,1,-1,-1,-1
550,149,1526.15,-5.40,1667.34,239.80,1,-1,-1,-1
550,151,219.04,-60.51,342.36,81.21,1,-1,-1,-1
551,1,990.42,409.27,1125.41,682.14,1,-1,-1,-1
551,146,392.93,149.88,523.26,291.94,1,-1,-1,-1
551,148,377.97,13.32,563.65,197.00,1,-1,-1,-1
551,149,1525.43,-5.40,1667.94,241.63,1,-1,-1,-1
551,151,217.13,-57.83,342.90,83.23,1,-1,-1,-1
552,1,990.39,418.52,1123.39,684.86,1,-1,-1,-1
552,146,385.89,161.93,520.34,307.96,1,-1,-1,-1
552,148,372.46,25.04,561.03,212.30,1,-1,-1,-1
552,149,1523.19,-0.24,1670.02,253.43,1,-1,-1,-1
552,151,206.83,-43.05,335.65,100.21,1,-1,-1,-1
553,1,989.07,425.07,1122.63,689.60,1,-1,-1,-1
553,146,383.86,172.75,518.76,318.30,1,-1,-1,-1
553,148,371.73,36.52,557.54,221.14,1,-1,-1,-1
553,149,1522.22,6.85,1670.21,261.70,1,-1,-1,-1
553,151,202.08,-32.82,331.79,109.29,1,-1,-1,-1
554,1,988.72,433.24,1121.56,693.81,1,-1,-1,-1
554,146,376.88,181.82,515.96,331.77,1,-1,-1,-1
554,148,370.44,44.69,556.81,230.17,1,-1,-1,-1
554,149,1522.24,11.42,1670.47,266.69,1,-1,-1,-1
554,151,197.70,-26.93,332.74,119.09,1,-1,-1,-1
555,1,988.13,441.36,1120.99,699.82,1,-1,-1,-1
555,146,373.72,190.85,514.27,341.79,1,-1,-1,-1
555,148,367.15,54.15,550.97,237.26,1,-1,-1,-1
555,149,1525.61,16.32,1675.04,274.34,1,-1,-1,-1
555,151,192.47,-19.75,330.19,127.73,1,-1,-1,-1
556,1,984.20,449.45,1117.86,707.17,1,-1,-1,-1
556,146,373.58,200.53,512.74,348.54,1,-1,-1,-1
556,148,359.44,62.14,547.47,250.88,1,-1,-1,-1
556,149,1522.32,20.67,1674.07,282.99,1,-1,-1,-1
556,151,191.15,-11.46,327.57,132.60,1,-1,-1,-1
556,153,1228.50,-40.74,1321.49,147.51,1,-1,-1,-1
557,1,980.62,457.52,1118.17,721.00,1,-1,-1,-1
557,146,368.45,211.12,508.19,359.95,1,-1,-1,-1
557,148,358.83,68.22,543.40,254.47,1,-1,-1,-1
557,149,1524.15,25.47,1677.08,291.34,1,-1,-1,-1
557,151,184.42,-6.14,325.03,140.78,1,-1,-1,-1
557,153,1230.83,-32.42,1320.57,149.40,1,-1,-1,-1
558,1,978.78,465.57,1118.86,731.23,1,-1,-1,-1
558,146,366.46,220.06,506.71,368.52,1,-1,-1,-1
558,148,355.37,76.21,544.02,267.34,1,-1,-1,-1
558,149,1521.78,31.74,1674.72,298.27,1,-1,-1,-1
558,151,179.35,-0.47,324.25,149.52,1,-1,-1,-1
558,153,1230.58,-32.08,1321.83,153.00,1,-1,-1,-1
559,1,977.74,468.35,1119.53,734.85,1,-1,-1,-1
559,146,365.58,223.10,506.46,371.40,1,-1,-1,-1
559,148,354.38,79.02,544.09,271.95,1,-1,-1,-1
559,149,1520.95,33.99,1673.66,300.71,1,-1,-1,-1
559,151,177.17,1.34,324.49,152.51,1,-1,-1,-1
559,153,1230.49,-32.07,1322.17,154.13,1,-1,-1,-1
559,154,957.27,-24.89,1065.89,146.11,1,-1,-1,-1
560,1,977.05,469.12,1120.15,735.94,1,-1,-1,-1
560,146,365.15,223.91,506.66,372.13,1,-1,-1,-1
560,148,354.33,79.85,544.02,273.40,1,-1,-1,-1
560,149,1520.72,34.69,1673.13,301.42,1,-1,-1,-1
560,151,176.11,1.69,325.07,153.32,1,-1,-1,-1
560,153,1230.44,-32.18,1322.21,154.45,1,-1,-1,-1
560,154,957.57,-24.67,1065.90,146.33,1,-1,-1,-1
561,1,976.51,469.15,1120.72,736.10,1,-1,-1,-1
561,146,364.89,223.90,506.99,372.08,1,-1,-1,-1
561,148,354.61,79.93,543.89,273.65,1,-1,-1,-1
561,149,1520.71,34.82,1672.81,301.50,1,-1,-1,-1
561,151,175.49,1.53,325.75,153.34,1,-1,-1,-1
561,153,1230.42,-32.30,1322.16,154.51,1,-1,-1,-1
561,154,957.73,-24.68,1065.73,146.32,1,-1,-1,-1
562,1,967.53,481.48,1117.89,759.69,1,-1,-1,-1
562,146,357.22,244.74,498.34,390.91,1,-1,-1,-1
562,148,346.65,98.13,535.67,292.52,1,-1,-1,-1
562,149,1522.39,44.60,1670.32,304.63,1,-1,-1,-1
562,151,165.06,15.76,318.54,168.98,1,-1,-1,-1
562,153,1231.39,-34.45,1329.98,166.74,1,-1,-1,-1
562,154,952.16,-36.89,1074.10,157.73,1,-1,-1,-1
563,1,964.18,485.95,1116.86,768.36,1,-1,-1,-1
563,146,354.15,252.34,495.39,397.75,1,-1,-1,-1
563,148,343.96,104.85,532.36,299.45,1,-1,-1,-1
563,149,1523.14,48.18,1669.25,305.63,1,-1,-1,-1
563,151,160.72,20.90,316.42,174.65,1,-1,-1,-1
563,153,1231.80,-35.25,1332.71,171.13,1,-1,-1,-1
563,154,950.67,-41.04,1076.54,161.61,1,-1,-1,-1
564,1,961.27,493.30,1110.35,767.51,1,-1,-1,-1
564,146,347.58,263.50,489.94,409.94,1,-1,-1,-1
564,148,341.41,115.71,530.20,310.99,1,-1,-1,-1
564,149,1527.04,51.36,1672.52,308.50,1,-1,-1,-1
564,151,154.97,30.50,312.05,184.44,1,-1,-1,-1
564,153,1234.99,-33.62,1338.52,177.97,1,-1,-1,-1
564,154,953.54,-42.56,1081.23,164.95,1,-1,-1,-1
565,1,957.51,499.16,1102.62,764.13,1,-1,-1,-1
565,146,346.19,272.01,487.67,416.86,1,-1,-1,-1
565,148,337.43,120.25,525.37,315.09,1,-1,-1,-1
565,149,1529.34,53.73,1672.87,308.11,1,-1,-1,-1
565,151,151.46,35.19,309.99,189.21,1,-1,-1,-1
565,153,1235.28,-35.62,1342.25,183.75,1,-1,-1,-1
565,154,955.85,-39.09,1083.11,169.39,1,-1,-1,-1
566,1,955.93,501.09,1100.05,762.58,1,-1,-1,-1
566,146,345.61,274.87,487.11,419.12,1,-1,-1,-1
566,148,336.16,121.71,523.49,316.33,1,-1,-1,-1
566,149,1530.29,54.47,1672.88,307.81,1,-1,-1,-1
566,151,149.90,36.70,309.70,190.74,1,-1,-1,-1
566,153,1235.47,-36.41,1343.50,185.86,1,-1,-1,-1
566,154,957.09,-37.64,1083.39,170.96,1,-1,-1,-1
567,1,953.61,501.59,1097.66,761.15,1,-1,-1,-1
567,146,342.81,283.59,487.05,430.26,1,-1,-1,-1
567,148,332.99,127.94,525.69,328.38,1,-1,-1,-1
567,149,1528.26,57.27,1668.58,306.25,1,-1,-1,-1
567,151,146.10,46.26,305.12,198.99,1,-1,-1,-1
567,153,1234.38,-39.98,1345.68,190.43,1,-1,-1,-1
567,154,960.68,-42.27,1087.53,168.78,1,-1,-1,-1
568,1,949.38,502.23,1092.30,758.44,1,-1,-1,-1
568,146,342.75,289.22,486.20,434.18,1,-1,-1,-1
568,148,333.61,134.03,522.89,330.76,1,-1,-1,-1
568,149,1530.13,56.84,1670.95,307.54,1,-1,-1,-1
568,151,144.47,54.26,301.83,204.50,1,-1,-1,-1
568,153,1234.01,-42.00,1347.02,193.38,1,-1,-1,-1
568,154,962.54,-45.30,1089.84,168.50,1,-1,-1,-1
569,1,946.96,502.26,1090.65,757.92,1,-1,-1,-1
569,146,336.76,292.34,484.76,441.94,1,-1,-1,-1
569,148,332.44,138.07,524.13,337.25,1,-1,-1,-1
569,149,1531.35,57.24,1671.28,307.28,1,-1,-1,-1
569,151,140.91,57.66,297.16,206.30,1,-1,-1,-1
569,153,1233.96,-39.55,1347.99,198.92,1,-1,-1,-1
569,154,964.93,-45.09,1090.24,166.99,1,-1,-1,-1
570,1,942.75,502.11,1086.20,756.28,1,-1,-1,-1
570,146,333.58,296.58,483.99,448.55,1,-1,-1,-1
570,148,329.56,142.02,518.64,338.16,1,-1,-1,-1
570,149,1531.28,56.61,1671.90,309.08,1,-1,-1,-1
570,151,137.60,58.01,296.30,208.06,1,-1,-1,-1
570,153,1238.69,-39.88,1350.65,195.11,1,-1,-1,-1
570,154,967.57,-42.30,1089.20,164.33,1,-1,-1,-1
571,1,940.46,499.23,1084.11,751.56,1,-1,-1,-1
571,146,331.33,298.59,484.25,453.42,1,-1,-1,-1
571,148,326.30,144.60,518.89,344.15,1,-1,-1,-1
571,149,1531.26,56.29,1672.10,310.35,1,-1,-1,-1
571,151,134.73,57.28,297.17,210.51,1,-1,-1,-1
571,153,1240.67,-40.00,1351.44,192.80,1,-1,-1,-1
571,154,972.29,-41.82,1092.25,163.23,1,-1,-1,-1
572,1,938.74,496.68,1083.07,749.04,1,-1,-1,-1
572,146,332.84,301.73,482.13,452.41,1,-1,-1,-1
572,148,325.70,147.36,517.18,344.90,1,-1,-1,-1
572,149,1527.39,57.41,1669.40,314.71,1,-1,-1,-1
572,151,133.97,62.07,296.06,214.54,1,-1,-1,-1
572,153,1241.71,-40.05,1351.99,191.81,1,-1,-1,-1
572,154,975.83,-39.61,1092.84,161.44,1,-1,-1,-1
573,1,934.80,496.29,1079.53,749.37,1,-1,-1,-1
573,146,328.82,305.93,478.86,456.95,1,-1,-1,-1
573,148,324.17,151.49,510.75,343.58,1,-1,-1,-1
573,149,1526.30,57.76,1668.65,316.95,1,-1,-1,-1
573,151,129.57,63.69,293.38,217.85,1,-1,-1,-1
573,153,1242.73,-37.43,1350.82,188.06,1,-1,-1,-1
573,154,976.63,-40.07,1094.10,162.72,1,-1,-1,-1
574,1,933.22,495.41,1077.83,748.79,1,-1,-1,-1
574,146,326.24,306.65,478.19,458.44,1,-1,-1,-1
574,148,321.48,154.15,510.62,348.83,1,-1,-1,-1
574,149,1525.93,57.83,1668.32,318.38,1,-1,-1,-1
574,151,129.63,68.74,290.17,219.58,1,-1,-1,-1
574,153,1243.82,-34.43,1349.53,183.87,1,-1,-1,-1
574,154,979.98,-40.88,1097.36,163.17,1,-1,-1,-1
575,1,932.00,494.34,1077.35,749.20,1,-1,-1,-1
575,146,324.21,309.35,479.15,464.05,1,-1,-1,-1
575,148,320.53,155.66,510.00,350.63,1,-1,-1,-1
575,149,1525.24,57.14,1668.10,320.16,1,-1,-1,-1
575,151,128.67,70.46,289.53,220.68,1,-1,-1,-1
575,153,1243.45,-33.98,1349.73,182.91,1,-1,-1,-1
575,154,981.99,-41.16,1099.03,163.31,1,-1,-1,-1
576,1,930.58,491.90,1078.30,751.31,1,-1,-1,-1
576,146,324.80,312.16,478.29,464.68,1,-1,-1,-1
576,148,316.84,156.70,513.27,359.04,1,-1,-1,-1
576,149,1524.88,56.17,1668.12,320.76,1,-1,-1,-1
576,151,127.05,71.60,290.07,222.93,1,-1,-1,-1
576,153,1243.12,-36.50,1349.91,178.53,1,-1,-1,-1
576,154,983.01,-37.95,1100.59,167.95,1,-1,-1,-1
577,1,928.78,488.32,1079.43,754.05,1,-1,-1,-1
577,146,324.37,313.68,478.13,465.97,1,-1,-1,-1
577,148,316.48,158.29,514.22,362.06,1,-1,-1,-1
577,149,1524.42,54.44,1668.46,321.56,1,-1,-1,-1
577,151,125.47,75.18,291.40,228.25,1,-1,-1,-1
577,153,1242.78,-38.12,1350.79,176.20,1,-1,-1,-1
577,154,982.83,-38.03,1101.61,170.34,1,-1,-1,-1
578,1,928.18,486.28,1079.90,755.06,1,-1,-1,-1
578,146,324.35,318.04,476.74,468.92,1,-1,-1,-1
578,148,317.73,160.70,512.71,361.06,1,-1,-1,-1
578,149,1524.96,51.78,1667.89,317.87,1,-1,-1,-1
578,151,124.99,77.05,291.28,229.46,1,-1,-1,-1
578,153,1242.58,-38.73,1351.79,175.33,1,-1,-1,-1
578,154,982.48,-38.71,1102.81,172.52,1,-1,-1,-1
579,1,927.73,484.17,1080.44,756.05,1,-1,-1,-1
579,146,325.06,320.83,475.62,469.18,1,-1,-1,-1
579,148,316.68,163.44,513.80,365.75,1,-1,-1,-1
579,149,1525.49,49.42,1667.36,314.41,1,-1,-1,-1
579,151,125.63,78.93,290.58,229.10,1,-1,-1,-1
579,153,1242.83,-39.62,1353.11,175.01,1,-1,-1,-1
579,154,980.69,-45.51,1104.80,172.65,1,-1,-1,-1
