4,3,772.81,537.27,858.86,738.62,1,-1,-1,-1
4,2,654.39,532.98,745.83,748.00,1,-1,-1,-1
5,3,770.14,537.18,857.86,742.23,1,-1,-1,-1
5,2,655.37,536.00,744.61,745.71,1,-1,-1,-1
6,3,770.04,538.03,857.67,742.65,1,-1,-1,-1
6,2,655.47,536.98,743.70,744.23,1,-1,-1,-1
7,3,770.68,541.26,856.42,741.26,1,-1,-1,-1
7,2,650.12,535.81,739.40,745.24,1,-1,-1,-1
8,3,771.60,543.86,855.45,739.27,1,-1,-1,-1
8,2,649.20,537.48,737.07,743.51,1,-1,-1,-1
9,3,772.17,545.48,854.97,738.52,1,-1,-1,-1
9,2,648.61,538.05,735.95,742.93,1,-1,-1,-1
10,3,772.30,546.73,854.26,737.54,1,-1,-1,-1
10,2,648.20,538.91,735.17,742.75,1,-1,-1,-1
11,3,773.28,549.20,853.14,735.13,1,-1,-1,-1
11,2,648.20,539.19,734.85,742.04,1,-1,-1,-1
12,3,767.99,547.33,849.56,736.99,1,-1,-1,-1
12,2,645.29,540.62,730.98,741.12,1,-1,-1,-1
13,3,766.57,547.30,848.51,737.66,1,-1,-1,-1
13,2,644.40,542.47,728.78,740.14,1,-1,-1,-1
14,3,765.31,546.60,848.28,739.25,1,-1,-1,-1
14,2,643.72,543.80,727.09,739.13,1,-1,-1,-1
15,3,765.41,548.31,847.04,737.85,1,-1,-1,-1
15,2,643.82,545.59,725.57,737.45,1,-1,-1,-1
16,3,765.50,548.94,846.63,737.30,1,-1,-1,-1
16,2,639.88,546.21,721.00,736.86,1,-1,-1,-1
17,3,766.62,551.83,845.47,735.09,1,-1,-1,-1
17,2,638.12,546.40,719.06,736.68,1,-1,-1,-1
18,3,767.43,554.90,844.05,732.92,1,-1,-1,-1
18,2,637.49,547.10,717.80,735.97,1,-1,-1,-1
19,3,763.02,553.29,840.89,734.16,1,-1,-1,-1
19,2,637.07,546.65,717.64,736.41,1,-1,-1,-1
20,3,761.90,553.35,839.32,733.29,1,-1,-1,-1
20,2,632.21,543.79,715.08,739.26,1,-1,-1,-1
20,20,1144.11,513.38,1247.02,766.03,1,-1,-1,-1
21,3,761.48,554.01,838.15,732.31,1,-1,-1,-1
21,2,630.68,544.03,713.28,739.02,1,-1,-1,-1
21,20,1146.12,515.78,1248.09,765.90,1,-1,-1,-1
22,3,761.59,555.56,836.88,730.62,1,-1,-1,-1
22,2,630.83,546.75,711.35,736.95,1,-1,-1,-1
22,20,1147.48,517.18,1248.98,765.88,1,-1,-1,-1
23,3,762.13,557.45,836.00,729.34,1,-1,-1,-1
23,2,625.77,545.77,707.21,738.18,1,-1,-1,-1
23,20,1148.11,517.55,1249.64,765.89,1,-1,-1,-1
24,3,762.84,559.46,835.25,728.22,1,-1,-1,-1
24,2,625.22,548.69,704.47,736.00,1,-1,-1,-1
24,20,1152.65,519.00,1253.13,764.50,1,-1,-1,-1
25,3,763.24,560.84,834.24,726.49,1,-1,-1,-1
25,2,623.81,549.12,702.81,735.85,1,-1,-1,-1
25,20,1154.32,518.74,1254.85,764.02,1,-1,-1,-1
26,3,762.79,560.63,833.86,726.56,1,-1,-1,-1
26,2,619.16,547.92,699.14,737.15,1,-1,-1,-1
26,20,1155.14,517.91,1256.46,764.55,1,-1,-1,-1
27,3,762.78,561.18,833.62,726.61,1,-1,-1,-1
27,2,618.09,549.44,697.25,736.98,1,-1,-1,-1
27,20,1161.10,521.63,1259.36,760.02,1,-1,-1,-1
28,3,763.38,562.69,832.99,725.32,1,-1,-1,-1
28,2,619.55,558.64,693.51,734.26,1,-1,-1,-1
28,20,1162.78,521.59,1261.46,760.40,1,-1,-1,-1
29,3,763.91,563.21,833.17,724.87,1,-1,-1,-1
29,2,620.39,562.78,692.07,733.25,1,-1,-1,-1
29,20,1166.83,517.49,1266.72,758.54,1,-1,-1,-1
30,3,759.35,564.04,830.01,729.41,1,-1,-1,-1
30,2,620.65,564.20,691.73,733.58,1,-1,-1,-1
30,20,1169.49,521.97,1267.33,757.89,1,-1,-1,-1
31,3,756.77,562.99,829.12,732.42,1,-1,-1,-1
31,2,615.45,562.63,688.26,736.41,1,-1,-1,-1
31,20,1170.51,522.96,1268.64,759.71,1,-1,-1,-1
32,3,755.99,562.57,829.30,734.21,1,-1,-1,-1
32,2,613.01,561.35,686.97,738.11,1,-1,-1,-1
32,20,1169.79,520.61,1270.05,762.41,1,-1,-1,-1
32,6,1099.80,565.81,1191.22,769.84,1,-1,-1,-1
33,3,755.93,563.70,828.56,733.57,1,-1,-1,-1
33,2,611.72,559.50,686.99,739.42,1,-1,-1,-1
33,20,1174.37,521.04,1274.18,761.44,1,-1,-1,-1
33,6,1101.24,567.44,1192.45,771.13,1,-1,-1,-1
34,3,755.18,563.44,828.42,734.63,1,-1,-1,-1
34,2,610.68,558.10,687.02,740.56,1,-1,-1,-1
34,20,1175.54,520.52,1276.15,762.40,1,-1,-1,-1
34,6,1103.03,570.09,1192.21,769.43,1,-1,-1,-1
35,3,754.91,563.33,828.40,735.02,1,-1,-1,-1
35,2,604.72,552.94,684.86,744.27,1,-1,-1,-1
35,20,1175.51,519.64,1277.20,763.43,1,-1,-1,-1
35,6,1104.03,571.07,1193.19,770.36,1,-1,-1,-1
36,3,748.57,557.99,826.79,740.42,1,-1,-1,-1
36,2,601.88,550.35,684.06,746.30,1,-1,-1,-1
36,20,1177.53,519.88,1279.14,763.48,1,-1,-1,-1
37,3,745.98,556.65,825.16,741.13,1,-1,-1,-1
37,2,600.81,546.10,683.86,744.47,1,-1,-1,-1
38,3,740.49,555.47,820.62,742.02,1,-1,-1,-1
38,2,600.70,545.77,682.97,742.43,1,-1,-1,-1
38,20,1190.68,525.97,1287.79,758.01,1,-1,-1,-1
39,3,733.65,553.73,815.22,743.63,1,-1,-1,-1
39,2,596.70,545.02,678.85,741.61,1,-1,-1,-1
39,20,1198.25,533.90,1292.67,759.94,1,-1,-1,-1
40,3,730.73,552.42,812.92,743.57,1,-1,-1,-1
40,2,595.58,546.73,676.35,739.98,1,-1,-1,-1
40,20,1200.39,532.46,1293.93,756.52,1,-1,-1,-1
41,3,730.44,551.94,810.69,738.29,1,-1,-1,-1
41,2,593.61,546.26,674.60,740.02,1,-1,-1,-1
41,20,1201.48,531.89,1294.55,754.63,1,-1,-1,-1
42,3,728.26,551.36,808.88,738.56,1,-1,-1,-1
42,2,590.40,553.73,668.27,740.02,1,-1,-1,-1
42,20,1201.85,532.30,1294.59,753.95,1,-1,-1,-1
43,2,585.94,558.14,661.32,737.96,1,-1,-1,-1
43,20,1201.88,531.74,1295.17,754.40,1,-1,-1,-1
44,2,583.23,558.30,658.82,738.60,1,-1,-1,-1
44,20,1201.07,529.51,1296.04,755.92,1,-1,-1,-1
45,2,578.53,558.34,655.12,740.83,1,-1,-1,-1
45,20,1203.11,529.92,1297.75,755.56,1,-1,-1,-1
46,2,575.70,557.01,653.67,742.99,1,-1,-1,-1
47,3,714.23,544.32,800.00,742.78,1,-1,-1,-1
47,2,573.41,555.83,653.23,746.43,1,-1,-1,-1
48,3,711.80,543.40,798.20,743.29,1,-1,-1,-1
48,2,566.92,554.71,650.36,752.95,1,-1,-1,-1
49,3,706.12,544.45,795.13,750.21,1,-1,-1,-1
49,2,560.63,554.93,645.44,755.41,1,-1,-1,-1
50,3,704.31,544.57,793.89,751.11,1,-1,-1,-1
50,2,557.53,554.36,643.11,756.31,1,-1,-1,-1
51,3,703.99,545.28,793.18,750.76,1,-1,-1,-1
51,2,555.53,553.48,641.94,757.26,1,-1,-1,-1
52,3,704.07,546.23,792.87,750.58,1,-1,-1,-1
52,2,550.76,549.23,638.53,756.26,1,-1,-1,-1
53,3,704.17,546.61,792.85,750.48,1,-1,-1,-1
53,2,549.15,551.52,636.56,757.14,1,-1,-1,-1
54,3,704.73,548.08,792.45,749.76,1,-1,-1,-1
54,2,549.13,554.39,634.79,755.46,1,-1,-1,-1
55,3,705.14,549.32,792.24,749.45,1,-1,-1,-1
55,2,543.35,552.18,631.53,758.75,1,-1,-1,-1
56,3,705.81,551.11,791.75,748.65,1,-1,-1,-1
56,2,540.22,552.04,628.92,759.83,1,-1,-1,-1
56,20,1234.84,542.82,1328.70,768.63,1,-1,-1,-1
57,3,705.50,551.11,791.57,749.00,1,-1,-1,-1
57,2,533.80,549.66,625.43,763.30,1,-1,-1,-1
57,20,1236.16,542.56,1330.01,769.81,1,-1,-1,-1
58,3,705.71,551.11,791.92,749.11,1,-1,-1,-1
58,2,527.15,547.11,621.22,765.54,1,-1,-1,-1
58,20,1236.78,541.82,1330.95,770.87,1,-1,-1,-1
59,3,706.15,551.76,791.77,748.48,1,-1,-1,-1
59,2,524.61,546.83,618.60,764.38,1,-1,-1,-1
59,20,1239.04,542.50,1333.27,771.70,1,-1,-1,-1
59,1,1233.90,541.00,1332.06,770.97,1,-1,-1,-1
60,3,707.11,552.66,791.66,746.91,1,-1,-1,-1
60,2,519.76,543.48,613.87,761.26,1,-1,-1,-1
60,1,1235.27,540.63,1332.92,771.80,1,-1,-1,-1
61,3,706.67,551.00,792.48,748.30,1,-1,-1,-1
61,2,517.74,542.88,611.17,758.72,1,-1,-1,-1
61,1,1241.06,544.43,1335.10,768.13,1,-1,-1,-1
62,3,706.90,551.03,792.43,747.50,1,-1,-1,-1
62,2,512.45,540.70,607.02,758.38,1,-1,-1,-1
62,1,1243.75,545.85,1335.89,766.03,1,-1,-1,-1
63,3,707.12,551.04,792.33,746.53,1,-1,-1,-1
63,2,510.40,541.22,604.42,756.93,1,-1,-1,-1
63,1,1244.89,546.33,1336.52,765.93,1,-1,-1,-1
64,3,707.82,551.70,792.37,745.50,1,-1,-1,-1
64,2,503.45,537.50,600.65,759.66,1,-1,-1,-1
64,1,1244.65,545.12,1336.57,765.90,1,-1,-1,-1
65,3,708.28,549.95,791.55,740.46,1,-1,-1,-1
65,2,502.75,536.79,597.51,754.16,1,-1,-1,-1
65,1,1244.22,539.98,1337.43,764.57,1,-1,-1,-1
66,3,708.56,548.63,791.18,737.25,1,-1,-1,-1
66,2,502.23,536.57,595.58,751.33,1,-1,-1,-1
66,1,1244.18,538.04,1337.52,763.42,1,-1,-1,-1
67,3,713.50,549.47,794.89,734.75,1,-1,-1,-1
67,2,497.71,534.53,592.14,752.27,1,-1,-1,-1
67,1,1249.52,539.94,1340.66,760.35,1,-1,-1,-1
68,3,709.91,547.12,793.03,735.87,1,-1,-1,-1
68,2,495.53,533.81,590.23,752.63,1,-1,-1,-1
68,1,1251.89,540.67,1342.03,759.20,1,-1,-1,-1
69,3,708.06,544.94,792.87,736.97,1,-1,-1,-1
69,2,490.21,532.91,585.69,753.44,1,-1,-1,-1
69,1,1252.76,540.94,1342.42,758.81,1,-1,-1,-1
70,3,707.88,544.37,792.64,736.29,1,-1,-1,-1
70,2,488.61,533.27,583.12,751.79,1,-1,-1,-1
70,1,1253.40,541.70,1342.11,757.36,1,-1,-1,-1
71,3,708.81,543.96,791.21,730.47,1,-1,-1,-1
71,2,488.25,534.11,581.51,749.84,1,-1,-1,-1
71,1,1253.35,541.31,1342.15,757.51,1,-1,-1,-1
72,3,708.26,541.76,791.62,730.45,1,-1,-1,-1
72,2,488.51,535.13,580.76,748.46,1,-1,-1,-1
72,1,1253.47,540.50,1342.59,757.60,1,-1,-1,-1
73,3,708.19,541.01,791.64,729.78,1,-1,-1,-1
73,2,484.67,534.21,577.34,747.96,1,-1,-1,-1
73,1,1258.12,541.51,1345.99,755.67,1,-1,-1,-1
74,3,707.90,540.09,791.92,730.24,1,-1,-1,-1
74,2,483.90,536.53,574.26,744.48,1,-1,-1,-1
74,1,1254.38,535.23,1344.68,754.97,1,-1,-1,-1
75,3,712.84,541.75,794.91,727.80,1,-1,-1,-1
75,2,485.10,538.11,571.87,737.84,1,-1,-1,-1
75,1,1256.63,531.60,1348.37,754.73,1,-1,-1,-1
76,3,714.66,541.09,796.79,727.59,1,-1,-1,-1
76,2,485.40,538.03,570.69,734.06,1,-1,-1,-1
76,1,1257.71,529.58,1350.13,754.01,1,-1,-1,-1
77,3,709.35,535.56,795.50,731.51,1,-1,-1,-1
77,2,479.47,533.96,567.74,736.11,1,-1,-1,-1
77,1,1256.52,522.27,1351.65,753.11,1,-1,-1,-1
78,3,707.87,534.17,794.51,731.69,1,-1,-1,-1
78,2,478.48,531.83,564.94,730.30,1,-1,-1,-1
78,1,1256.68,518.89,1352.85,752.13,1,-1,-1,-1
79,3,712.23,533.68,797.04,727.19,1,-1,-1,-1
79,2,472.97,527.69,561.23,730.14,1,-1,-1,-1
79,1,1256.42,517.66,1352.88,751.13,1,-1,-1,-1
80,3,713.94,532.88,797.99,724.81,1,-1,-1,-1
80,2,470.83,526.20,559.46,729.48,1,-1,-1,-1
80,1,1257.20,515.85,1354.08,750.36,1,-1,-1,-1
81,3,715.31,533.94,797.60,721.97,1,-1,-1,-1
81,2,469.86,525.67,558.49,728.63,1,-1,-1,-1
82,3,710.63,531.72,794.61,723.60,1,-1,-1,-1
82,2,464.06,522.21,555.82,731.69,1,-1,-1,-1
82,1,1255.81,510.36,1354.19,748.97,1,-1,-1,-1
83,3,708.77,530.26,793.64,724.23,1,-1,-1,-1
83,2,462.52,523.56,553.02,729.59,1,-1,-1,-1
83,1,1255.89,510.15,1353.91,748.07,1,-1,-1,-1
84,3,707.33,528.43,793.34,725.16,1,-1,-1,-1
84,2,462.30,525.48,551.16,727.50,1,-1,-1,-1
84,1,1255.94,510.09,1353.78,747.76,1,-1,-1,-1
85,3,706.84,527.11,793.84,726.19,1,-1,-1,-1
85,2,462.64,528.24,549.58,725.43,1,-1,-1,-1
85,1,1255.96,510.13,1353.69,747.67,1,-1,-1,-1
86,3,706.07,526.00,793.99,727.26,1,-1,-1,-1
86,2,458.54,528.63,545.40,725.38,1,-1,-1,-1
86,1,1255.92,510.87,1353.00,747.00,1,-1,-1,-1
87,3,706.38,526.92,793.46,726.37,1,-1,-1,-1
87,2,457.41,530.78,542.96,724.08,1,-1,-1,-1
87,1,1256.02,511.86,1352.58,746.78,1,-1,-1,-1
88,3,706.65,527.98,793.12,726.04,1,-1,-1,-1
88,2,452.19,532.27,537.02,723.64,1,-1,-1,-1
88,1,1257.58,518.23,1351.53,746.06,1,-1,-1,-1
89,3,706.77,528.42,793.00,725.92,1,-1,-1,-1
89,2,445.56,531.48,531.68,725.52,1,-1,-1,-1
89,1,1257.47,520.03,1351.13,746.48,1,-1,-1,-1
90,3,707.45,529.27,793.00,725.23,1,-1,-1,-1
90,2,442.40,529.86,529.93,726.91,1,-1,-1,-1
90,1,1257.87,520.08,1351.29,745.98,1,-1,-1,-1
91,3,707.84,530.27,792.87,724.97,1,-1,-1,-1
91,2,435.50,526.62,525.98,730.10,1,-1,-1,-1
92,3,707.52,529.34,793.30,725.55,1,-1,-1,-1
92,2,427.86,522.13,521.88,733.27,1,-1,-1,-1
93,3,707.42,528.34,794.12,726.44,1,-1,-1,-1
93,2,425.56,522.38,519.24,732.54,1,-1,-1,-1
94,3,712.32,531.27,796.73,724.15,1,-1,-1,-1
94,2,424.67,522.52,517.88,731.59,1,-1,-1,-1
95,3,713.62,531.07,798.31,724.61,1,-1,-1,-1
95,2,423.68,522.60,516.97,731.88,1,-1,-1,-1
96,3,714.11,530.34,799.52,725.45,1,-1,-1,-1
96,2,419.26,522.00,513.65,733.96,1,-1,-1,-1
97,3,714.35,529.41,801.21,727.75,1,-1,-1,-1
97,2,417.47,521.13,512.72,735.39,1,-1,-1,-1
98,3,718.80,531.03,804.67,726.66,1,-1,-1,-1
98,2,417.42,522.14,511.96,735.28,1,-1,-1,-1
99,3,720.56,532.33,805.89,726.23,1,-1,-1,-1
99,2,418.42,528.47,510.22,735.22,1,-1,-1,-1
100,3,721.50,532.81,806.65,726.07,1,-1,-1,-1
100,2,418.88,532.24,509.06,735.17,1,-1,-1,-1
101,3,722.20,532.99,807.18,725.34,1,-1,-1,-1
101,2,419.73,534.96,508.14,733.81,1,-1,-1,-1
102,3,721.48,531.73,807.62,726.40,1,-1,-1,-1
102,2,414.73,533.94,504.59,735.97,1,-1,-1,-1
103,3,720.68,531.91,808.92,731.41,1,-1,-1,-1
103,2,412.91,534.20,502.72,736.10,1,-1,-1,-1
104,3,727.05,535.25,811.19,725.45,1,-1,-1,-1
104,2,412.15,534.94,501.61,736.14,1,-1,-1,-1
105,3,729.77,536.55,812.41,723.09,1,-1,-1,-1
105,2,406.65,532.54,498.61,739.45,1,-1,-1,-1
106,3,730.19,536.34,812.69,722.23,1,-1,-1,-1
106,2,404.98,532.94,496.58,739.37,1,-1,-1,-1
107,3,730.03,534.92,813.69,723.26,1,-1,-1,-1
107,2,404.95,533.74,495.38,737.99,1,-1,-1,-1
108,3,728.69,531.73,814.61,724.98,1,-1,-1,-1
108,2,404.70,533.37,494.69,736.78,1,-1,-1,-1
109,3,728.62,531.18,815.10,725.63,1,-1,-1,-1
109,2,400.14,532.55,490.44,736.32,1,-1,-1,-1
110,3,728.71,530.32,815.77,725.89,1,-1,-1,-1
110,2,398.67,528.27,489.40,733.50,1,-1,-1,-1
111,3,728.44,529.35,816.25,726.64,1,-1,-1,-1
111,2,398.09,526.66,488.53,731.77,1,-1,-1,-1
112,3,726.76,526.36,817.31,729.55,1,-1,-1,-1
112,2,394.03,527.38,483.62,731.13,1,-1,-1,-1
113,3,726.69,525.90,817.76,729.99,1,-1,-1,-1
113,2,392.63,527.01,481.78,730.24,1,-1,-1,-1
114,3,726.62,525.75,817.92,730.15,1,-1,-1,-1
114,2,391.71,526.89,480.33,729.26,1,-1,-1,-1
115,3,726.56,525.71,817.97,730.19,1,-1,-1,-1
115,2,387.32,526.19,476.70,730.23,1,-1,-1,-1
116,3,726.13,524.41,818.37,730.85,1,-1,-1,-1
116,2,385.33,525.94,474.51,729.30,1,-1,-1,-1
117,3,725.62,523.28,818.83,731.74,1,-1,-1,-1
117,2,380.39,525.86,469.45,728.96,1,-1,-1,-1
118,3,725.28,522.21,819.12,732.06,1,-1,-1,-1
118,2,378.33,525.84,467.25,728.84,1,-1,-1,-1
119,3,724.33,515.93,820.68,731.52,1,-1,-1,-1
119,2,377.76,526.51,465.74,727.50,1,-1,-1,-1
120,3,723.73,513.58,820.85,730.65,1,-1,-1,-1
120,2,376.67,522.13,465.60,725.67,1,-1,-1,-1
121,3,723.10,511.41,821.28,730.95,1,-1,-1,-1
121,2,372.21,518.53,462.50,725.67,1,-1,-1,-1
122,3,722.62,509.98,821.66,731.71,1,-1,-1,-1
122,2,370.37,517.19,460.96,725.69,1,-1,-1,-1
123,3,723.57,510.79,821.32,730.04,1,-1,-1,-1
123,2,370.30,518.03,459.27,723.09,1,-1,-1,-1
124,3,723.37,510.50,821.08,730.04,1,-1,-1,-1
124,2,365.68,516.41,455.46,724.11,1,-1,-1,-1
125,3,723.21,509.78,821.06,730.04,1,-1,-1,-1
125,2,364.11,516.49,453.36,723.20,1,-1,-1,-1
126,3,729.27,515.46,822.14,724.78,1,-1,-1,-1
126,2,363.44,517.21,451.51,721.55,1,-1,-1,-1
127,3,732.28,518.39,822.54,722.07,1,-1,-1,-1
127,2,363.91,518.85,450.27,719.62,1,-1,-1,-1
128,3,733.71,520.81,821.65,719.76,1,-1,-1,-1
128,2,359.64,518.16,446.45,720.26,1,-1,-1,-1
129,3,734.00,521.03,821.50,719.62,1,-1,-1,-1
129,2,357.99,515.93,444.56,717.88,1,-1,-1,-1
130,3,734.76,522.44,820.76,718.26,1,-1,-1,-1
130,2,353.52,515.10,439.92,717.01,1,-1,-1,-1
131,3,735.68,524.29,819.80,716.45,1,-1,-1,-1
131,2,352.00,516.14,436.86,714.73,1,-1,-1,-1
132,3,730.26,519.58,817.77,719.85,1,-1,-1,-1
132,2,352.11,518.56,434.57,711.90,1,-1,-1,-1
133,3,728.34,517.87,816.99,721.10,1,-1,-1,-1
133,2,352.37,520.15,433.03,709.55,1,-1,-1,-1
134,3,725.99,511.29,817.64,720.94,1,-1,-1,-1
134,2,352.94,521.42,432.17,707.39,1,-1,-1,-1
135,3,725.30,509.47,817.70,720.23,1,-1,-1,-1
135,2,349.69,521.88,428.09,705.98,1,-1,-1,-1
136,3,724.99,508.80,817.80,719.97,1,-1,-1,-1
136,2,348.81,522.71,426.41,704.85,1,-1,-1,-1
137,3,724.67,508.59,817.41,719.23,1,-1,-1,-1
137,2,348.25,523.01,425.52,704.49,1,-1,-1,-1
138,3,724.52,508.54,817.31,718.96,1,-1,-1,-1
138,2,348.24,523.77,425.15,704.40,1,-1,-1,-1
139,3,718.92,505.93,814.26,721.50,1,-1,-1,-1
139,2,348.30,524.05,425.09,704.42,1,-1,-1,-1
140,3,717.10,505.62,812.86,721.82,1,-1,-1,-1
140,2,348.37,524.13,425.14,704.47,1,-1,-1,-1
141,3,716.37,506.20,811.75,721.28,1,-1,-1,-1
141,2,348.56,524.15,425.10,703.86,1,-1,-1,-1
142,3,716.23,506.46,811.26,720.42,1,-1,-1,-1
142,2,348.28,524.15,424.87,703.67,1,-1,-1,-1
143,3,715.89,506.59,810.76,720.09,1,-1,-1,-1
143,2,347.89,523.47,424.48,702.97,1,-1,-1,-1
144,3,715.88,507.32,809.85,718.66,1,-1,-1,-1
144,2,347.89,523.87,424.27,702.73,1,-1,-1,-1
145,3,716.02,508.28,809.42,718.12,1,-1,-1,-1
145,2,344.30,524.02,420.55,702.67,1,-1,-1,-1
146,3,712.63,508.00,806.12,717.93,1,-1,-1,-1
146,2,342.65,523.40,419.52,703.34,1,-1,-1,-1
147,3,711.21,508.56,804.42,717.87,1,-1,-1,-1
147,2,341.93,522.50,419.33,703.61,1,-1,-1,-1
148,3,710.21,508.12,803.66,717.86,1,-1,-1,-1
148,2,341.65,522.82,418.69,703.07,1,-1,-1,-1
149,3,710.46,509.29,802.82,716.55,1,-1,-1,-1
149,2,341.37,522.28,418.71,702.88,1,-1,-1,-1
150,3,710.94,510.40,802.21,715.39,1,-1,-1,-1
150,2,341.02,521.42,419.04,703.49,1,-1,-1,-1
151,3,711.43,511.49,801.74,714.31,1,-1,-1,-1
151,2,340.90,521.10,419.22,703.73,1,-1,-1,-1
152,3,711.00,511.22,801.57,714.59,1,-1,-1,-1
152,2,340.49,520.98,419.05,703.83,1,-1,-1,-1
153,3,710.73,510.46,801.67,714.72,1,-1,-1,-1
153,2,340.32,520.94,419.05,703.88,1,-1,-1,-1
153,1,1310.93,520.00,1396.04,726.00,1,-1,-1,-1
154,3,710.66,510.16,801.73,714.78,1,-1,-1,-1
154,2,340.25,520.93,419.11,703.90,1,-1,-1,-1
154,1,1311.45,520.00,1396.80,725.91,1,-1,-1,-1
155,3,711.29,510.71,801.80,714.15,1,-1,-1,-1
155,2,339.93,520.93,418.81,703.92,1,-1,-1,-1
155,1,1311.51,518.63,1397.79,726.58,1,-1,-1,-1
156,3,711.55,510.92,801.84,713.93,1,-1,-1,-1
156,2,339.95,520.94,418.60,703.27,1,-1,-1,-1
156,1,1311.28,517.44,1398.33,727.52,1,-1,-1,-1
157,3,711.04,510.34,801.84,714.52,1,-1,-1,-1
157,2,340.09,521.61,418.44,703.03,1,-1,-1,-1
157,1,1316.14,519.04,1401.64,725.16,1,-1,-1,-1
158,3,710.61,509.45,802.10,715.42,1,-1,-1,-1
158,2,336.78,522.52,414.48,702.28,1,-1,-1,-1
158,1,1317.38,518.98,1402.69,724.28,1,-1,-1,-1
159,3,710.61,509.12,802.06,715.10,1,-1,-1,-1
159,2,335.79,523.53,412.78,701.35,1,-1,-1,-1
159,1,1318.28,518.96,1403.21,723.29,1,-1,-1,-1
160,3,710.76,509.66,801.92,714.99,1,-1,-1,-1
160,2,335.16,523.24,412.47,701.67,1,-1,-1,-1
160,1,1319.50,518.88,1404.27,722.83,1,-1,-1,-1
161,3,711.21,509.87,802.17,714.95,1,-1,-1,-1
161,2,334.43,522.47,412.23,701.80,1,-1,-1,-1
162,3,711.54,509.95,802.12,714.28,1,-1,-1,-1
162,2,333.39,518.86,412.32,701.20,1,-1,-1,-1
163,3,711.08,508.65,802.69,715.36,1,-1,-1,-1
163,2,332.94,516.85,412.45,700.98,1,-1,-1,-1
164,3,710.80,507.51,803.03,715.77,1,-1,-1,-1
164,2,332.48,516.10,412.20,700.91,1,-1,-1,-1
165,3,710.59,507.09,803.28,716.58,1,-1,-1,-1
165,2,332.19,516.50,411.60,700.89,1,-1,-1,-1
166,3,710.66,506.93,803.22,716.23,1,-1,-1,-1
166,2,332.39,517.33,411.12,700.23,1,-1,-1,-1
167,3,711.81,506.23,802.75,712.14,1,-1,-1,-1
167,2,328.20,515.68,407.97,701.32,1,-1,-1,-1
168,3,712.56,505.97,802.92,710.58,1,-1,-1,-1
168,2,326.08,513.76,406.73,701.73,1,-1,-1,-1
169,3,716.79,506.55,806.34,709.36,1,-1,-1,-1
169,2,325.58,513.70,406.02,701.23,1,-1,-1,-1
170,3,718.38,506.78,807.61,708.92,1,-1,-1,-1
170,2,325.56,513.70,405.66,700.39,1,-1,-1,-1
171,3,719.09,506.87,807.94,708.11,1,-1,-1,-1
171,2,325.47,513.07,405.68,700.07,1,-1,-1,-1
172,3,719.19,506.25,808.18,707.83,1,-1,-1,-1
172,2,325.47,512.84,405.71,699.96,1,-1,-1,-1
173,3,719.59,506.02,808.54,707.75,1,-1,-1,-1
173,2,325.25,512.78,405.34,699.26,1,-1,-1,-1
174,3,720.00,506.60,808.37,707.08,1,-1,-1,-1
174,2,325.75,514.10,404.67,697.69,1,-1,-1,-1
175,3,720.14,506.83,808.29,706.85,1,-1,-1,-1
175,2,325.94,514.61,404.47,697.10,1,-1,-1,-1
176,3,720.30,505.59,808.78,706.78,1,-1,-1,-1
176,2,325.87,511.50,404.58,694.90,1,-1,-1,-1
177,3,720.39,505.13,808.90,706.77,1,-1,-1,-1
177,2,325.91,510.34,404.59,694.10,1,-1,-1,-1
178,3,720.46,504.97,808.88,706.79,1,-1,-1,-1
178,2,325.99,509.92,404.56,693.82,1,-1,-1,-1
179,3,720.51,504.91,808.82,706.81,1,-1,-1,-1
179,2,326.08,509.79,404.52,693.74,1,-1,-1,-1
180,3,720.21,504.24,809.10,707.49,1,-1,-1,-1
180,2,326.21,509.09,405.10,694.39,1,-1,-1,-1
181,3,720.44,504.65,808.84,707.10,1,-1,-1,-1
181,2,326.43,508.85,405.17,693.99,1,-1,-1,-1
181,1,1356.66,496.12,1450.14,717.97,1,-1,-1,-1
182,3,727.09,511.43,809.43,700.34,1,-1,-1,-1
182,2,326.04,508.12,405.03,693.86,1,-1,-1,-1
182,1,1357.28,495.02,1451.63,717.91,1,-1,-1,-1
183,3,730.17,514.04,809.78,697.09,1,-1,-1,-1
183,2,325.90,507.86,404.98,693.83,1,-1,-1,-1
183,1,1356.68,493.33,1452.27,718.55,1,-1,-1,-1
184,3,731.54,515.63,809.59,695.28,1,-1,-1,-1
184,2,326.22,508.45,404.60,692.51,1,-1,-1,-1
184,1,1360.63,491.42,1457.38,719.45,1,-1,-1,-1
185,3,731.42,512.13,810.09,693.32,1,-1,-1,-1
185,2,326.57,508.69,404.26,690.69,1,-1,-1,-1
185,1,1360.60,484.17,1460.74,720.46,1,-1,-1,-1
186,3,731.38,510.16,810.88,693.32,1,-1,-1,-1
186,2,326.53,508.13,404.30,690.03,1,-1,-1,-1
186,1,1360.68,481.46,1461.81,720.19,1,-1,-1,-1
187,3,730.94,508.09,810.90,692.70,1,-1,-1,-1
187,2,325.34,501.30,406.17,690.47,1,-1,-1,-1
187,1,1361.88,481.79,1462.20,718.78,1,-1,-1,-1
188,3,730.19,505.32,811.44,693.18,1,-1,-1,-1
188,2,323.74,495.52,407.38,691.30,1,-1,-1,-1
188,1,1362.76,482.00,1461.78,716.26,1,-1,-1,-1
189,3,727.47,495.06,814.05,695.37,1,-1,-1,-1
189,2,323.24,493.33,407.73,690.98,1,-1,-1,-1
189,1,1367.11,482.80,1464.73,713.99,1,-1,-1,-1
190,3,726.55,490.60,814.91,695.57,1,-1,-1,-1
190,2,323.47,490.59,406.80,685.65,1,-1,-1,-1
190,1,1367.83,477.21,1467.30,713.15,1,-1,-1,-1
191,3,726.93,490.85,814.47,694.37,1,-1,-1,-1
191,2,323.71,489.60,406.31,682.96,1,-1,-1,-1
191,1,1373.94,477.78,1471.49,709.57,1,-1,-1,-1
192,3,727.75,491.03,814.26,692.61,1,-1,-1,-1
192,2,319.89,487.98,402.77,681.97,1,-1,-1,-1
192,1,1376.65,477.42,1473.25,707.56,1,-1,-1,-1
193,3,727.85,491.17,813.70,691.31,1,-1,-1,-1
193,2,318.38,486.11,402.19,682.30,1,-1,-1,-1
193,1,1377.77,477.34,1473.64,706.18,1,-1,-1,-1
194,3,728.11,491.27,813.25,690.19,1,-1,-1,-1
194,2,317.46,485.46,401.69,682.45,1,-1,-1,-1
194,1,1379.51,478.69,1473.63,703.71,1,-1,-1,-1
195,3,721.70,482.11,812.30,693.09,1,-1,-1,-1
195,2,317.00,484.62,401.66,682.55,1,-1,-1,-1
195,1,1384.35,477.25,1477.27,699.50,1,-1,-1,-1
196,3,719.37,478.74,811.91,693.54,1,-1,-1,-1
196,2,317.06,482.38,401.46,679.98,1,-1,-1,-1
196,1,1386.20,476.75,1478.42,697.31,1,-1,-1,-1
197,3,717.78,476.20,811.79,693.73,1,-1,-1,-1
197,2,316.64,480.93,401.20,679.03,1,-1,-1,-1
197,1,1386.86,475.94,1479.40,697.22,1,-1,-1,-1
198,3,724.23,483.11,812.51,687.31,1,-1,-1,-1
198,2,316.76,481.10,400.86,678.05,1,-1,-1,-1
198,1,1392.65,478.32,1482.68,693.27,1,-1,-1,-1
199,3,726.94,485.96,812.67,684.13,1,-1,-1,-1
199,2,316.82,481.23,400.75,677.71,1,-1,-1,-1
199,1,1395.22,479.94,1484.03,691.84,1,-1,-1,-1
200,3,728.29,487.05,813.03,683.00,1,-1,-1,-1
200,2,316.82,481.99,400.11,676.96,1,-1,-1,-1
200,1,1396.06,480.56,1484.47,691.38,1,-1,-1,-1
201,3,728.64,486.41,813.17,681.88,1,-1,-1,-1
201,2,590.46,486.96,673.28,680.68,1,-1,-1,-1
201,1,1396.14,480.13,1484.70,691.28,1,-1,-1,-1
202,2,692.55,488.20,775.79,682.77,1,-1,-1,-1
202,1,1400.15,481.30,1487.98,690.63,1,-1,-1,-1
203,2,458.11,486.03,539.81,676.96,1,-1,-1,-1
203,1,1401.94,481.75,1489.44,690.44,1,-1,-1,-1
204,3,727.71,485.84,814.43,686.07,1,-1,-1,-1
204,2,367.50,485.88,448.37,674.76,1,-1,-1,-1
204,1,1402.66,482.59,1489.78,690.42,1,-1,-1,-1
205,3,727.58,485.11,815.26,687.27,1,-1,-1,-1
205,2,333.77,486.51,413.88,673.30,1,-1,-1,-1
205,1,1407.72,486.23,1494.27,693.12,1,-1,-1,-1
206,3,727.51,484.86,815.58,687.68,1,-1,-1,-1
206,2,321.52,487.42,400.98,672.79,1,-1,-1,-1
206,1,1409.50,486.91,1496.59,695.50,1,-1,-1,-1
207,3,727.70,487.42,816.12,691.79,1,-1,-1,-1
207,2,312.44,488.44,393.26,676.63,1,-1,-1,-1
207,1,1410.25,487.81,1497.22,696.40,1,-1,-1,-1
208,3,733.63,493.66,817.69,688.75,1,-1,-1,-1
208,2,308.60,488.81,390.02,678.08,1,-1,-1,-1
208,1,1411.49,489.46,1497.65,696.09,1,-1,-1,-1
209,3,735.78,494.73,819.07,688.90,1,-1,-1,-1
209,2,307.38,489.62,388.51,677.98,1,-1,-1,-1
209,1,1415.74,490.05,1501.85,696.65,1,-1,-1,-1
210,3,736.68,494.44,820.09,689.63,1,-1,-1,-1
210,2,303.97,489.92,384.87,677.95,1,-1,-1,-1
210,1,1417.07,488.92,1504.20,698.18,1,-1,-1,-1
211,3,736.86,493.65,821.23,691.88,1,-1,-1,-1
211,2,302.83,490.03,383.84,678.61,1,-1,-1,-1
211,1,1421.89,487.82,1509.84,699.42,1,-1,-1,-1
212,3,735.84,490.04,822.70,694.70,1,-1,-1,-1
212,2,302.29,490.06,383.37,678.86,1,-1,-1,-1
212,1,1423.61,486.07,1512.59,700.54,1,-1,-1,-1
213,3,739.42,488.68,827.07,695.75,1,-1,-1,-1
213,2,302.02,490.07,383.03,678.95,1,-1,-1,-1
213,1,1428.05,485.39,1517.55,701.61,1,-1,-1,-1
214,3,740.42,486.84,829.74,698.10,1,-1,-1,-1
214,2,302.14,490.07,383.06,678.99,1,-1,-1,-1
214,1,1429.51,483.82,1520.14,703.32,1,-1,-1,-1
215,3,746.23,489.41,833.73,697.02,1,-1,-1,-1
215,2,302.00,490.06,382.94,679.00,1,-1,-1,-1
215,1,1429.49,481.92,1521.52,705.26,1,-1,-1,-1
216,3,748.14,488.45,836.84,699.20,1,-1,-1,-1
216,2,296.57,487.41,379.99,682.31,1,-1,-1,-1
216,1,1434.86,484.46,1524.98,703.37,1,-1,-1,-1
217,3,748.49,486.78,838.27,700.65,1,-1,-1,-1
217,2,295.02,487.07,378.60,682.24,1,-1,-1,-1
217,1,1436.58,484.14,1527.10,703.93,1,-1,-1,-1
218,3,753.41,487.46,842.41,699.87,1,-1,-1,-1
218,2,294.29,487.61,377.86,682.85,1,-1,-1,-1
218,1,1436.96,482.70,1528.66,705.44,1,-1,-1,-1
219,3,756.35,489.71,843.49,698.22,1,-1,-1,-1
219,2,293.55,487.16,377.65,683.73,1,-1,-1,-1
219,1,1439.04,488.72,1528.45,705.34,1,-1,-1,-1
220,3,766.09,505.82,842.41,688.94,1,-1,-1,-1
220,2,289.94,487.65,373.89,684.05,1,-1,-1,-1
220,1,1443.45,492.38,1531.18,704.61,1,-1,-1,-1
221,3,766.21,498.13,846.72,692.28,1,-1,-1,-1
221,2,288.21,487.19,372.38,684.15,1,-1,-1,-1
221,1,1444.91,492.39,1532.87,704.99,1,-1,-1,-1
222,3,766.76,496.27,847.69,692.05,1,-1,-1,-1
222,2,287.02,487.02,371.25,684.18,1,-1,-1,-1
222,1,1445.01,491.71,1533.78,705.78,1,-1,-1,-1
223,3,768.27,496.85,847.88,689.99,1,-1,-1,-1
223,2,286.80,486.96,370.80,683.52,1,-1,-1,-1
223,1,1449.87,492.08,1538.39,705.40,1,-1,-1,-1
224,3,773.33,499.06,850.62,687.21,1,-1,-1,-1
224,2,282.16,485.62,367.47,685.23,1,-1,-1,-1
224,1,1450.52,488.89,1541.81,708.56,1,-1,-1,-1
225,3,776.43,501.21,851.60,684.84,1,-1,-1,-1
225,2,280.49,485.12,366.30,685.87,1,-1,-1,-1
225,1,1456.59,490.96,1546.29,706.45,1,-1,-1,-1
226,3,778.08,502.66,851.97,683.33,1,-1,-1,-1
226,2,279.70,484.94,365.55,685.44,1,-1,-1,-1
226,1,1458.11,490.43,1548.62,707.59,1,-1,-1,-1
227,3,782.73,502.49,855.95,682.13,1,-1,-1,-1
227,2,279.42,485.54,364.77,684.60,1,-1,-1,-1
227,1,1464.37,493.52,1552.20,704.05,1,-1,-1,-1
228,3,784.54,503.06,857.17,681.73,1,-1,-1,-1
228,2,279.50,485.78,364.47,683.61,1,-1,-1,-1
228,1,1467.08,494.69,1554.33,703.35,1,-1,-1,-1
229,3,786.51,504.59,857.49,679.61,1,-1,-1,-1
229,2,279.54,486.54,363.85,682.57,1,-1,-1,-1
229,1,1473.05,497.76,1557.93,700.42,1,-1,-1,-1
230,3,791.44,505.79,861.29,678.19,1,-1,-1,-1
230,2,279.59,486.83,363.72,682.17,1,-1,-1,-1
230,1,1474.71,496.87,1560.27,700.68,1,-1,-1,-1
231,3,794.35,506.88,863.44,677.70,1,-1,-1,-1
231,2,280.03,486.94,364.04,682.03,1,-1,-1,-1
231,1,1479.54,496.52,1565.38,700.78,1,-1,-1,-1
232,3,795.58,507.92,863.89,676.90,1,-1,-1,-1
232,2,279.74,486.32,364.06,681.98,1,-1,-1,-1
232,1,1480.48,490.39,1569.26,701.50,1,-1,-1,-1
233,3,798.94,507.59,867.67,677.98,1,-1,-1,-1
233,2,279.67,486.09,364.13,681.96,1,-1,-1,-1
233,1,1485.43,489.41,1573.79,699.80,1,-1,-1,-1
234,3,800.74,508.11,869.02,677.75,1,-1,-1,-1
234,2,280.29,486.66,364.26,681.30,1,-1,-1,-1
234,1,1488.13,489.70,1575.78,698.50,1,-1,-1,-1
235,3,801.35,508.28,869.40,677.69,1,-1,-1,-1
235,2,280.68,486.88,364.23,680.39,1,-1,-1,-1
235,1,1494.81,492.47,1579.89,695.37,1,-1,-1,-1
236,3,801.86,508.98,869.09,676.36,1,-1,-1,-1
236,2,281.21,488.29,363.91,679.39,1,-1,-1,-1
236,1,1497.33,493.53,1581.16,693.54,1,-1,-1,-1
237,3,801.96,509.21,868.89,675.89,1,-1,-1,-1
237,2,282.02,489.49,363.91,678.36,1,-1,-1,-1
237,1,1498.30,493.24,1582.00,692.89,1,-1,-1,-1
238,3,802.49,509.27,869.52,675.74,1,-1,-1,-1
238,2,333.35,482.60,418.20,678.65,1,-1,-1,-1
238,1,1503.10,494.46,1585.62,691.35,1,-1,-1,-1
239,3,803.62,510.60,869.37,673.72,1,-1,-1,-1
239,2,352.16,480.06,438.20,678.77,1,-1,-1,-1
239,1,1504.98,493.58,1587.99,691.48,1,-1,-1,-1
240,3,804.62,512.42,868.61,670.97,1,-1,-1,-1
240,2,359.16,479.30,445.41,678.50,1,-1,-1,-1
240,1,1508.16,493.71,1590.77,690.68,1,-1,-1,-1
241,3,804.61,500.93,876.00,677.40,1,-1,-1,-1
241,2,365.05,477.35,453.13,680.38,1,-1,-1,-1
241,46,280.32,487.21,365.92,679.79,1,-1,-1,-1
242,3,805.31,496.89,879.19,679.02,1,-1,-1,-1
242,2,366.93,476.16,455.81,680.78,1,-1,-1,-1
242,46,279.57,486.17,366.46,681.59,1,-1,-1,-1
242,47,1267.58,484.65,1365.52,712.35,1,-1,-1,-1
243,3,805.25,494.65,880.68,680.33,1,-1,-1,-1
243,2,367.34,475.08,456.80,680.92,1,-1,-1,-1
243,46,279.41,482.21,367.29,679.95,1,-1,-1,-1
243,47,1269.17,483.51,1368.09,713.49,1,-1,-1,-1
244,3,804.34,492.52,881.37,681.48,1,-1,-1,-1
244,2,367.05,474.71,457.18,681.63,1,-1,-1,-1
244,46,279.54,480.89,367.39,678.64,1,-1,-1,-1
244,47,1267.12,478.56,1370.45,718.44,1,-1,-1,-1
245,3,803.99,491.74,881.53,681.27,1,-1,-1,-1
245,2,366.43,473.94,457.40,682.56,1,-1,-1,-1
245,46,279.61,480.51,367.40,678.16,1,-1,-1,-1
245,47,1268.67,478.26,1369.39,712.32,1,-1,-1,-1
246,3,804.35,492.14,881.66,680.53,1,-1,-1,-1
246,2,365.07,471.72,458.23,684.87,1,-1,-1,-1
246,46,279.01,479.75,367.34,678.68,1,-1,-1,-1
246,47,1267.68,475.45,1369.72,712.91,1,-1,-1,-1
247,3,804.39,491.68,881.71,679.57,1,-1,-1,-1
247,2,364.20,470.90,457.96,685.09,1,-1,-1,-1
247,46,278.94,479.53,367.16,678.20,1,-1,-1,-1
247,47,1268.39,475.89,1369.37,711.06,1,-1,-1,-1
248,3,806.70,487.61,887.23,682.49,1,-1,-1,-1
248,2,310.09,477.17,398.72,679.27,1,-1,-1,-1
248,46,278.70,478.47,367.34,678.08,1,-1,-1,-1
248,47,1272.87,474.79,1374.43,711.03,1,-1,-1,-1
249,3,806.91,484.81,889.92,684.88,1,-1,-1,-1
249,2,284.61,477.65,373.00,679.00,1,-1,-1,-1
249,47,1275.05,475.79,1375.69,709.68,1,-1,-1,-1
250,3,807.47,484.42,891.04,685.15,1,-1,-1,-1
250,2,275.16,477.83,363.41,678.91,1,-1,-1,-1
250,47,1276.33,474.66,1377.39,709.52,1,-1,-1,-1
251,3,808.85,486.28,890.85,682.62,1,-1,-1,-1
251,2,272.03,479.23,359.13,677.56,1,-1,-1,-1
252,3,806.38,477.82,893.01,684.92,1,-1,-1,-1
252,2,271.39,480.43,356.79,675.07,1,-1,-1,-1
253,3,812.78,485.66,894.83,681.26,1,-1,-1,-1
253,2,321.88,472.18,411.28,676.83,1,-1,-1,-1
254,3,814.98,487.61,896.47,681.09,1,-1,-1,-1
254,2,340.38,469.83,430.44,676.82,1,-1,-1,-1
254,46,265.51,476.75,354.83,677.97,1,-1,-1,-1
255,3,814.85,486.36,897.92,683.02,1,-1,-1,-1
255,2,344.48,470.92,432.94,674.87,1,-1,-1,-1
255,1,1550.96,502.92,1625.18,679.99,1,-1,-1,-1
255,46,264.67,477.42,353.34,677.27,1,-1,-1,-1
256,3,814.17,483.94,899.67,685.71,1,-1,-1,-1
256,2,348.09,470.17,436.67,674.39,1,-1,-1,-1
256,1,1551.73,502.43,1626.57,681.19,1,-1,-1,-1
256,46,264.52,478.30,352.72,677.05,1,-1,-1,-1
257,3,812.48,479.13,902.33,690.63,1,-1,-1,-1
257,2,284.65,477.66,370.98,676.32,1,-1,-1,-1
257,1,1551.97,501.62,1627.77,682.89,1,-1,-1,-1
257,46,263.41,477.94,351.70,676.90,1,-1,-1,-1
258,3,810.74,475.38,904.38,695.08,1,-1,-1,-1
258,2,270.05,479.29,356.34,677.40,1,-1,-1,-1
258,1,1555.50,500.64,1632.57,684.87,1,-1,-1,-1
259,3,808.34,470.74,906.17,699.35,1,-1,-1,-1
259,2,261.36,479.86,347.68,678.44,1,-1,-1,-1
259,1,1556.05,498.94,1634.99,687.61,1,-1,-1,-1
260,3,813.13,472.18,910.06,697.78,1,-1,-1,-1
260,2,258.28,481.38,343.31,676.84,1,-1,-1,-1
260,1,1556.67,498.29,1635.97,687.98,1,-1,-1,-1
260,46,328.35,478.76,416.39,677.83,1,-1,-1,-1
261,3,814.12,470.89,912.42,699.03,1,-1,-1,-1
261,2,252.57,481.27,337.99,677.56,1,-1,-1,-1
261,1,1561.12,498.71,1639.85,686.79,1,-1,-1,-1
261,46,336.25,480.25,423.17,677.26,1,-1,-1,-1
262,3,820.45,473.69,916.39,695.56,1,-1,-1,-1
262,2,249.98,480.56,336.16,678.50,1,-1,-1,-1
262,1,1563.70,500.20,1641.57,686.33,1,-1,-1,-1
262,46,338.34,479.42,425.98,678.40,1,-1,-1,-1
263,3,822.21,473.53,918.51,695.47,1,-1,-1,-1
263,2,249.38,481.60,334.80,677.53,1,-1,-1,-1
263,1,1566.08,500.28,1643.96,686.43,1,-1,-1,-1
263,46,337.97,478.45,426.52,679.48,1,-1,-1,-1
264,3,820.91,468.25,921.81,700.01,1,-1,-1,-1
264,2,249.45,481.98,334.39,676.50,1,-1,-1,-1
264,46,337.17,476.77,427.00,680.54,1,-1,-1,-1
265,3,820.91,466.94,923.14,701.05,1,-1,-1,-1
265,2,245.66,480.12,331.74,677.44,1,-1,-1,-1
265,46,336.09,474.83,427.62,682.25,1,-1,-1,-1
266,3,819.12,458.68,925.31,702.06,1,-1,-1,-1
266,2,244.01,479.41,330.57,677.80,1,-1,-1,-1
266,46,339.65,474.31,431.60,682.68,1,-1,-1,-1
267,3,824.75,460.71,928.12,697.91,1,-1,-1,-1
267,2,243.36,479.14,329.78,677.28,1,-1,-1,-1
268,3,826.63,460.98,929.44,696.86,1,-1,-1,-1
268,2,243.27,479.70,329.60,677.74,1,-1,-1,-1
268,4,688.38,587.00,724.40,658.00,1,-1,-1,-1
269,3,834.11,467.05,931.59,690.53,1,-1,-1,-1
269,2,243.64,479.25,330.03,677.25,1,-1,-1,-1
269,4,688.54,587.00,724.57,658.00,1,-1,-1,-1
270,3,836.21,467.45,933.69,690.76,1,-1,-1,-1
270,2,243.89,481.06,328.96,676.41,1,-1,-1,-1
270,49,1578.55,408.67,1777.32,847.30,1,-1,-1,-1
271,3,838.13,466.87,935.77,690.54,1,-1,-1,-1
271,2,244.38,482.41,328.38,675.43,1,-1,-1,-1
271,49,1567.08,394.89,1768.60,840.18,1,-1,-1,-1
272,2,245.19,487.57,327.71,676.40,1,-1,-1,-1
272,49,1558.57,391.51,1760.50,837.69,1,-1,-1,-1
273,2,245.23,489.48,327.90,678.11,1,-1,-1,-1
274,2,239.77,487.50,324.91,681.40,1,-1,-1,-1
275,3,849.99,472.26,948.22,696.36,1,-1,-1,-1
275,2,236.87,486.08,323.45,682.62,1,-1,-1,-1
276,3,850.04,472.12,949.49,698.31,1,-1,-1,-1
276,2,231.82,484.85,319.76,684.38,1,-1,-1,-1
277,3,850.12,472.73,949.89,698.95,1,-1,-1,-1
277,2,230.27,485.69,317.47,683.71,1,-1,-1,-1
278,3,852.02,472.89,951.98,699.52,1,-1,-1,-1
278,2,229.88,487.31,315.91,682.77,1,-1,-1,-1
279,2,229.05,487.92,314.86,683.05,1,-1,-1,-1
280,2,225.95,490.11,310.11,681.82,1,-1,-1,-1
280,51,854.89,475.54,954.24,696.22,1,-1,-1,-1
281,2,224.87,491.59,307.73,680.68,1,-1,-1,-1
281,51,863.67,482.90,960.18,697.51,1,-1,-1,-1
282,2,224.05,492.78,306.10,680.24,1,-1,-1,-1
282,51,866.69,481.45,962.27,694.19,1,-1,-1,-1
283,2,220.66,492.52,302.73,680.08,1,-1,-1,-1
283,51,874.15,489.54,964.78,691.67,1,-1,-1,-1
284,2,218.81,492.40,300.89,680.02,1,-1,-1,-1
284,51,876.92,491.47,966.40,691.58,1,-1,-1,-1
285,2,217.92,492.33,299.89,680.00,1,-1,-1,-1
285,51,874.91,485.67,969.58,697.93,1,-1,-1,-1
286,2,217.81,492.95,299.45,679.99,1,-1,-1,-1
286,51,880.09,487.65,972.76,696.09,1,-1,-1,-1
287,2,217.95,493.82,298.60,678.66,1,-1,-1,-1
287,51,882.95,489.69,973.39,694.00,1,-1,-1,-1
288,2,218.71,494.79,298.39,677.50,1,-1,-1,-1
288,51,892.59,501.27,972.90,683.70,1,-1,-1,-1
289,2,213.37,492.47,295.39,680.40,1,-1,-1,-1
289,51,896.43,506.17,972.71,680.59,1,-1,-1,-1
290,2,211.38,492.25,293.73,680.82,1,-1,-1,-1
290,51,899.17,509.81,972.37,678.21,1,-1,-1,-1
291,2,210.39,492.16,292.80,680.98,1,-1,-1,-1
291,51,901.40,516.50,971.42,678.16,1,-1,-1,-1
292,2,209.48,491.46,292.47,681.70,1,-1,-1,-1
292,51,907.71,522.87,972.96,674.06,1,-1,-1,-1
293,2,204.33,488.55,290.02,685.25,1,-1,-1,-1
293,51,910.97,526.31,973.60,672.01,1,-1,-1,-1
294,2,201.48,486.16,288.80,686.58,1,-1,-1,-1
294,51,911.26,525.92,974.43,673.49,1,-1,-1,-1
295,2,195.75,483.29,285.27,688.38,1,-1,-1,-1
295,51,909.75,521.58,976.19,677.46,1,-1,-1,-1
296,2,193.38,483.50,282.91,688.40,1,-1,-1,-1
296,51,909.11,515.98,976.83,675.59,1,-1,-1,-1
297,2,188.37,482.30,278.41,688.37,1,-1,-1,-1
297,51,912.13,511.77,981.61,676.24,1,-1,-1,-1
298,2,187.13,483.83,276.18,687.68,1,-1,-1,-1
298,51,910.34,512.78,978.31,674.53,1,-1,-1,-1
299,2,185.96,484.45,274.24,686.74,1,-1,-1,-1
299,51,912.08,513.41,979.45,673.74,1,-1,-1,-1
300,2,185.75,485.36,273.45,686.36,1,-1,-1,-1
301,2,180.56,483.73,269.19,686.87,1,-1,-1,-1
302,2,174.40,481.81,264.70,689.02,1,-1,-1,-1
303,2,171.65,481.10,262.26,689.18,1,-1,-1,-1
303,51,1373.47,488.44,1477.55,734.35,1,-1,-1,-1
304,2,170.32,481.50,260.51,688.56,1,-1,-1,-1
304,51,1417.06,486.54,1524.10,739.43,1,-1,-1,-1
305,2,164.25,479.04,256.39,690.28,1,-1,-1,-1
306,2,162.76,479.44,254.85,690.27,1,-1,-1,-1
307,2,157.76,477.65,251.05,690.90,1,-1,-1,-1
307,51,1051.55,495.13,1137.84,699.15,1,-1,-1,-1
308,2,156.87,479.61,248.78,689.16,1,-1,-1,-1
308,51,979.36,491.82,1066.05,696.56,1,-1,-1,-1
309,2,156.77,478.41,247.27,685.16,1,-1,-1,-1
309,51,964.51,489.53,1052.50,696.64,1,-1,-1,-1
310,2,156.39,477.31,246.59,683.65,1,-1,-1,-1
310,51,959.55,489.38,1047.32,695.32,1,-1,-1,-1
311,2,150.08,472.95,243.41,686.40,1,-1,-1,-1
311,51,955.44,484.09,1047.15,698.73,1,-1,-1,-1
312,2,142.89,469.38,238.71,688.74,1,-1,-1,-1
312,51,952.79,475.64,1048.69,699.33,1,-1,-1,-1
313,2,140.10,468.69,236.46,689.64,1,-1,-1,-1
313,51,952.63,475.01,1048.24,697.59,1,-1,-1,-1
314,2,138.66,468.48,234.88,689.32,1,-1,-1,-1
314,51,959.61,485.35,1048.65,692.91,1,-1,-1,-1
315,2,133.45,467.79,230.63,691.16,1,-1,-1,-1
315,51,960.52,481.44,1051.02,692.38,1,-1,-1,-1
316,2,132.25,470.83,227.11,689.23,1,-1,-1,-1
316,51,961.66,480.72,1051.65,690.87,1,-1,-1,-1
317,2,127.52,472.05,223.69,693.11,1,-1,-1,-1
317,51,967.37,483.14,1055.03,687.65,1,-1,-1,-1
318,2,126.26,472.53,220.11,688.63,1,-1,-1,-1
318,51,967.79,480.11,1057.87,689.76,1,-1,-1,-1
319,2,121.02,471.40,215.15,688.22,1,-1,-1,-1
319,51,968.45,479.67,1058.95,689.89,1,-1,-1,-1
320,2,118.76,470.99,212.49,686.74,1,-1,-1,-1
320,51,968.00,478.23,1059.89,691.26,1,-1,-1,-1
321,2,115.05,471.52,207.98,685.53,1,-1,-1,-1
321,51,978.30,481.01,1068.00,688.50,1,-1,-1,-1
322,2,114.00,473.06,205.51,683.75,1,-1,-1,-1
322,51,979.95,476.13,1073.93,692.75,1,-1,-1,-1
323,2,114.16,475.65,203.63,681.76,1,-1,-1,-1
323,51,984.20,474.36,1080.16,694.96,1,-1,-1,-1
324,2,113.57,475.95,202.50,681.04,1,-1,-1,-1
324,51,985.02,471.76,1083.84,698.42,1,-1,-1,-1
325,2,108.92,474.05,199.39,682.80,1,-1,-1,-1
325,51,984.40,468.21,1086.63,702.32,1,-1,-1,-1
326,2,107.00,473.35,197.92,683.46,1,-1,-1,-1
326,51,991.78,477.86,1088.95,700.57,1,-1,-1,-1
327,2,106.74,474.40,196.46,681.75,1,-1,-1,-1
327,51,992.98,477.14,1091.92,703.80,1,-1,-1,-1
328,2,106.94,476.13,195.17,680.45,1,-1,-1,-1
328,51,991.14,469.03,1094.52,704.96,1,-1,-1,-1
329,2,106.53,476.12,194.70,680.64,1,-1,-1,-1
329,51,1004.34,482.14,1098.91,698.26,1,-1,-1,-1
330,3,499.26,404.07,659.56,767.96,1,-1,-1,-1
330,2,102.54,475.44,191.21,681.40,1,-1,-1,-1
330,51,1008.96,485.49,1101.64,697.50,1,-1,-1,-1
331,3,488.23,400.30,655.03,778.98,1,-1,-1,-1
331,2,100.77,475.18,189.67,681.69,1,-1,-1,-1
331,51,1007.93,480.65,1105.11,702.58,1,-1,-1,-1
332,3,478.99,398.42,647.63,781.27,1,-1,-1,-1
332,2,93.93,471.77,186.17,685.79,1,-1,-1,-1
332,51,1005.01,469.10,1108.82,705.73,1,-1,-1,-1
333,2,91.74,471.15,184.61,686.66,1,-1,-1,-1
333,51,1010.20,473.04,1112.78,706.91,1,-1,-1,-1
334,2,90.69,472.24,183.12,686.99,1,-1,-1,-1
334,51,1011.83,473.39,1115.15,709.29,1,-1,-1,-1
335,2,86.52,471.35,179.92,689.08,1,-1,-1,-1
335,51,1014.27,472.68,1118.42,710.47,1,-1,-1,-1
336,2,85.07,471.68,178.09,689.20,1,-1,-1,-1
337,2,84.99,473.13,176.45,687.91,1,-1,-1,-1
338,2,84.75,474.35,174.91,686.74,1,-1,-1,-1
338,51,1040.80,484.10,1136.36,702.60,1,-1,-1,-1
339,2,78.66,468.84,173.20,692.26,1,-1,-1,-1
339,51,1045.80,492.71,1137.16,701.51,1,-1,-1,-1
340,2,76.62,467.46,171.80,692.99,1,-1,-1,-1
340,51,1051.75,495.39,1141.93,701.17,1,-1,-1,-1
341,2,76.03,468.25,169.94,691.29,1,-1,-1,-1
341,51,1053.62,495.63,1144.32,702.39,1,-1,-1,-1
342,2,70.89,465.95,166.41,692.58,1,-1,-1,-1
342,51,1053.65,494.33,1145.56,703.51,1,-1,-1,-1
343,2,63.54,463.14,161.49,695.01,1,-1,-1,-1
343,51,1053.77,493.13,1146.97,705.25,1,-1,-1,-1
344,2,289.93,432.80,421.38,742.13,1,-1,-1,-1
344,51,1058.96,495.95,1150.03,703.25,1,-1,-1,-1
345,3,409.92,419.89,562.58,764.14,1,-1,-1,-1
345,2,163.78,450.74,276.13,714.88,1,-1,-1,-1
345,51,1061.06,496.98,1151.43,702.46,1,-1,-1,-1
346,3,403.74,420.73,555.81,763.64,1,-1,-1,-1
346,2,94.31,459.51,197.15,701.29,1,-1,-1,-1
346,51,1067.91,500.67,1154.98,698.83,1,-1,-1,-1
347,3,406.37,441.04,539.73,743.09,1,-1,-1,-1
347,2,65.05,468.82,162.46,697.60,1,-1,-1,-1
347,51,1069.47,499.97,1157.01,699.49,1,-1,-1,-1
348,3,404.82,441.12,537.66,742.99,1,-1,-1,-1
348,2,53.96,472.89,148.98,696.22,1,-1,-1,-1
348,51,1069.87,498.35,1158.38,700.41,1,-1,-1,-1
349,3,403.52,439.78,537.08,744.33,1,-1,-1,-1
349,2,46.07,473.71,140.57,696.35,1,-1,-1,-1
349,51,1074.66,499.70,1161.99,698.77,1,-1,-1,-1
350,3,406.92,446.01,534.12,737.41,1,-1,-1,-1
350,2,42.86,474.67,136.54,695.70,1,-1,-1,-1
350,51,1077.41,501.51,1162.82,696.16,1,-1,-1,-1
351,3,395.19,439.91,527.31,743.93,1,-1,-1,-1
351,2,37.41,475.01,130.80,695.43,1,-1,-1,-1
351,51,1075.72,492.75,1165.58,697.88,1,-1,-1,-1
352,3,391.14,437.75,524.37,745.57,1,-1,-1,-1
352,2,35.67,475.80,127.88,693.31,1,-1,-1,-1
352,51,1082.71,500.67,1167.39,693.94,1,-1,-1,-1
353,3,378.30,433.53,515.68,751.58,1,-1,-1,-1
353,2,34.72,472.73,126.65,689.82,1,-1,-1,-1
353,4,732.73,595.00,766.26,662.00,1,-1,-1,-1
353,51,1085.55,499.77,1169.00,691.05,1,-1,-1,-1
354,3,371.22,436.55,505.82,748.58,1,-1,-1,-1
354,2,34.91,473.58,125.20,687.19,1,-1,-1,-1
354,4,733.31,595.11,766.81,662.05,1,-1,-1,-1
354,51,1094.42,512.14,1168.94,683.34,1,-1,-1,-1
355,3,364.18,437.03,498.23,748.09,1,-1,-1,-1
355,2,29.82,471.22,121.34,687.55,1,-1,-1,-1
355,4,733.26,595.87,766.10,661.18,1,-1,-1,-1
355,51,1097.99,516.81,1168.99,680.48,1,-1,-1,-1
356,3,349.64,466.46,469.87,746.59,1,-1,-1,-1
356,2,22.01,466.38,117.38,691.67,1,-1,-1,-1
356,4,733.74,596.11,766.39,661.06,1,-1,-1,-1
356,51,1099.06,517.64,1169.66,680.94,1,-1,-1,-1
357,3,341.63,467.33,461.62,747.42,1,-1,-1,-1
357,2,19.17,465.88,114.66,691.26,1,-1,-1,-1
357,4,726.73,593.54,761.69,662.66,1,-1,-1,-1
357,51,1099.44,517.19,1170.41,681.84,1,-1,-1,-1
358,3,324.63,456.10,454.43,759.18,1,-1,-1,-1
358,2,13.71,465.72,109.02,690.44,1,-1,-1,-1
358,4,724.48,591.71,760.43,662.96,1,-1,-1,-1
358,51,1098.58,514.93,1171.50,684.24,1,-1,-1,-1
359,3,318.05,446.21,452.47,759.50,1,-1,-1,-1
359,2,7.15,465.02,103.01,690.79,1,-1,-1,-1
359,4,723.47,591.06,759.55,663.05,1,-1,-1,-1
359,51,1102.33,513.39,1176.32,685.15,1,-1,-1,-1
360,3,311.89,439.65,446.90,754.36,1,-1,-1,-1
360,2,5.38,467.42,98.96,687.63,1,-1,-1,-1
360,4,722.35,590.51,758.81,663.25,1,-1,-1,-1
360,51,1102.99,510.11,1179.41,687.52,1,-1,-1,-1
361,3,306.80,439.06,439.61,749.03,1,-1,-1,-1
361,2,2.35,470.36,93.45,684.43,1,-1,-1,-1
361,4,718.36,586.07,756.00,661.53,1,-1,-1,-1
361,51,1102.49,506.89,1181.82,691.04,1,-1,-1,-1
362,3,291.16,450.11,422.06,755.58,1,-1,-1,-1
362,2,1.05,468.12,91.19,679.90,1,-1,-1,-1
362,4,717.11,585.01,754.85,660.49,1,-1,-1,-1
362,51,1103.42,496.55,1188.65,694.99,1,-1,-1,-1
363,3,286.20,470.21,405.87,750.07,1,-1,-1,-1
363,2,0.81,468.63,89.03,676.26,1,-1,-1,-1
363,4,715.89,583.99,753.95,660.11,1,-1,-1,-1
363,51,1104.48,493.89,1190.46,694.57,1,-1,-1,-1
364,3,277.18,471.66,397.68,754.10,1,-1,-1,-1
364,2,-3.61,467.49,84.80,676.29,1,-1,-1,-1
364,4,715.34,583.65,753.11,659.32,1,-1,-1,-1
364,51,1104.91,491.58,1191.60,694.38,1,-1,-1,-1
365,3,265.12,457.42,394.68,761.52,1,-1,-1,-1
365,2,-5.06,469.74,81.29,674.35,1,-1,-1,-1
365,4,714.94,583.55,752.43,659.02,1,-1,-1,-1
365,51,1104.83,489.43,1192.15,694.28,1,-1,-1,-1
366,3,259.19,458.67,386.27,757.09,1,-1,-1,-1
366,2,-9.69,467.92,77.65,675.69,1,-1,-1,-1
366,4,711.20,582.24,750.58,661.56,1,-1,-1,-1
366,51,1104.84,488.00,1192.81,694.88,1,-1,-1,-1
367,3,254.94,463.77,376.58,749.95,1,-1,-1,-1
367,2,-11.76,467.91,75.54,676.22,1,-1,-1,-1
367,4,709.83,581.76,749.89,662.51,1,-1,-1,-1
367,51,1104.40,486.85,1193.39,696.40,1,-1,-1,-1
368,3,249.96,468.35,367.73,745.20,1,-1,-1,-1
368,2,-16.31,471.23,70.83,679.77,1,-1,-1,-1
368,4,710.14,586.81,748.24,663.53,1,-1,-1,-1
368,51,1109.44,488.41,1197.39,696.32,1,-1,-1,-1
369,3,244.72,472.68,358.45,740.09,1,-1,-1,-1
369,2,-17.82,474.47,67.77,679.81,1,-1,-1,-1
369,4,709.68,588.85,747.65,665.26,1,-1,-1,-1
369,51,1110.20,485.79,1200.64,700.20,1,-1,-1,-1
370,3,237.39,474.59,349.76,738.82,1,-1,-1,-1
370,2,-23.95,473.01,63.81,683.84,1,-1,-1,-1
370,4,709.02,589.61,747.33,666.55,1,-1,-1,-1
370,51,541.10,475.12,647.84,728.21,1,-1,-1,-1
371,3,222.62,466.55,341.24,745.07,1,-1,-1,-1
371,2,-26.92,473.12,61.25,685.33,1,-1,-1,-1
371,4,708.52,589.23,747.54,667.67,1,-1,-1,-1
371,51,865.82,473.58,969.67,720.23,1,-1,-1,-1
372,3,215.91,467.76,330.42,736.86,1,-1,-1,-1
372,2,-33.29,471.17,56.56,687.86,1,-1,-1,-1
372,4,707.96,589.74,746.75,668.08,1,-1,-1,-1
372,51,1010.72,470.51,1115.17,719.05,1,-1,-1,-1
373,3,207.87,468.55,321.50,735.58,1,-1,-1,-1
373,2,-40.25,467.16,53.02,692.08,1,-1,-1,-1
373,4,707.50,590.60,746.12,668.22,1,-1,-1,-1
373,51,482.76,461.01,601.35,743.03,1,-1,-1,-1
374,3,193.21,460.38,312.56,741.18,1,-1,-1,-1
374,2,-43.11,466.28,50.80,693.02,1,-1,-1,-1
374,4,707.31,590.92,745.96,668.24,1,-1,-1,-1
374,51,843.12,459.29,958.59,734.08,1,-1,-1,-1
375,3,183.31,455.39,306.05,744.89,1,-1,-1,-1
375,2,-50.51,470.52,40.22,688.12,1,-1,-1,-1
375,4,707.86,595.00,745.35,670.22,1,-1,-1,-1
375,51,821.30,456.52,939.24,737.19,1,-1,-1,-1
376,3,174.39,454.66,297.41,744.83,1,-1,-1,-1
376,2,-51.68,474.86,35.47,682.84,1,-1,-1,-1
376,4,707.89,596.54,744.71,670.28,1,-1,-1,-1
376,51,325.89,447.89,452.77,750.66,1,-1,-1,-1
377,2,-52.32,476.46,33.61,680.85,1,-1,-1,-1
377,4,705.29,593.74,743.12,668.94,1,-1,-1,-1
377,51,203.64,450.66,328.33,748.43,1,-1,-1,-1
378,2,-51.99,477.03,33.31,679.47,1,-1,-1,-1
378,4,704.44,594.05,742.30,669.28,1,-1,-1,-1
378,51,147.18,445.37,276.44,753.91,1,-1,-1,-1
378,64,1115.05,477.52,1220.04,722.03,1,-1,-1,-1
379,2,-53.00,475.21,33.93,680.98,1,-1,-1,-1
379,4,703.72,592.52,742.07,668.36,1,-1,-1,-1
379,51,120.20,438.95,255.06,760.39,1,-1,-1,-1
379,64,1109.83,474.13,1217.82,725.91,1,-1,-1,-1
380,2,-53.79,473.86,34.78,682.88,1,-1,-1,-1
380,4,703.42,592.20,742.00,668.18,1,-1,-1,-1
380,51,109.48,442.24,241.47,756.46,1,-1,-1,-1
380,64,1106.22,468.68,1218.85,731.49,1,-1,-1,-1
381,2,-55.40,469.39,37.28,687.56,1,-1,-1,-1
381,4,704.62,597.38,740.69,668.12,1,-1,-1,-1
381,51,102.17,439.83,236.30,758.58,1,-1,-1,-1
381,64,1104.92,466.48,1219.63,734.15,1,-1,-1,-1
382,2,-57.82,469.01,35.23,688.05,1,-1,-1,-1
382,4,704.41,598.68,740.27,668.76,1,-1,-1,-1
382,51,94.68,435.76,232.28,762.53,1,-1,-1,-1
383,4,704.31,599.80,740.18,669.66,1,-1,-1,-1
383,51,87.38,431.69,229.18,767.83,1,-1,-1,-1
384,4,704.40,600.18,740.73,670.65,1,-1,-1,-1
384,51,83.11,433.41,224.05,767.22,1,-1,-1,-1
385,4,704.26,600.30,741.15,671.67,1,-1,-1,-1
385,51,84.15,437.48,221.93,762.92,1,-1,-1,-1
386,2,72.95,433.50,213.41,762.54,1,-1,-1,-1
386,4,704.05,599.66,741.49,672.04,1,-1,-1,-1
386,51,47.44,435.62,186.97,765.22,1,-1,-1,-1
387,2,82.21,433.03,225.55,766.77,1,-1,-1,-1
387,4,703.74,599.39,741.88,672.82,1,-1,-1,-1
387,51,886.04,481.78,986.69,720.05,1,-1,-1,-1
388,2,81.86,434.95,225.00,765.66,1,-1,-1,-1
388,4,703.44,598.62,742.23,673.10,1,-1,-1,-1
388,51,1097.46,500.92,1184.93,708.02,1,-1,-1,-1
389,2,74.45,427.59,221.53,764.30,1,-1,-1,-1
389,4,705.36,597.65,744.94,673.85,1,-1,-1,-1
389,51,1158.78,506.72,1242.23,704.10,1,-1,-1,-1
390,2,82.52,424.44,233.45,769.94,1,-1,-1,-1
390,4,706.12,596.63,746.61,674.77,1,-1,-1,-1
390,51,1175.51,506.96,1258.83,703.69,1,-1,-1,-1
391,2,57.10,428.54,202.76,760.22,1,-1,-1,-1
391,4,703.98,596.88,744.48,675.10,1,-1,-1,-1
391,51,1175.77,496.37,1265.92,708.57,1,-1,-1,-1
392,2,47.30,431.31,190.73,756.90,1,-1,-1,-1
392,4,703.59,597.63,743.86,675.21,1,-1,-1,-1
392,51,1181.40,500.68,1270.01,708.30,1,-1,-1,-1
393,2,36.95,426.44,184.64,761.56,1,-1,-1,-1
393,4,704.94,595.94,746.73,676.55,1,-1,-1,-1
393,51,1179.54,500.19,1269.68,711.03,1,-1,-1,-1
394,2,39.89,424.02,190.37,765.47,1,-1,-1,-1
394,4,705.46,595.95,747.79,677.69,1,-1,-1,-1
394,51,1183.35,503.30,1271.24,708.70,1,-1,-1,-1
395,2,25.50,444.72,156.45,742.48,1,-1,-1,-1
395,4,706.05,595.31,749.11,678.76,1,-1,-1,-1
395,51,1182.88,503.70,1270.62,708.56,1,-1,-1,-1
396,2,93.66,451.87,226.43,753.81,1,-1,-1,-1
396,4,706.32,598.31,748.92,681.09,1,-1,-1,-1
396,51,1181.17,501.77,1270.47,709.89,1,-1,-1,-1
397,2,102.26,452.41,235.89,756.31,1,-1,-1,-1
397,4,706.45,599.48,748.79,681.97,1,-1,-1,-1
397,51,1184.70,503.00,1273.17,709.07,1,-1,-1,-1
398,4,706.24,599.27,748.98,682.93,1,-1,-1,-1
398,51,1189.29,502.07,1278.79,710.13,1,-1,-1,-1
399,3,1.01,470.79,104.75,715.18,1,-1,-1,-1
399,4,705.11,593.95,750.75,683.92,1,-1,-1,-1
399,51,1189.64,499.70,1280.82,711.21,1,-1,-1,-1
400,3,-6.51,471.51,96.37,713.87,1,-1,-1,-1
400,2,8.94,467.28,120.30,722.39,1,-1,-1,-1
400,4,703.21,588.76,752.24,686.20,1,-1,-1,-1
400,51,1186.71,489.54,1283.34,713.61,1,-1,-1,-1
401,2,-1.38,474.21,102.52,713.55,1,-1,-1,-1
401,4,702.92,587.95,752.86,687.19,1,-1,-1,-1
401,51,1185.53,485.74,1284.32,714.51,1,-1,-1,-1
402,3,-48.30,480.08,41.63,691.54,1,-1,-1,-1
402,2,-14.59,473.40,88.75,712.43,1,-1,-1,-1
402,51,1184.18,483.62,1284.30,714.86,1,-1,-1,-1
403,3,-59.11,481.69,28.54,687.79,1,-1,-1,-1
403,2,-17.72,476.49,81.61,707.32,1,-1,-1,-1
403,51,1181.99,476.32,1284.92,714.34,1,-1,-1,-1
404,2,-21.90,480.27,73.78,703.51,1,-1,-1,-1
404,51,1186.26,480.70,1287.12,713.49,1,-1,-1,-1
405,2,-46.17,477.38,48.14,696.76,1,-1,-1,-1
405,51,1187.51,481.84,1287.96,713.16,1,-1,-1,-1
406,2,-53.95,479.00,38.20,693.35,1,-1,-1,-1
406,51,1185.98,475.72,1288.92,713.03,1,-1,-1,-1
407,51,1185.83,474.10,1289.04,712.34,1,-1,-1,-1
408,51,1185.75,473.54,1289.09,712.07,1,-1,-1,-1
409,51,1186.20,474.03,1288.72,710.66,1,-1,-1,-1
410,51,1190.95,479.55,1292.04,712.11,1,-1,-1,-1
411,2,542.34,423.16,705.85,803.71,1,-1,-1,-1
411,51,1192.03,477.04,1293.52,710.68,1,-1,-1,-1
412,2,597.42,418.45,766.90,812.90,1,-1,-1,-1
412,51,1192.68,476.13,1294.12,709.49,1,-1,-1,-1
413,51,1197.03,477.13,1297.76,708.39,1,-1,-1,-1
414,51,1198.94,477.53,1299.14,707.32,1,-1,-1,-1
415,51,1205.51,481.02,1302.73,703.63,1,-1,-1,-1
416,51,1211.46,480.34,1308.92,702.92,1,-1,-1,-1
417,51,1213.81,480.10,1311.40,702.69,1,-1,-1,-1
418,51,1213.10,472.70,1314.23,702.64,1,-1,-1,-1
419,51,1213.13,470.61,1314.77,700.67,1,-1,-1,-1
420,51,1212.62,467.87,1315.79,700.61,1,-1,-1,-1
421,51,1217.59,458.99,1328.52,708.49,1,-1,-1,-1
422,51,1226.44,461.46,1335.15,705.68,1,-1,-1,-1
423,51,1230.40,463.24,1337.62,703.88,1,-1,-1,-1
424,51,1238.66,470.58,1339.41,697.26,1,-1,-1,-1
425,51,1242.29,474.12,1339.82,694.08,1,-1,-1,-1
426,51,1243.67,475.41,1340.27,693.63,1,-1,-1,-1
427,51,1250.67,481.23,1342.38,688.83,1,-1,-1,-1
428,51,1253.12,482.72,1342.95,686.41,1,-1,-1,-1
429,51,1253.29,481.87,1343.60,686.95,1,-1,-1,-1
430,51,1252.65,480.19,1344.32,688.53,1,-1,-1,-1
431,51,1251.89,477.56,1345.57,690.49,1,-1,-1,-1
432,51,1250.50,470.62,1346.96,690.60,1,-1,-1,-1
433,51,1256.28,473.88,1348.87,685.44,1,-1,-1,-1
434,2,358.59,377.65,538.50,795.73,1,-1,-1,-1
434,51,1258.50,474.53,1350.08,684.12,1,-1,-1,-1
435,2,327.01,384.12,499.87,785.96,1,-1,-1,-1
435,51,1259.04,474.11,1350.64,683.67,1,-1,-1,-1
436,2,310.44,386.64,480.26,782.52,1,-1,-1,-1
436,51,1259.41,474.63,1350.54,682.88,1,-1,-1,-1
437,2,298.73,393.84,461.35,774.43,1,-1,-1,-1
437,51,1259.46,474.17,1351.08,683.29,1,-1,-1,-1
438,2,290.04,396.44,450.58,772.39,1,-1,-1,-1
438,51,1269.15,475.98,1358.70,680.83,1,-1,-1,-1
439,2,283.35,397.98,442.86,771.13,1,-1,-1,-1
439,51,1272.81,476.01,1362.10,680.60,1,-1,-1,-1
440,2,270.68,399.49,428.32,768.24,1,-1,-1,-1
440,51,1273.40,474.69,1363.96,682.55,1,-1,-1,-1
441,51,1273.61,473.54,1365.16,683.96,1,-1,-1,-1
442,2,250.44,406.44,408.50,776.05,1,-1,-1,-1
442,4,704.04,577.91,741.06,651.30,1,-1,-1,-1
442,51,1273.04,475.74,1365.43,687.81,1,-1,-1,-1
443,2,238.75,410.22,394.44,773.60,1,-1,-1,-1
443,4,703.18,577.98,740.00,650.87,1,-1,-1,-1
443,51,1272.46,476.58,1365.73,690.60,1,-1,-1,-1
444,2,224.52,408.09,382.06,775.49,1,-1,-1,-1
444,4,703.17,577.94,739.34,649.55,1,-1,-1,-1
444,51,1272.53,476.90,1366.06,691.65,1,-1,-1,-1
445,2,215.81,409.26,371.88,773.54,1,-1,-1,-1
445,4,702.56,577.11,740.30,652.42,1,-1,-1,-1
445,51,1276.29,475.70,1371.54,694.67,1,-1,-1,-1
446,2,211.15,416.32,361.23,767.49,1,-1,-1,-1
446,4,701.94,576.96,740.19,653.51,1,-1,-1,-1
446,51,1277.91,475.90,1373.30,695.79,1,-1,-1,-1
447,2,204.43,418.87,352.64,766.64,1,-1,-1,-1
447,4,701.33,576.92,739.87,653.89,1,-1,-1,-1
447,51,1279.27,477.29,1373.75,695.54,1,-1,-1,-1
448,2,198.87,421.06,344.73,764.36,1,-1,-1,-1
448,4,700.14,576.22,739.37,654.71,1,-1,-1,-1
448,51,1279.77,477.81,1373.78,695.41,1,-1,-1,-1
449,2,196.05,435.23,333.42,758.88,1,-1,-1,-1
449,4,698.12,580.72,736.06,656.35,1,-1,-1,-1
449,51,1279.83,477.35,1373.80,695.34,1,-1,-1,-1
450,2,183.39,434.20,322.86,762.42,1,-1,-1,-1
450,4,696.40,581.74,734.45,657.64,1,-1,-1,-1
450,51,1283.80,477.16,1377.64,695.29,1,-1,-1,-1
451,2,173.69,432.43,315.46,765.71,1,-1,-1,-1
451,4,694.99,581.42,734.04,659.43,1,-1,-1,-1
451,51,1285.71,477.75,1379.25,695.25,1,-1,-1,-1
452,2,159.49,427.00,306.11,771.63,1,-1,-1,-1
452,4,694.66,581.95,733.76,660.07,1,-1,-1,-1
452,51,1286.25,477.31,1379.89,695.22,1,-1,-1,-1
453,2,149.02,423.60,298.55,775.17,1,-1,-1,-1
453,4,694.16,581.47,733.43,660.28,1,-1,-1,-1
453,51,1286.42,477.13,1380.06,695.19,1,-1,-1,-1
454,2,140.67,422.89,290.97,776.52,1,-1,-1,-1
454,4,693.81,581.93,732.88,660.33,1,-1,-1,-1
454,51,1286.68,477.73,1379.80,694.51,1,-1,-1,-1
455,2,129.50,428.51,278.44,778.99,1,-1,-1,-1
455,4,693.04,581.43,732.71,660.98,1,-1,-1,-1
455,51,1289.81,475.30,1385.16,696.89,1,-1,-1,-1
456,2,111.50,415.38,269.08,786.53,1,-1,-1,-1
456,4,692.50,580.57,732.94,661.87,1,-1,-1,-1
456,51,1291.34,477.01,1388.04,701.04,1,-1,-1,-1
457,2,101.98,413.76,259.77,786.06,1,-1,-1,-1
457,4,692.34,580.24,733.03,662.18,1,-1,-1,-1
457,51,1296.51,480.30,1392.29,701.96,1,-1,-1,-1
458,2,94.80,414.44,251.39,785.16,1,-1,-1,-1
458,4,691.82,580.11,732.92,662.93,1,-1,-1,-1
458,51,1298.82,480.89,1394.77,702.94,1,-1,-1,-1
459,2,81.18,406.17,241.48,785.42,1,-1,-1,-1
459,4,691.65,580.05,732.89,663.19,1,-1,-1,-1
459,51,1299.74,481.76,1395.51,703.27,1,-1,-1,-1
460,2,71.09,401.77,234.17,786.79,1,-1,-1,-1
460,4,692.27,580.03,733.54,663.27,1,-1,-1,-1
460,51,1304.75,482.73,1400.22,703.37,1,-1,-1,-1
461,2,66.40,410.55,224.44,783.37,1,-1,-1,-1
461,4,692.68,580.68,733.66,663.28,1,-1,-1,-1
461,51,1306.70,482.42,1402.44,703.37,1,-1,-1,-1
462,2,65.59,413.37,219.38,776.01,1,-1,-1,-1
462,4,693.12,580.92,734.11,663.26,1,-1,-1,-1
462,51,1311.57,482.29,1407.57,703.35,1,-1,-1,-1
463,2,59.28,421.77,205.62,765.91,1,-1,-1,-1
463,4,693.65,581.01,734.60,663.23,1,-1,-1,-1
463,51,1318.23,482.88,1413.75,702.65,1,-1,-1,-1
464,2,54.45,431.01,193.04,756.74,1,-1,-1,-1
464,4,693.72,580.38,734.93,663.21,1,-1,-1,-1
464,51,1325.56,484.41,1419.68,701.04,1,-1,-1,-1
465,2,43.61,436.37,180.65,758.24,1,-1,-1,-1
465,4,694.55,580.14,735.57,662.53,1,-1,-1,-1
465,51,1328.29,482.98,1423.03,701.08,1,-1,-1,-1
466,2,36.35,440.92,170.78,756.14,1,-1,-1,-1
466,4,695.02,580.05,735.68,661.59,1,-1,-1,-1
466,51,1331.98,479.79,1429.30,703.74,1,-1,-1,-1
467,2,21.78,433.69,160.26,757.48,1,-1,-1,-1
467,4,695.84,580.67,735.73,660.57,1,-1,-1,-1
467,51,1333.67,477.93,1432.47,705.38,1,-1,-1,-1
468,2,13.12,435.01,149.71,754.69,1,-1,-1,-1
468,4,695.92,580.73,735.78,660.54,1,-1,-1,-1
468,51,1338.08,476.57,1438.17,706.64,1,-1,-1,-1
469,2,6.41,436.11,141.38,751.69,1,-1,-1,-1
469,51,1338.69,469.51,1441.82,706.45,1,-1,-1,-1
470,2,-3.05,440.49,127.97,745.95,1,-1,-1,-1
470,51,1342.90,465.55,1448.12,707.01,1,-1,-1,-1
471,2,-10.44,443.40,117.63,741.88,1,-1,-1,-1
471,51,1344.50,464.71,1450.32,707.20,1,-1,-1,-1
472,2,-17.63,444.40,109.67,740.48,1,-1,-1,-1
472,51,1350.32,470.31,1454.18,707.91,1,-1,-1,-1
473,2,-26.32,452.09,94.72,733.34,1,-1,-1,-1
473,4,701.84,580.07,741.38,659.09,1,-1,-1,-1
473,51,1353.35,473.85,1455.23,706.84,1,-1,-1,-1
474,2,-31.66,460.33,82.05,724.66,1,-1,-1,-1
474,4,702.26,580.01,741.83,658.98,1,-1,-1,-1
474,51,1354.00,474.55,1455.83,707.07,1,-1,-1,-1
475,2,-39.99,457.63,75.90,726.53,1,-1,-1,-1
475,4,702.52,580.66,741.86,658.95,1,-1,-1,-1
475,51,1359.43,476.79,1459.89,705.83,1,-1,-1,-1
476,2,-51.15,449.24,71.64,733.97,1,-1,-1,-1
476,4,702.57,580.24,742.55,659.60,1,-1,-1,-1
476,51,1361.35,476.98,1461.96,706.01,1,-1,-1,-1
477,2,-63.66,455.99,53.97,727.55,1,-1,-1,-1
477,4,702.42,580.08,742.95,660.51,1,-1,-1,-1
477,51,1366.80,477.71,1467.04,705.40,1,-1,-1,-1
478,2,-66.61,461.28,47.01,722.42,1,-1,-1,-1
478,4,702.33,580.02,743.09,660.86,1,-1,-1,-1
478,51,1368.51,478.64,1468.38,705.17,1,-1,-1,-1
479,2,-74.80,463.39,36.81,719.92,1,-1,-1,-1
479,4,702.28,580.00,743.13,660.98,1,-1,-1,-1
479,51,1373.63,478.98,1473.44,705.08,1,-1,-1,-1
479,76,1577.96,487.02,1668.50,702.00,1,-1,-1,-1
480,4,702.52,580.65,743.51,661.69,1,-1,-1,-1
480,51,1376.36,480.42,1474.93,703.72,1,-1,-1,-1
480,76,1577.13,500.04,1659.70,695.89,1,-1,-1,-1
481,4,702.29,580.90,743.30,661.95,1,-1,-1,-1
481,51,1381.40,480.95,1479.86,703.87,1,-1,-1,-1
481,76,1578.39,507.25,1656.20,691.62,1,-1,-1,-1
482,4,702.33,580.99,743.06,661.38,1,-1,-1,-1
482,51,1383.26,481.13,1481.47,703.26,1,-1,-1,-1
482,76,1578.23,509.91,1653.61,688.21,1,-1,-1,-1
483,4,702.33,581.02,742.97,661.16,1,-1,-1,-1
483,51,1382.77,478.53,1483.66,706.36,1,-1,-1,-1
483,76,1578.29,514.62,1650.43,685.28,1,-1,-1,-1
484,4,702.30,581.03,742.94,661.08,1,-1,-1,-1
484,51,1386.32,475.58,1489.75,708.83,1,-1,-1,-1
484,76,1568.25,496.81,1651.70,694.02,1,-1,-1,-1
485,4,702.42,581.69,742.79,661.04,1,-1,-1,-1
485,51,1392.20,475.76,1495.83,709.10,1,-1,-1,-1
485,76,1565.37,492.35,1651.88,696.47,1,-1,-1,-1
486,4,702.57,581.94,742.60,660.36,1,-1,-1,-1
486,51,1394.82,475.19,1498.86,709.19,1,-1,-1,-1
486,76,1563.33,491.92,1649.95,696.30,1,-1,-1,-1
487,4,702.45,581.36,742.71,660.11,1,-1,-1,-1
487,51,1400.74,475.64,1504.03,707.89,1,-1,-1,-1
488,4,702.52,581.14,742.62,659.35,1,-1,-1,-1
488,51,1402.35,470.53,1506.36,704.74,1,-1,-1,-1
489,4,702.67,581.17,742.68,659.21,1,-1,-1,-1
489,51,1403.63,469.94,1506.99,702.89,1,-1,-1,-1
490,51,1409.51,473.04,1509.47,698.89,1,-1,-1,-1
491,51,1411.59,473.59,1510.93,698.06,1,-1,-1,-1
492,51,1412.02,473.13,1511.58,697.78,1,-1,-1,-1
493,51,1417.75,475.62,1515.32,695.71,1,-1,-1,-1
494,51,1426.73,481.92,1519.01,690.28,1,-1,-1,-1
495,51,1429.97,483.59,1520.86,688.97,1,-1,-1,-1
496,51,1428.60,481.47,1523.83,696.63,1,-1,-1,-1
497,51,1432.73,481.34,1528.71,698.10,1,-1,-1,-1
498,51,1437.20,483.91,1528.75,690.76,1,-1,-1,-1
499,51,1441.79,482.85,1533.62,690.64,1,-1,-1,-1
500,51,1446.98,479.79,1540.99,692.62,1,-1,-1,-1
501,51,1453.04,478.64,1547.95,693.37,1,-1,-1,-1
502,51,1454.63,476.22,1551.70,695.65,1,-1,-1,-1
503,51,1454.64,473.34,1554.10,697.83,1,-1,-1,-1
504,51,1459.86,473.56,1558.68,696.71,1,-1,-1,-1
505,51,1461.14,472.36,1560.87,697.58,1,-1,-1,-1
506,51,1465.60,471.27,1566.01,697.91,1,-1,-1,-1
507,51,1467.07,469.56,1568.59,698.68,1,-1,-1,-1
508,51,1467.60,465.01,1570.00,697.01,1,-1,-1,-1
509,51,1468.17,463.95,1569.93,695.05,1,-1,-1,-1
510,51,1471.26,460.31,1575.33,696.93,1,-1,-1,-1
511,51,1472.25,458.32,1577.36,697.64,1,-1,-1,-1
512,51,1472.60,456.95,1578.60,698.57,1,-1,-1,-1
513,51,1476.60,456.48,1582.85,698.92,1,-1,-1,-1
514,51,1479.31,458.32,1584.40,698.39,1,-1,-1,-1
515,51,1479.81,457.76,1585.29,698.84,1,-1,-1,-1
516,51,1480.28,458.24,1585.18,698.34,1,-1,-1,-1
517,51,1502.55,470.33,1600.41,694.85,1,-1,-1,-1
517,76,1464.35,453.07,1570.81,701.97,1,-1,-1,-1
518,51,1511.10,475.71,1605.33,692.83,1,-1,-1,-1
518,76,1461.05,451.74,1568.18,702.19,1,-1,-1,-1
519,51,1515.29,478.97,1607.05,691.43,1,-1,-1,-1
519,76,1460.76,461.64,1560.77,694.39,1,-1,-1,-1
520,51,1520.76,480.79,1610.82,690.27,1,-1,-1,-1
520,76,1461.40,466.66,1557.89,691.18,1,-1,-1,-1
521,51,1523.15,482.75,1611.48,689.20,1,-1,-1,-1
521,76,1461.96,469.72,1556.00,688.07,1,-1,-1,-1
522,51,1525.39,484.08,1612.04,687.48,1,-1,-1,-1
522,76,1462.65,473.52,1553.70,684.94,1,-1,-1,-1
523,51,1529.36,482.49,1616.86,688.23,1,-1,-1,-1
523,76,1462.15,485.77,1545.67,679.09,1,-1,-1,-1
524,51,1530.93,480.53,1619.60,689.19,1,-1,-1,-1
524,76,1461.99,490.91,1542.30,676.33,1,-1,-1,-1
525,51,1534.67,477.78,1625.16,690.90,1,-1,-1,-1
525,76,1460.62,493.86,1538.74,674.22,1,-1,-1,-1
526,51,1536.29,476.06,1628.11,692.21,1,-1,-1,-1
527,51,1539.12,470.79,1635.29,697.32,1,-1,-1,-1
528,51,1540.43,468.16,1638.88,699.89,1,-1,-1,-1
529,51,1545.53,469.11,1643.84,700.22,1,-1,-1,-1
530,51,1547.50,469.50,1646.13,700.97,1,-1,-1,-1
531,51,1551.49,467.71,1652.02,703.20,1,-1,-1,-1
532,51,1552.73,467.04,1654.30,704.67,1,-1,-1,-1
533,51,1555.94,465.50,1661.97,713.05,1,-1,-1,-1
533,76,1433.42,483.65,1515.78,673.69,1,-1,-1,-1
534,51,1566.20,466.22,1673.73,716.19,1,-1,-1,-1
534,76,1431.85,482.64,1515.11,674.25,1,-1,-1,-1
535,51,1570.79,467.84,1678.11,716.71,1,-1,-1,-1
535,76,1430.04,478.98,1516.32,677.12,1,-1,-1,-1
536,51,1576.98,469.13,1683.54,716.17,1,-1,-1,-1
536,76,1427.51,478.65,1513.80,676.83,1,-1,-1,-1
537,51,1584.01,470.96,1689.79,715.91,1,-1,-1,-1
538,4,707.52,579.00,748.48,659.99,1,-1,-1,-1
538,51,1590.73,474.95,1696.34,719.05,1,-1,-1,-1
539,4,707.88,579.64,748.86,660.68,1,-1,-1,-1
539,51,1592.78,474.48,1700.25,722.16,1,-1,-1,-1
540,4,708.00,579.22,749.67,661.60,1,-1,-1,-1
540,51,1603.10,473.63,1708.91,717.39,1,-1,-1,-1
540,81,1418.44,475.84,1516.62,697.42,1,-1,-1,-1
541,4,708.11,579.18,749.93,661.84,1,-1,-1,-1
541,51,1607.39,472.63,1712.80,715.47,1,-1,-1,-1
541,81,1418.10,475.73,1516.59,698.00,1,-1,-1,-1
542,2,-57.57,448.00,42.55,680.00,1,-1,-1,-1
542,51,1612.36,470.26,1719.11,716.05,1,-1,-1,-1
542,81,1416.17,475.18,1515.91,700.28,1,-1,-1,-1
543,2,-56.82,448.81,42.28,678.74,1,-1,-1,-1
543,51,1617.81,467.40,1726.76,718.21,1,-1,-1,-1
544,2,-55.28,451.85,41.21,675.63,1,-1,-1,-1
544,4,714.31,579.90,755.43,661.16,1,-1,-1,-1
544,51,1619.62,465.67,1730.23,720.32,1,-1,-1,-1
545,2,-54.55,454.41,39.93,673.09,1,-1,-1,-1
545,4,715.28,579.98,756.49,661.07,1,-1,-1,-1
545,51,1624.72,465.02,1735.92,721.09,1,-1,-1,-1
546,2,-54.08,455.40,39.84,672.14,1,-1,-1,-1
546,4,715.44,579.34,757.01,661.05,1,-1,-1,-1
546,51,1628.31,467.42,1737.38,718.73,1,-1,-1,-1
547,2,-53.88,455.77,39.74,671.15,1,-1,-1,-1
547,4,716.15,579.32,757.77,661.10,1,-1,-1,-1
547,51,1633.80,469.03,1741.30,717.13,1,-1,-1,-1
548,2,-53.78,455.92,39.62,670.14,1,-1,-1,-1
548,51,1636.72,470.97,1742.21,714.51,1,-1,-1,-1
549,2,-53.94,455.32,39.73,669.78,1,-1,-1,-1
549,51,1641.21,469.70,1747.43,714.85,1,-1,-1,-1
550,2,-50.82,440.69,51.60,676.88,1,-1,-1,-1
550,51,1642.91,468.57,1750.36,716.29,1,-1,-1,-1
551,2,-48.72,435.30,56.29,678.86,1,-1,-1,-1
551,51,1646.61,466.17,1755.99,718.15,1,-1,-1,-1
552,2,-47.78,433.19,57.97,679.65,1,-1,-1,-1
552,51,1643.08,459.36,1754.23,714.91,1,-1,-1,-1
553,2,-43.61,432.43,61.82,679.32,1,-1,-1,-1
553,51,1641.44,455.47,1754.20,714.32,1,-1,-1,-1
554,2,-42.48,430.90,63.69,680.48,1,-1,-1,-1
554,51,1644.60,453.37,1758.65,714.74,1,-1,-1,-1
555,2,-42.45,429.72,64.69,682.21,1,-1,-1,-1
555,51,1645.66,452.62,1760.27,714.91,1,-1,-1,-1
556,2,-42.70,428.02,65.88,684.17,1,-1,-1,-1
556,51,1647.47,455.01,1759.91,712.35,1,-1,-1,-1
557,2,-43.33,425.48,67.42,686.85,1,-1,-1,-1
557,51,1653.35,459.30,1762.92,710.04,1,-1,-1,-1
558,2,-38.65,426.50,71.41,686.57,1,-1,-1,-1
558,51,1664.41,464.29,1773.63,714.52,1,-1,-1,-1
559,2,-35.87,428.28,72.54,684.46,1,-1,-1,-1
559,51,1667.99,464.16,1778.56,717.52,1,-1,-1,-1
560,2,-35.09,428.36,73.12,684.29,1,-1,-1,-1
560,51,1667.83,456.85,1781.66,717.31,1,-1,-1,-1
561,2,-35.39,427.11,73.82,685.53,1,-1,-1,-1
561,51,1666.32,450.83,1784.04,719.84,1,-1,-1,-1
562,2,-30.81,427.99,77.16,684.02,1,-1,-1,-1
562,51,1668.94,446.60,1789.97,722.74,1,-1,-1,-1
562,81,1357.59,496.67,1436.28,673.73,1,-1,-1,-1
563,2,-29.22,427.71,79.13,684.74,1,-1,-1,-1
563,51,1667.73,439.17,1794.89,729.03,1,-1,-1,-1
563,81,1349.85,493.90,1430.70,676.15,1,-1,-1,-1
564,2,-28.86,426.31,80.65,686.32,1,-1,-1,-1
564,51,1667.66,436.36,1796.87,730.78,1,-1,-1,-1
564,81,1346.39,494.45,1426.66,675.40,1,-1,-1,-1
565,2,-28.84,425.81,81.23,686.91,1,-1,-1,-1
565,51,1668.51,438.58,1795.85,728.83,1,-1,-1,-1
566,2,-28.87,425.00,82.02,687.78,1,-1,-1,-1
566,51,1667.93,437.58,1796.10,729.97,1,-1,-1,-1
567,2,-24.32,426.03,85.53,686.12,1,-1,-1,-1
567,51,1673.20,438.56,1800.33,729.06,1,-1,-1,-1
567,81,1323.59,482.23,1414.51,687.71,1,-1,-1,-1
568,2,-22.40,425.80,87.24,685.47,1,-1,-1,-1
568,51,1675.70,439.66,1801.93,728.67,1,-1,-1,-1
568,81,1322.20,482.96,1412.08,686.99,1,-1,-1,-1
569,2,-21.32,426.40,88.06,685.21,1,-1,-1,-1
569,51,1681.17,442.11,1805.71,727.83,1,-1,-1,-1
569,81,1322.64,485.94,1409.90,684.68,1,-1,-1,-1
570,2,-17.04,426.64,92.29,685.11,1,-1,-1,-1
570,51,1683.51,443.08,1807.34,727.48,1,-1,-1,-1
570,81,1323.78,489.12,1407.84,681.08,1,-1,-1,-1
571,2,-15.58,426.09,94.58,686.39,1,-1,-1,-1
571,51,1693.32,444.14,1816.65,727.33,1,-1,-1,-1
571,81,1325.61,493.70,1405.34,676.35,1,-1,-1,-1
572,2,-15.18,425.24,96.12,688.18,1,-1,-1,-1
572,51,1704.40,453.81,1822.48,725.27,1,-1,-1,-1
572,81,1321.50,492.68,1402.08,677.32,1,-1,-1,-1
573,2,-10.80,426.24,100.23,688.20,1,-1,-1,-1
573,51,1708.30,456.18,1825.33,725.14,1,-1,-1,-1
573,81,1320.91,494.97,1399.51,675.67,1,-1,-1,-1
574,2,-9.07,426.65,102.25,688.85,1,-1,-1,-1
574,51,1715.74,461.69,1828.77,721.75,1,-1,-1,-1
574,81,1321.06,498.52,1397.14,673.72,1,-1,-1,-1
575,2,-8.69,429.44,103.79,693.03,1,-1,-1,-1
575,4,693.39,573.02,734.93,656.02,1,-1,-1,-1
575,51,1718.49,463.71,1829.71,719.80,1,-1,-1,-1
575,81,1314.60,493.04,1395.61,679.79,1,-1,-1,-1
576,2,-8.26,431.17,104.60,694.60,1,-1,-1,-1
576,4,692.45,572.78,734.01,655.83,1,-1,-1,-1
576,51,1724.30,465.74,1834.35,719.10,1,-1,-1,-1
576,81,1311.54,491.08,1393.91,681.30,1,-1,-1,-1
577,2,-7.58,433.13,104.90,695.16,1,-1,-1,-1
577,51,1726.78,466.43,1836.09,718.19,1,-1,-1,-1
577,81,1304.13,485.07,1391.86,687.78,1,-1,-1,-1
578,2,-4.59,433.21,108.75,696.66,1,-1,-1,-1
578,51,1727.62,467.96,1835.83,717.20,1,-1,-1,-1
578,81,1302.28,486.02,1389.62,688.29,1,-1,-1,-1
579,2,-3.83,432.56,110.45,697.86,1,-1,-1,-1
579,51,1740.92,470.48,1850.56,722.22,1,-1,-1,-1
579,81,1297.35,485.79,1384.73,688.44,1,-1,-1,-1
580,2,-3.40,432.95,110.82,697.62,1,-1,-1,-1
580,51,1746.73,472.69,1856.19,723.42,1,-1,-1,-1
580,81,1297.17,494.23,1380.08,687.15,1,-1,-1,-1
581,2,-3.24,433.09,110.82,696.83,1,-1,-1,-1
581,51,1748.29,472.79,1858.53,724.54,1,-1,-1,-1
581,81,1293.30,498.20,1373.73,685.94,1,-1,-1,-1
582,2,-2.84,434.46,110.36,695.84,1,-1,-1,-1
582,51,1749.13,474.75,1858.15,723.62,1,-1,-1,-1
582,81,1286.81,498.97,1367.32,686.80,1,-1,-1,-1
583,2,-1.57,436.95,109.61,693.45,1,-1,-1,-1
583,51,1744.38,474.76,1854.02,724.59,1,-1,-1,-1
583,81,1278.09,495.25,1362.21,691.75,1,-1,-1,-1
584,2,0.01,440.53,108.12,689.87,1,-1,-1,-1
584,51,1746.88,479.36,1856.59,729.59,1,-1,-1,-1
584,81,1269.73,491.91,1356.50,694.88,1,-1,-1,-1
585,2,1.30,445.19,105.42,685.17,1,-1,-1,-1
585,51,1738.76,469.10,1858.43,742.06,1,-1,-1,-1
585,81,1267.74,495.15,1352.05,692.80,1,-1,-1,-1
586,2,1.20,445.52,104.91,684.80,1,-1,-1,-1
586,51,1741.89,471.09,1860.64,742.14,1,-1,-1,-1
586,81,1263.32,498.43,1345.13,690.59,1,-1,-1,-1
587,2,-1.73,446.93,100.86,684.02,1,-1,-1,-1
587,4,657.83,576.86,701.13,662.81,1,-1,-1,-1
587,51,1743.29,471.87,1861.13,741.40,1,-1,-1,-1
587,81,1257.68,500.31,1337.54,688.39,1,-1,-1,-1
588,2,-2.98,448.07,98.80,683.76,1,-1,-1,-1
588,4,655.24,577.08,698.65,663.24,1,-1,-1,-1
588,51,1739.11,470.84,1857.31,741.70,1,-1,-1,-1
588,81,1250.10,498.32,1331.21,689.55,1,-1,-1,-1
589,2,-3.17,449.12,97.75,683.02,1,-1,-1,-1
589,51,1738.95,473.71,1854.31,738.47,1,-1,-1,-1
589,81,1242.77,496.91,1325.11,691.29,1,-1,-1,-1
590,2,-2.80,454.13,96.25,684.12,1,-1,-1,-1
590,4,648.21,577.93,691.50,664.01,1,-1,-1,-1
590,51,1743.79,478.10,1856.08,736.51,1,-1,-1,-1
590,81,1237.59,497.07,1320.08,691.82,1,-1,-1,-1
591,2,-1.91,457.96,94.96,683.21,1,-1,-1,-1
591,4,645.45,578.18,688.82,664.43,1,-1,-1,-1
591,51,1745.04,477.72,1857.20,736.40,1,-1,-1,-1
592,2,-1.78,459.30,94.69,683.57,1,-1,-1,-1
592,4,642.07,578.88,684.52,663.39,1,-1,-1,-1
592,51,1745.30,477.55,1857.73,737.00,1,-1,-1,-1
593,2,-1.12,461.06,94.66,683.72,1,-1,-1,-1
593,4,639.24,579.19,681.67,663.66,1,-1,-1,-1
593,51,1749.32,475.46,1863.82,739.85,1,-1,-1,-1
594,2,-0.99,464.98,94.77,687.14,1,-1,-1,-1
594,4,635.39,579.10,678.08,663.98,1,-1,-1,-1
594,51,1750.10,472.69,1866.75,742.21,1,-1,-1,-1
595,2,-1.01,466.36,94.89,688.41,1,-1,-1,-1
595,4,632.45,579.36,675.15,664.26,1,-1,-1,-1
595,51,1751.10,472.93,1867.70,742.43,1,-1,-1,-1
596,2,1.92,461.47,99.33,686.89,1,-1,-1,-1
596,4,629.65,579.92,672.29,664.11,1,-1,-1,-1
596,51,1750.69,471.70,1868.05,743.12,1,-1,-1,-1
597,2,3.77,460.25,101.54,686.31,1,-1,-1,-1
597,4,628.26,580.07,670.48,663.43,1,-1,-1,-1
597,51,1750.45,469.26,1869.47,744.67,1,-1,-1,-1
598,2,4.54,459.74,102.27,685.43,1,-1,-1,-1
598,4,627.83,580.12,669.90,663.19,1,-1,-1,-1
598,51,1749.97,467.68,1869.65,744.57,1,-1,-1,-1
598,81,1185.42,495.13,1268.47,691.19,1,-1,-1,-1
599,2,9.56,464.15,107.05,688.41,1,-1,-1,-1
599,4,626.97,579.46,669.25,663.09,1,-1,-1,-1
599,51,1762.68,477.58,1873.76,734.65,1,-1,-1,-1
599,81,1184.21,501.95,1264.74,691.80,1,-1,-1,-1
